0   	176.445   	11.9917   	
1e-07   	176.813   	11.9648   	
2e-07   	176.873   	12.0325   	
3e-07   	176.588   	11.6665   	
4e-07   	177.014   	11.7037   	
5e-07   	177.834   	11.4255   	
6e-07   	178.189   	11.1857   	
7e-07   	178.135   	10.7405   	
8e-07   	178.396   	10.7502   	
9e-07   	178.71   	10.7605   	
1e-06   	178.734   	10.7024   	
1.1e-06   	178.762   	11.2454   	
1.2e-06   	178.939   	11.9563   	
1.3e-06   	178.94   	12.0262   	
1.4e-06   	178.973   	11.7448   	
1.5e-06   	179.128   	11.4668   	
1.6e-06   	179.675   	11.7317   	
1.7e-06   	180.609   	11.5997   	
1.8e-06   	180.465   	11.6375   	
1.9e-06   	180.312   	11.3899   	
2e-06   	180.129   	11.1355   	
2.1e-06   	180.25   	11.2765   	
2.2e-06   	180.388   	11.3822   	
2.3e-06   	180.758   	11.8607   	
2.4e-06   	180.479   	11.8303   	
2.5e-06   	180.338   	12.0766   	
2.6e-06   	180.571   	12.0669   	
2.7e-06   	180.433   	12.3983   	
2.8e-06   	180.696   	12.3546   	
2.9e-06   	180.622   	12.158   	
3e-06   	180.912   	12.5603   	
3.1e-06   	180.79   	12.2873   	
3.2e-06   	180.937   	12.4682   	
3.3e-06   	180.982   	12.1785   	
3.4e-06   	180.667   	11.8495   	
3.5e-06   	180.529   	11.7896   	
3.6e-06   	181.455   	12.054   	
3.7e-06   	181.519   	12.2775   	
3.8e-06   	181.731   	11.8946   	
3.9e-06   	181.798   	12.0856   	
4e-06   	181.887   	12.1246   	
4.1e-06   	181.998   	12.0566   	
4.2e-06   	181.987   	12.0194   	
4.3e-06   	182.211   	12.2096   	
4.4e-06   	181.822   	12.402   	
4.5e-06   	181.957   	12.932   	
4.6e-06   	182.266   	12.737   	
4.7e-06   	182.706   	12.6092   	
4.8e-06   	183.165   	12.3519   	
4.9e-06   	183.266   	12.4515   	
5e-06   	183.301   	12.8515   	
5.1e-06   	183.006   	12.4763   	
5.2e-06   	182.822   	13.1824   	
5.3e-06   	182.682   	12.9576   	
5.4e-06   	183.179   	12.6906   	
5.5e-06   	183.084   	13.0022   	
5.6e-06   	182.744   	13.1714   	
5.7e-06   	183.061   	13.4186   	
5.8e-06   	182.693   	13.2486   	
5.9e-06   	182.871   	13.3615   	
6e-06   	182.795   	12.9275   	
6.1e-06   	182.729   	12.6906   	
6.2e-06   	182.538   	12.8698   	
6.3e-06   	182.729   	12.7147   	
6.4e-06   	182.943   	12.7122   	
6.5e-06   	182.329   	12.3666   	
6.6e-06   	182.227   	12.3055   	
6.7e-06   	182.718   	12.297   	
6.8e-06   	183.277   	12.3922   	
6.9e-06   	183.355   	12.1012   	
7e-06   	183.26   	11.9839   	
7.1e-06   	183.314   	12.1691   	
7.2e-06   	183.378   	13.0486   	
7.3e-06   	183.517   	13.1452   	
7.4e-06   	183.619   	12.8528   	
7.5e-06   	183.58   	13.5014   	
7.6e-06   	183.909   	13.9177   	
7.7e-06   	184.128   	14.0712   	
7.8e-06   	184.416   	14.2483   	
7.9e-06   	185.147   	14.4012   	
8e-06   	185.357   	13.8866   	
8.1e-06   	184.978   	14.3303   	
8.2e-06   	184.906   	14.4384   	
8.3e-06   	184.779   	14.2091   	
8.4e-06   	184.584   	14.3635   	
8.5e-06   	185.432   	14.3454   	
8.6e-06   	185.492   	14.4547   	
8.7e-06   	184.999   	14.7936   	
8.8e-06   	184.998   	15.5067   	
8.9e-06   	185.304   	15.5826   	
9e-06   	185.338   	15.8788   	
9.1e-06   	185.45   	15.6673   	
9.2e-06   	185.299   	15.2663   	
9.3e-06   	185.348   	15.7902   	
9.4e-06   	185.61   	15.3587   	
9.5e-06   	185.997   	15.1349   	
9.6e-06   	185.847   	14.8119   	
9.7e-06   	185.451   	15.1564   	
9.8e-06   	185.92   	14.8237   	
9.9e-06   	186.544   	15.0165   	
1e-05   	186.764   	14.8013   	
1.01e-05   	186.614   	14.9137   	
1.02e-05   	186.978   	14.8655   	
1.03e-05   	187.285   	15.1987   	
1.04e-05   	187.208   	15.5275   	
1.05e-05   	187.142   	15.1986   	
1.06e-05   	187.394   	15.2048   	
1.07e-05   	187.249   	15.7466   	
1.08e-05   	187.615   	16.064   	
1.09e-05   	187.77   	16.4402   	
1.1e-05   	188.427   	16.6585   	
1.11e-05   	189.219   	16.4482   	
1.12e-05   	189.156   	16.4753   	
1.13e-05   	188.891   	17.2909   	
1.14e-05   	188.741   	17.1755   	
1.15e-05   	188.704   	16.9464   	
1.16e-05   	189.136   	16.8538   	
1.17e-05   	189.348   	17.1382   	
1.18e-05   	188.942   	17.8187   	
1.19e-05   	188.82   	18.1661   	
1.2e-05   	189.355   	18.0248   	
1.21e-05   	189.131   	18.3744   	
1.22e-05   	189.261   	18.381   	
1.23e-05   	189.339   	18.1819   	
1.24e-05   	189.41   	18.662   	
1.25e-05   	189.344   	18.5853   	
1.26e-05   	189.716   	18.3005   	
1.27e-05   	189.611   	18.0313   	
1.28e-05   	189.127   	18.1818   	
1.29e-05   	189.104   	17.7743   	
1.3e-05   	189.928   	17.7812   	
1.31e-05   	190.207   	17.9029   	
1.32e-05   	190.219   	18.293   	
1.33e-05   	190.36   	18.2771   	
1.34e-05   	190.562   	18.3886   	
1.35e-05   	190.623   	18.4076   	
1.36e-05   	190.616   	18.6681   	
1.37e-05   	190.875   	18.4696   	
1.38e-05   	190.529   	18.5723   	
1.39e-05   	190.729   	19.0097   	
1.4e-05   	191.016   	19.0538   	
1.41e-05   	191.638   	19.0613   	
1.42e-05   	192.23   	19.0904   	
1.43e-05   	192.459   	19.2731   	
1.44e-05   	192.151   	19.7036   	
1.45e-05   	191.868   	19.3559   	
1.46e-05   	192.008   	18.993   	
1.47e-05   	191.789   	18.9634   	
1.48e-05   	192.223   	18.4728   	
1.49e-05   	192.007   	18.9884   	
1.5e-05   	191.727   	19.0643   	
1.51e-05   	192.165   	19.2735   	
1.52e-05   	191.857   	19.3562   	
1.53e-05   	192.19   	19.6506   	
1.54e-05   	192.498   	19.5235   	
1.55e-05   	192.504   	19.5544   	
1.56e-05   	192.335   	19.5676   	
1.57e-05   	192.75   	20.0443   	
1.58e-05   	193.212   	19.92   	
1.59e-05   	192.841   	19.6943   	
1.6e-05   	192.888   	19.7089   	
1.61e-05   	193.518   	19.5764   	
1.62e-05   	194.054   	20.069   	
1.63e-05   	194.496   	19.9437   	
1.64e-05   	194.808   	20.0423   	
1.65e-05   	195.044   	20.1115   	
1.66e-05   	195.175   	20.4688   	
1.67e-05   	195.272   	19.8922   	
1.68e-05   	195.32   	19.9373   	
1.69e-05   	195.023   	19.2109   	
1.7e-05   	195.207   	19.4561   	
1.71e-05   	195.247   	19.6859   	
1.72e-05   	195.579   	19.6378   	
1.73e-05   	196.157   	19.6192   	
1.74e-05   	196.537   	19.7211   	
1.75e-05   	196.562   	20.1763   	
1.76e-05   	196.289   	20.4523   	
1.77e-05   	196.25   	19.9726   	
1.78e-05   	196.135   	20.1833   	
1.79e-05   	197.097   	19.5902   	
1.8e-05   	196.851   	19.5659   	
1.81e-05   	196.594   	20.3721   	
1.82e-05   	196.988   	20.4694   	
1.83e-05   	197.082   	20.2603   	
1.84e-05   	197.32   	20.6527   	
1.85e-05   	197.529   	20.8046   	
1.86e-05   	197.571   	20.9177   	
1.87e-05   	197.584   	20.6494   	
1.88e-05   	197.83   	20.701   	
1.89e-05   	198.146   	21.3667   	
1.9e-05   	197.915   	21.4036   	
1.91e-05   	197.886   	21.6936   	
1.92e-05   	198.362   	21.4255   	
1.93e-05   	198.987   	21.741   	
1.94e-05   	199.155   	21.5577   	
1.95e-05   	199.158   	21.9426   	
1.96e-05   	199.374   	21.6292   	
1.97e-05   	199.832   	22.0049   	
1.98e-05   	199.967   	21.668   	
1.99e-05   	200.028   	21.5839   	
2e-05   	200.265   	20.7889   	
2.01e-05   	200.076   	20.3537   	
2.02e-05   	200.52   	20.3441   	
2.03e-05   	200.733   	19.9485   	
2.04e-05   	201.071   	19.7864   	
2.05e-05   	201.74   	20.3982   	
2.06e-05   	201.787   	20.3921   	
2.07e-05   	201.586   	20.8515   	
2.08e-05   	201.586   	20.9385   	
2.09e-05   	201.751   	20.7379   	
2.1e-05   	202.412   	20.5631   	
2.11e-05   	202.565   	20.3173   	
2.12e-05   	202.262   	20.3514   	
2.13e-05   	202.272   	20.8359   	
2.14e-05   	202.619   	20.4486   	
2.15e-05   	202.824   	20.5566   	
2.16e-05   	203.162   	20.9426   	
2.17e-05   	203.319   	21.099   	
2.18e-05   	203.393   	21.4065   	
2.19e-05   	203.707   	21.393   	
2.2e-05   	204.206   	21.5749   	
2.21e-05   	204.238   	22.0472   	
2.22e-05   	204.07   	22.1501   	
2.23e-05   	204.434   	22.017   	
2.24e-05   	205.438   	21.8404   	
2.25e-05   	205.586   	22.0899   	
2.26e-05   	205.719   	22.5622   	
2.27e-05   	206.101   	22.2768   	
2.28e-05   	206.525   	22.1844   	
2.29e-05   	206.653   	22.3046   	
2.3e-05   	206.659   	22.0673   	
2.31e-05   	207.006   	21.5091   	
2.32e-05   	206.918   	20.9458   	
2.33e-05   	207.294   	20.6299   	
2.34e-05   	207.452   	20.8114   	
2.35e-05   	208.199   	20.3709   	
2.36e-05   	208.974   	20.4902   	
2.37e-05   	209.275   	20.4101   	
2.38e-05   	209.123   	21.0498   	
2.39e-05   	208.989   	21.2289   	
2.4e-05   	209.469   	21.241   	
2.41e-05   	209.565   	20.8279   	
2.42e-05   	210.161   	20.1067   	
2.43e-05   	210.004   	20.1223   	
2.44e-05   	209.973   	20.3375   	
2.45e-05   	210.445   	19.8625   	
2.46e-05   	210.311   	20.5226   	
2.47e-05   	210.967   	20.7449   	
2.48e-05   	211.257   	21.0131   	
2.49e-05   	211.441   	21.4593   	
2.5e-05   	211.331   	21.1362   	
2.51e-05   	212.048   	21.2328   	
2.52e-05   	212.42   	21.5335   	
2.53e-05   	212.187   	21.9569   	
2.54e-05   	212.577   	21.618   	
2.55e-05   	213.443   	22.1707   	
2.56e-05   	213.957   	21.9853   	
2.57e-05   	214.377   	21.958   	
2.58e-05   	214.66   	21.4348   	
2.59e-05   	214.704   	21.2481   	
2.6e-05   	214.961   	21.4856   	
2.61e-05   	215.296   	21.1128   	
2.62e-05   	215.503   	21.0187   	
2.63e-05   	215.486   	20.3333   	
2.64e-05   	215.868   	20.1042   	
2.65e-05   	216.287   	20.0032   	
2.66e-05   	216.887   	19.9802   	
2.67e-05   	217.687   	19.4944   	
2.68e-05   	218.311   	19.678   	
2.69e-05   	218.379   	19.8184   	
2.7e-05   	218.459   	19.7747   	
2.71e-05   	218.828   	20.0785   	
2.72e-05   	218.711   	19.833   	
2.73e-05   	219.446   	19.4286   	
2.74e-05   	219.672   	18.9557   	
2.75e-05   	219.531   	19.0251   	
2.76e-05   	220.045   	18.3668   	
2.77e-05   	219.992   	18.4425   	
2.78e-05   	220.528   	18.5674   	
2.79e-05   	220.755   	18.9088   	
2.8e-05   	220.892   	19.5618   	
2.81e-05   	221.221   	19.1925   	
2.82e-05   	221.573   	19.4198   	
2.83e-05   	222.275   	19.6924   	
2.84e-05   	222.158   	19.9755   	
2.85e-05   	222.426   	20.44   	
2.86e-05   	223.037   	20.5307   	
2.87e-05   	223.743   	20.5229   	
2.88e-05   	224.432   	20.3915   	
2.89e-05   	224.46   	19.771   	
2.9e-05   	224.804   	19.6227   	
2.91e-05   	225.452   	19.4967   	
2.92e-05   	225.682   	19.0609   	
2.93e-05   	225.897   	18.8349   	
2.94e-05   	226.153   	17.8453   	
2.95e-05   	226.369   	17.4177   	
2.96e-05   	226.905   	17.7648   	
2.97e-05   	227.289   	17.7984   	
2.98e-05   	227.876   	18.0755   	
2.99e-05   	228.833   	17.753   	
3e-05   	228.897   	17.6126   	
3.01e-05   	228.965   	17.5326   	
3.02e-05   	229.027   	17.7762   	
3.03e-05   	229.051   	17.8424   	
3.04e-05   	229.995   	17.6104   	
3.05e-05   	230.331   	17.1557   	
3.06e-05   	230.046   	16.8266   	
3.07e-05   	230.196   	16.8116   	
3.08e-05   	230.696   	16.7048   	
3.09e-05   	230.881   	16.6359   	
3.1e-05   	231.026   	17.034   	
3.11e-05   	231.429   	17.9515   	
3.12e-05   	231.54   	17.6765   	
3.13e-05   	231.937   	17.6318   	
3.14e-05   	232.416   	17.774   	
3.15e-05   	232.591   	18.3417   	
3.16e-05   	232.583   	18.5711   	
3.17e-05   	233.121   	18.6325   	
3.18e-05   	234.132   	18.8267   	
3.19e-05   	234.499   	18.7747   	
3.2e-05   	234.603   	18.7375   	
3.21e-05   	235.064   	18.1491   	
3.22e-05   	235.467   	17.8121   	
3.23e-05   	235.786   	17.8163   	
3.24e-05   	235.846   	17.3501   	
3.25e-05   	236.19   	17.2029   	
3.26e-05   	236.311   	16.9957   	
3.27e-05   	236.603   	17.0109   	
3.28e-05   	236.981   	17.1037   	
3.29e-05   	237.538   	17.075   	
3.3e-05   	238.607   	17.2018   	
3.31e-05   	238.759   	16.897   	
3.32e-05   	238.707   	16.7461   	
3.33e-05   	238.784   	16.952   	
3.34e-05   	239.072   	16.8662   	
3.35e-05   	239.279   	16.6266   	
3.36e-05   	239.926   	16.4568   	
3.37e-05   	239.8   	15.9814   	
3.38e-05   	239.782   	15.5294   	
3.39e-05   	240.12   	15.3429   	
3.4e-05   	240.063   	15.3737   	
3.41e-05   	240.569   	15.7283   	
3.42e-05   	240.709   	16.4002   	
3.43e-05   	241.044   	16.1701   	
3.44e-05   	241.077   	16.2792   	
3.45e-05   	241.564   	16.202   	
3.46e-05   	241.829   	16.5398   	
3.47e-05   	241.733   	17.1465   	
3.48e-05   	241.88   	17.1544   	
3.49e-05   	242.812   	17.8064   	
3.5e-05   	243.312   	17.8223   	
3.51e-05   	243.711   	17.7926   	
3.52e-05   	243.942   	17.1906   	
3.53e-05   	244.214   	17.0266   	
3.54e-05   	244.538   	16.9247   	
3.55e-05   	244.713   	16.798   	
3.56e-05   	245.101   	16.911   	
3.57e-05   	244.82   	16.5282   	
3.58e-05   	245.205   	16.5577   	
3.59e-05   	245.57   	17.0272   	
3.6e-05   	246.196   	17.155   	
3.61e-05   	246.996   	17.2019   	
3.62e-05   	247.418   	16.953   	
3.63e-05   	247.471   	17.0875   	
3.64e-05   	247.405   	16.8272   	
3.65e-05   	247.687   	17.0051   	
3.66e-05   	247.572   	16.9635   	
3.67e-05   	248.19   	17.0713   	
3.68e-05   	248.395   	16.6326   	
3.69e-05   	248.068   	16.039   	
3.7e-05   	248.593   	15.3469   	
3.71e-05   	248.363   	15.73   	
3.72e-05   	248.94   	15.9166   	
3.73e-05   	248.913   	16.1205   	
3.74e-05   	249.113   	16.1289   	
3.75e-05   	249.387   	15.9727   	
3.76e-05   	249.654   	15.9515   	
3.77e-05   	250.268   	16.103   	
3.78e-05   	249.942   	16.4023   	
3.79e-05   	250.143   	16.6861   	
3.8e-05   	250.699   	17.0395   	
3.81e-05   	251.426   	16.9918   	
3.82e-05   	251.912   	16.9746   	
3.83e-05   	251.874   	16.6969   	
3.84e-05   	252.235   	16.4742   	
3.85e-05   	252.648   	16.4575   	
3.86e-05   	252.749   	15.901   	
3.87e-05   	252.847   	16.4078   	
3.88e-05   	253.068   	16.1291   	
3.89e-05   	253.408   	16.3329   	
3.9e-05   	253.606   	16.4644   	
3.91e-05   	253.954   	16.5202   	
3.92e-05   	254.701   	16.7075   	
3.93e-05   	255.364   	16.6607   	
3.94e-05   	255.328   	16.4254   	
3.95e-05   	255.372   	16.1256   	
3.96e-05   	255.301   	16.4496   	
3.97e-05   	255.252   	16.2445   	
3.98e-05   	256.125   	16.8133   	
3.99e-05   	256.357   	16.6266   	
4e-05   	255.916   	16.2199   	
4.01e-05   	256.041   	15.7888   	
4.02e-05   	256.403   	16.2955   	
4.03e-05   	256.627   	15.9242   	
4.04e-05   	256.657   	16.1653   	
4.05e-05   	256.864   	16.5536   	
4.06e-05   	256.911   	16.2465   	
4.07e-05   	257.216   	16.3276   	
4.08e-05   	257.646   	16.2768   	
4.09e-05   	257.926   	16.4236   	
4.1e-05   	257.525   	16.3324   	
4.11e-05   	258.038   	16.5396   	
4.12e-05   	258.97   	16.7877   	
4.13e-05   	259.362   	17.1026   	
4.14e-05   	259.396   	16.5805   	
4.15e-05   	259.764   	16.5263   	
4.16e-05   	260.215   	16.3491   	
4.17e-05   	260.168   	16.4349   	
4.18e-05   	260.328   	16.5232   	
4.19e-05   	260.495   	16.7708   	
4.2e-05   	260.604   	16.8068   	
4.21e-05   	260.806   	17.2897   	
4.22e-05   	261.065   	17.4232   	
4.23e-05   	261.75   	17.5015   	
4.24e-05   	262.608   	17.6038   	
4.25e-05   	262.578   	17.632   	
4.26e-05   	262.426   	17.0954   	
4.27e-05   	262.398   	17.3239   	
4.28e-05   	262.6   	17.0104   	
4.29e-05   	262.993   	17.231   	
4.3e-05   	263.478   	17.5642   	
4.31e-05   	263.193   	17.0696   	
4.32e-05   	263.134   	16.8693   	
4.33e-05   	263.445   	17.1695   	
4.34e-05   	263.436   	17.0699   	
4.35e-05   	263.812   	17.0924   	
4.36e-05   	263.839   	17.0423   	
4.37e-05   	264.134   	16.7398   	
4.38e-05   	264.043   	16.7164   	
4.39e-05   	264.538   	16.4167   	
4.4e-05   	264.735   	16.4466   	
4.41e-05   	264.445   	16.121   	
4.42e-05   	264.515   	16.1993   	
4.43e-05   	265.551   	16.2369   	
4.44e-05   	266.04   	16.5814   	
4.45e-05   	266.149   	16.6983   	
4.46e-05   	266.43   	16.4536   	
4.47e-05   	266.628   	16.6201   	
4.48e-05   	266.969   	16.1344   	
4.49e-05   	266.999   	15.9886   	
4.5e-05   	267.387   	16.1821   	
4.51e-05   	267.06   	16.5974   	
4.52e-05   	267.262   	16.6881   	
4.53e-05   	267.673   	16.9592   	
4.54e-05   	268.222   	17.07   	
4.55e-05   	269.056   	17.164   	
4.56e-05   	269.216   	16.9291   	
4.57e-05   	269.26   	16.1442   	
4.58e-05   	269.071   	16.0114   	
4.59e-05   	269.185   	15.6328   	
4.6e-05   	269.24   	15.6976   	
4.61e-05   	269.86   	16.3185   	
4.62e-05   	269.758   	16.097   	
4.63e-05   	269.503   	16.3103   	
4.64e-05   	270.055   	16.6366   	
4.65e-05   	269.697   	16.2994   	
4.66e-05   	270.053   	15.9953   	
4.67e-05   	270.267   	16.1152   	
4.68e-05   	270.324   	15.573   	
4.69e-05   	270.286   	15.9611   	
4.7e-05   	270.747   	15.2786   	
4.71e-05   	271.151   	15.3421   	
4.72e-05   	270.76   	15.2621   	
4.73e-05   	270.894   	15.2914   	
4.74e-05   	271.455   	15.0491   	
4.75e-05   	272.077   	14.8916   	
4.76e-05   	272.394   	15.0745   	
4.77e-05   	272.644   	15.257   	
4.78e-05   	272.743   	15.2286   	
4.79e-05   	272.935   	14.8988   	
4.8e-05   	272.998   	15.0798   	
4.81e-05   	273.246   	15.2685   	
4.82e-05   	273.141   	15.84   	
4.83e-05   	273.334   	15.9374   	
4.84e-05   	273.576   	16.1686   	
4.85e-05   	273.931   	16.1403   	
4.86e-05   	274.761   	16.3782   	
4.87e-05   	275.225   	16.2184   	
4.88e-05   	275.13   	16.0132   	
4.89e-05   	274.905   	15.1529   	
4.9e-05   	274.827   	14.9923   	
4.91e-05   	274.727   	15.2883   	
4.92e-05   	275.603   	15.9788   	
4.93e-05   	275.652   	16.4176   	
4.94e-05   	275.193   	16.287   	
4.95e-05   	275.312   	16.5058   	
4.96e-05   	275.535   	16.7746   	
4.97e-05   	275.65   	16.3803   	
4.98e-05   	275.804   	16.5075   	
4.99e-05   	275.741   	15.8164   	
5e-05   	275.652   	15.9743   	
5.01e-05   	275.875   	15.7808   	
5.02e-05   	276.441   	15.5354   	
5.03e-05   	276.321   	15.2091   	
5.04e-05   	276.075   	14.8716   	
5.05e-05   	276.751   	14.9772   	
5.06e-05   	277.358   	14.8365   	
5.07e-05   	277.592   	15.1029   	
5.08e-05   	277.574   	15.1041   	
5.09e-05   	277.863   	15.4204   	
5.1e-05   	278.234   	15.3407   	
5.11e-05   	278.175   	15.3238   	
5.12e-05   	278.14   	16.0632   	
5.13e-05   	278.39   	16.547   	
5.14e-05   	278.257   	17.1836   	
5.15e-05   	278.545   	17.325   	
5.16e-05   	278.626   	17.1343   	
5.17e-05   	279.11   	17.4682   	
5.18e-05   	279.833   	17.1447   	
5.19e-05   	279.852   	17.2002   	
5.2e-05   	279.532   	16.9233   	
5.21e-05   	279.418   	16.5752   	
5.22e-05   	279.509   	16.4389   	
5.23e-05   	280.016   	16.7845   	
5.24e-05   	280.124   	17.1518   	
5.25e-05   	279.677   	17.534   	
5.26e-05   	279.441   	17.4269   	
5.27e-05   	279.874   	17.857   	
5.28e-05   	279.779   	17.6329   	
5.29e-05   	279.962   	17.2665   	
5.3e-05   	279.969   	16.3755   	
5.31e-05   	279.995   	16.4559   	
5.32e-05   	279.926   	16.5562   	
5.33e-05   	280.531   	16.2353   	
5.34e-05   	280.433   	15.9665   	
5.35e-05   	280.158   	15.5684   	
5.36e-05   	280.35   	15.2936   	
5.37e-05   	281.136   	15.0996   	
5.38e-05   	281.396   	15.3928   	
5.39e-05   	281.432   	15.34   	
5.4e-05   	281.764   	15.7895   	
5.41e-05   	281.889   	16.3356   	
5.42e-05   	281.925   	16.1972   	
5.43e-05   	282.017   	16.2301   	
5.44e-05   	282.201   	16.7329   	
5.45e-05   	281.894   	17.1631   	
5.46e-05   	282.118   	16.7972   	
5.47e-05   	282.196   	16.7218   	
5.48e-05   	282.808   	16.7665   	
5.49e-05   	283.314   	17.086   	
5.5e-05   	283.533   	17.0563   	
5.51e-05   	283.298   	16.9329   	
5.52e-05   	282.976   	16.468   	
5.53e-05   	283.251   	16.7718   	
5.54e-05   	283.237   	16.6199   	
5.55e-05   	283.643   	16.958   	
5.56e-05   	283.418   	17.3895   	
5.57e-05   	283.118   	17.7864   	
5.58e-05   	283.466   	18.3423   	
5.59e-05   	283.029   	17.9629   	
5.6e-05   	283.445   	17.9645   	
5.61e-05   	283.605   	17.2495   	
5.62e-05   	283.521   	17.1319   	
5.63e-05   	283.281   	17.1759   	
5.64e-05   	283.672   	16.8819   	
5.65e-05   	283.945   	16.2903   	
5.66e-05   	283.5   	15.62   	
5.67e-05   	283.543   	15.8114   	
5.68e-05   	284.13   	15.7405   	
5.69e-05   	284.548   	15.6071   	
5.7e-05   	284.821   	15.6044   	
5.71e-05   	284.97   	15.9012   	
5.72e-05   	284.926   	15.9322   	
5.73e-05   	285.035   	16.0332   	
5.74e-05   	285.091   	16.2024   	
5.75e-05   	285.255   	16.1874   	
5.76e-05   	284.899   	16.5808   	
5.77e-05   	285.05   	16.7387   	
5.78e-05   	285.208   	16.1844   	
5.79e-05   	285.517   	16.3439   	
5.8e-05   	286.016   	16.2476   	
5.81e-05   	286.46   	16.0624   	
5.82e-05   	286.351   	16.2125   	
5.83e-05   	286.041   	16.3318   	
5.84e-05   	286.011   	15.9906   	
5.85e-05   	285.657   	16.0645   	
5.86e-05   	286.444   	16.2109   	
5.87e-05   	286.312   	16.5247   	
5.88e-05   	285.905   	16.9317   	
5.89e-05   	286.137   	17.5966   	
5.9e-05   	285.858   	17.2816   	
5.91e-05   	286.136   	17.7249   	
5.92e-05   	286.134   	17.3352   	
5.93e-05   	286.041   	16.8479   	
5.94e-05   	285.826   	17.318   	
5.95e-05   	286.158   	17.1684   	
5.96e-05   	286.48   	17.0402   	
5.97e-05   	286.134   	16.5599   	
5.98e-05   	286.159   	16.4039   	
5.99e-05   	286.549   	16.2941   	
6e-05   	286.997   	16.5472   	
6.01e-05   	287.225   	16.1146   	
6.02e-05   	287.136   	16.7654   	
6.03e-05   	287.184   	16.8017   	
6.04e-05   	287.574   	16.735   	
6.05e-05   	287.435   	17.1017   	
6.06e-05   	287.41   	16.8126   	
6.07e-05   	287.41   	17.0928   	
6.08e-05   	287.205   	17.6217   	
6.09e-05   	287.655   	17.1125   	
6.1e-05   	287.699   	17.0745   	
6.11e-05   	287.973   	17.1022   	
6.12e-05   	288.656   	17.2858   	
6.13e-05   	288.571   	17.312   	
6.14e-05   	288.235   	17.4735   	
6.15e-05   	288.043   	17.4314   	
6.16e-05   	287.924   	17.1293   	
6.17e-05   	288.416   	17.1881   	
6.18e-05   	288.546   	17.4951   	
6.19e-05   	288.004   	18.0989   	
6.2e-05   	287.717   	18.2706   	
6.21e-05   	288.025   	18.1978   	
6.22e-05   	288.024   	18.3535   	
6.23e-05   	287.923   	17.782   	
6.24e-05   	287.949   	16.8911   	
6.25e-05   	287.83   	17.3703   	
6.26e-05   	288.033   	17.4994   	
6.27e-05   	288.266   	17.3394   	
6.28e-05   	288.084   	16.8991   	
6.29e-05   	287.924   	16.8818   	
6.3e-05   	287.968   	16.4174   	
6.31e-05   	288.869   	16.1161   	
6.32e-05   	288.936   	16.079   	
6.33e-05   	288.819   	16.4536   	
6.34e-05   	288.943   	16.5624   	
6.35e-05   	289.209   	16.6399   	
6.36e-05   	289.231   	16.4134   	
6.37e-05   	289.072   	16.3703   	
6.38e-05   	289.101   	16.2156   	
6.39e-05   	288.914   	16.3899   	
6.4e-05   	289.156   	16.241   	
6.41e-05   	289.065   	16.3119   	
6.42e-05   	289.602   	16.2359   	
6.43e-05   	290.273   	16.314   	
6.44e-05   	290.394   	16.4402   	
6.45e-05   	290.036   	16.75   	
6.46e-05   	289.754   	16.4834   	
6.47e-05   	289.887   	16.5566   	
6.48e-05   	289.703   	16.3639   	
6.49e-05   	290.141   	16.1806   	
6.5e-05   	289.846   	16.5405   	
6.51e-05   	289.519   	17.144   	
6.52e-05   	289.67   	17.0761   	
6.53e-05   	289.335   	17.4194   	
6.54e-05   	289.641   	17.1261   	
6.55e-05   	289.62   	16.4956   	
6.56e-05   	289.665   	16.7383   	
6.57e-05   	289.363   	16.5521   	
6.58e-05   	289.728   	16.7383   	
6.59e-05   	289.81   	16.3902   	
6.6e-05   	289.418   	16.3091   	
6.61e-05   	289.429   	16.2525   	
6.62e-05   	289.998   	15.7334   	
6.63e-05   	290.329   	15.8402   	
6.64e-05   	290.582   	15.7216   	
6.65e-05   	290.56   	15.8506   	
6.66e-05   	290.59   	15.6025   	
6.67e-05   	290.664   	15.767   	
6.68e-05   	290.632   	15.5211   	
6.69e-05   	290.635   	15.417   	
6.7e-05   	290.339   	15.292   	
6.71e-05   	290.483   	15.1818   	
6.72e-05   	290.534   	15.0522   	
6.73e-05   	290.834   	15.0188   	
6.74e-05   	291.365   	14.7701   	
6.75e-05   	291.657   	15.024   	
6.76e-05   	291.471   	15.4869   	
6.77e-05   	291.211   	15.9511   	
6.78e-05   	291.275   	16.1583   	
6.79e-05   	290.872   	15.944   	
6.8e-05   	291.244   	15.5021   	
6.81e-05   	291.249   	15.4804   	
6.82e-05   	290.797   	16.1579   	
6.83e-05   	291.094   	16.161   	
6.84e-05   	290.541   	15.9325   	
6.85e-05   	290.911   	15.8836   	
6.86e-05   	290.746   	15.7742   	
6.87e-05   	290.593   	16.0032   	
6.88e-05   	290.67   	15.6172   	
6.89e-05   	290.768   	15.7781   	
6.9e-05   	291.088   	15.9154   	
6.91e-05   	290.661   	15.7706   	
6.92e-05   	290.64   	15.6915   	
6.93e-05   	291   	15.5536   	
6.94e-05   	291.424   	15.4334   	
6.95e-05   	291.831   	15.2087   	
6.96e-05   	291.47   	15.119   	
6.97e-05   	291.591   	14.9293   	
6.98e-05   	291.97   	15.3301   	
6.99e-05   	291.893   	15.3635   	
7e-05   	291.712   	14.5997   	
7.01e-05   	291.606   	14.4628   	
7.02e-05   	291.57   	14.2559   	
7.03e-05   	291.784   	14.0201   	
7.04e-05   	291.86   	14.021   	
7.05e-05   	292.214   	13.8783   	
7.06e-05   	292.872   	14.2401   	
7.07e-05   	292.53   	14.3859   	
7.08e-05   	292.297   	14.7032   	
7.09e-05   	291.979   	14.7408   	
7.1e-05   	291.739   	14.884   	
7.11e-05   	292.402   	14.3367   	
7.12e-05   	292.4   	14.2048   	
7.13e-05   	291.752   	14.7836   	
7.14e-05   	291.664   	15.0186   	
7.15e-05   	291.904   	14.8778   	
7.16e-05   	291.866   	15.0769   	
7.17e-05   	291.587   	14.7747   	
7.18e-05   	291.745   	14.9699   	
7.19e-05   	291.547   	14.7996   	
7.2e-05   	291.706   	14.6705   	
7.21e-05   	291.9   	14.6621   	
7.22e-05   	291.767   	14.8489   	
7.23e-05   	291.413   	14.9361   	
7.24e-05   	291.674   	14.9042   	
7.25e-05   	292.37   	14.6551   	
7.26e-05   	292.543   	14.4459   	
7.27e-05   	292.296   	14.7468   	
7.28e-05   	292.371   	14.5441   	
7.29e-05   	292.607   	15.0651   	
7.3e-05   	292.593   	14.8421   	
7.31e-05   	292.308   	14.6876   	
7.32e-05   	292.484   	14.6297   	
7.33e-05   	292.274   	14.5218   	
7.34e-05   	292.274   	14.058   	
7.35e-05   	292.344   	14.046   	
7.36e-05   	292.732   	13.9669   	
7.37e-05   	293.461   	14.1064   	
7.38e-05   	293.308   	14.1269   	
7.39e-05   	292.958   	14.9129   	
7.4e-05   	292.711   	15.305   	
7.41e-05   	292.726   	15.3798   	
7.42e-05   	292.781   	14.9833   	
7.43e-05   	293.116   	14.6632   	
7.44e-05   	292.657   	14.8471   	
7.45e-05   	292.471   	15.024   	
7.46e-05   	292.579   	14.4844   	
7.47e-05   	292.305   	15.0953   	
7.48e-05   	292.452   	15.0455   	
7.49e-05   	292.392   	15.2042   	
7.5e-05   	292.445   	15.362   	
7.51e-05   	292.247   	14.9351   	
7.52e-05   	292.418   	14.9976   	
7.53e-05   	292.469   	14.9571   	
7.54e-05   	292.047   	15.4884   	
7.55e-05   	291.94   	15.3873   	
7.56e-05   	292.652   	15.6525   	
7.57e-05   	292.886   	15.3   	
7.58e-05   	293.008   	15.26   	
7.59e-05   	293.015   	15.072   	
7.6e-05   	293.119   	14.5133   	
7.61e-05   	293.088   	14.5857   	
7.62e-05   	292.998   	14.3842   	
7.63e-05   	293.153   	14.5014   	
7.64e-05   	292.666   	14.0592   	
7.65e-05   	292.703   	13.8928   	
7.66e-05   	292.897   	13.962   	
7.67e-05   	293.326   	14.1141   	
7.68e-05   	293.871   	13.6296   	
7.69e-05   	293.858   	13.7918   	
7.7e-05   	293.746   	14.2787   	
7.71e-05   	293.395   	14.1916   	
7.72e-05   	293.427   	14.5869   	
7.73e-05   	293.158   	14.1977   	
7.74e-05   	293.536   	13.6657   	
7.75e-05   	293.343   	13.5965   	
7.76e-05   	292.89   	13.6333   	
7.77e-05   	293.133   	13.3052   	
7.78e-05   	292.676   	13.4466   	
7.79e-05   	292.904   	13.9823   	
7.8e-05   	292.746   	14.2925   	
7.81e-05   	292.673   	14.8408   	
7.82e-05   	292.693   	14.4086   	
7.83e-05   	292.782   	14.8369   	
7.84e-05   	293.093   	14.8699   	
7.85e-05   	292.489   	15.4081   	
7.86e-05   	292.432   	15.4354   	
7.87e-05   	292.863   	15.7957   	
7.88e-05   	293.313   	15.9096   	
7.89e-05   	293.444   	15.8109   	
7.9e-05   	293.348   	15.6935   	
7.91e-05   	293.445   	15.3118   	
7.92e-05   	293.484   	15.5586   	
7.93e-05   	293.359   	15.6674   	
7.94e-05   	293.315   	15.4331   	
7.95e-05   	293.153   	14.8613   	
7.96e-05   	293.329   	14.7981   	
7.97e-05   	293.329   	14.8709   	
7.98e-05   	293.405   	15.0715   	
7.99e-05   	293.938   	15.3049   	
8e-05   	294.371   	15.0209   	
8.01e-05   	294.056   	14.7461   	
8.02e-05   	293.822   	15.0386   	
8.03e-05   	293.497   	15.2952   	
8.04e-05   	293.173   	15.0854   	
8.05e-05   	293.965   	14.6407   	
8.06e-05   	293.914   	14.2788   	
8.07e-05   	293.184   	13.967   	
8.08e-05   	293.113   	13.9653   	
8.09e-05   	293.243   	13.913   	
8.1e-05   	293.218   	13.9662   	
8.11e-05   	293.098   	14.4412   	
8.12e-05   	292.955   	15.2676   	
8.13e-05   	292.872   	14.8168   	
8.14e-05   	292.927   	15.1276   	
8.15e-05   	293.117   	15.1176   	
8.16e-05   	293.079   	15.2675   	
8.17e-05   	292.49   	15.2987   	
8.18e-05   	292.916   	15.3858   	
8.19e-05   	293.514   	15.6688   	
8.2e-05   	293.652   	15.2741   	
8.21e-05   	293.413   	14.7895   	
8.22e-05   	293.626   	14.5337   	
8.23e-05   	293.85   	14.5303   	
8.24e-05   	293.466   	14.4202   	
8.25e-05   	293.538   	14.154   	
8.26e-05   	293.527   	14.2003   	
8.27e-05   	293.274   	13.7317   	
8.28e-05   	293.428   	14.0372   	
8.29e-05   	293.426   	13.9924   	
8.3e-05   	293.836   	14.2302   	
8.31e-05   	294.437   	14.195   	
8.32e-05   	294.3   	13.9924   	
8.33e-05   	293.961   	14.1644   	
8.34e-05   	293.671   	14.48   	
8.35e-05   	293.69   	14.5647   	
8.36e-05   	293.908   	14.2105   	
8.37e-05   	294.068   	13.8038   	
8.38e-05   	293.563   	13.124   	
8.39e-05   	293.273   	13.0776   	
8.4e-05   	293.446   	13.2021   	
8.41e-05   	293.181   	13.6348   	
8.42e-05   	293.352   	13.8998   	
8.43e-05   	293.185   	14.2925   	
8.44e-05   	293.151   	13.9402   	
8.45e-05   	292.931   	14.0583   	
8.46e-05   	293.372   	14.1268   	
8.47e-05   	293.262   	13.9486   	
8.48e-05   	292.682   	14.4692   	
8.49e-05   	292.768   	14.4831   	
8.5e-05   	293.514   	15.0647   	
8.51e-05   	293.746   	15.0104   	
8.52e-05   	293.643   	15.0395   	
8.53e-05   	293.779   	14.6243   	
8.54e-05   	293.739   	14.1563   	
8.55e-05   	293.821   	14.0427   	
8.56e-05   	293.655   	13.9574   	
8.57e-05   	293.886   	13.7515   	
8.58e-05   	293.301   	13.4209   	
8.59e-05   	293.354   	13.7728   	
8.6e-05   	293.593   	14.1743   	
8.61e-05   	293.944   	13.9186   	
8.62e-05   	294.473   	13.723   	
8.63e-05   	294.582   	13.6955   	
8.64e-05   	294.378   	13.4243   	
8.65e-05   	293.974   	13.9131   	
8.66e-05   	294.006   	13.4544   	
8.67e-05   	293.815   	13.4734   	
8.68e-05   	294.222   	13.7338   	
8.69e-05   	293.868   	13.5422   	
8.7e-05   	293.445   	13.3667   	
8.71e-05   	293.791   	12.9969   	
8.72e-05   	293.217   	13.5028   	
8.73e-05   	293.498   	13.7817   	
8.74e-05   	293.558   	14.2533   	
8.75e-05   	293.358   	14.0015   	
8.76e-05   	293.12   	13.861   	
8.77e-05   	293.498   	13.9963   	
8.78e-05   	293.615   	14.0726   	
8.79e-05   	293.11   	14.4786   	
8.8e-05   	293.011   	14.489   	
8.81e-05   	293.412   	14.8831   	
8.82e-05   	293.814   	14.896   	
8.83e-05   	293.96   	14.8546   	
8.84e-05   	293.967   	14.658   	
8.85e-05   	293.973   	14.1446   	
8.86e-05   	293.956   	13.8973   	
8.87e-05   	293.863   	13.5209   	
8.88e-05   	293.925   	13.7739   	
8.89e-05   	293.544   	13.4577   	
8.9e-05   	293.724   	13.8368   	
8.91e-05   	293.729   	14.0765   	
8.92e-05   	293.9   	14.0522   	
8.93e-05   	294.527   	14.091   	
8.94e-05   	294.833   	14.1114   	
8.95e-05   	294.625   	13.7815   	
8.96e-05   	294.253   	13.4324   	
8.97e-05   	294.026   	13.4106   	
8.98e-05   	293.682   	13.5848   	
8.99e-05   	294.444   	13.5932   	
9e-05   	294.239   	13.5003   	
9.01e-05   	293.729   	13.3491   	
9.02e-05   	293.712   	13.1169   	
9.03e-05   	293.68   	13.4285   	
9.04e-05   	293.692   	13.0414   	
9.05e-05   	293.677   	13.6201   	
9.06e-05   	293.421   	13.9697   	
9.07e-05   	293.267   	13.5646   	
9.08e-05   	293.403   	13.8772   	
9.09e-05   	293.712   	14.0238   	
9.1e-05   	293.432   	14.5228   	
9.11e-05   	293.116   	14.401   	
9.12e-05   	293.611   	14.3877   	
9.13e-05   	294.02   	14.57   	
9.14e-05   	294.067   	15.2323   	
9.15e-05   	294.014   	14.6347   	
9.16e-05   	294.045   	14.5527   	
9.17e-05   	294.293   	14.5375   	
9.18e-05   	294.089   	14.2484   	
9.19e-05   	294.091   	14.4802   	
9.2e-05   	294.093   	14.1785   	
9.21e-05   	293.794   	14.5982   	
9.22e-05   	294.054   	15.1859   	
9.23e-05   	294.092   	15.0918   	
9.24e-05   	294.314   	15.327   	
9.25e-05   	294.969   	14.9753   	
9.26e-05   	294.81   	15.0755   	
9.27e-05   	294.406   	14.5038   	
9.28e-05   	294.169   	14.8738   	
9.29e-05   	294.162   	15.0472   	
9.3e-05   	294.464   	14.8975   	
9.31e-05   	294.578   	14.825   	
9.32e-05   	293.992   	14.4768   	
9.33e-05   	293.74   	14.3685   	
9.34e-05   	293.973   	14.6905   	
9.35e-05   	293.813   	14.5109   	
9.36e-05   	293.858   	14.5532   	
9.37e-05   	293.697   	14.8675   	
9.38e-05   	293.602   	14.5579   	
9.39e-05   	293.604   	14.3731   	
9.4e-05   	293.935   	14.4225   	
9.41e-05   	293.701   	14.4406   	
9.42e-05   	293.4   	14.2012   	
9.43e-05   	293.459   	14.5353   	
9.44e-05   	294.171   	14.563   	
9.45e-05   	294.34   	14.6842   	
9.46e-05   	294.232   	14.6188   	
9.47e-05   	294.324   	14.6061   	
9.48e-05   	294.412   	14.4783   	
9.49e-05   	294.31   	14.4875   	
9.5e-05   	294.214   	14.5146   	
9.51e-05   	294.295   	14.6975   	
9.52e-05   	293.932   	14.7805   	
9.53e-05   	294.116   	15.1402   	
9.54e-05   	294.061   	15.1746   	
9.55e-05   	294.511   	15.3261   	
9.56e-05   	295.071   	15.4908   	
9.57e-05   	295.171   	15.6869   	
9.58e-05   	294.774   	15.0313   	
9.59e-05   	294.388   	14.9653   	
9.6e-05   	294.631   	14.8681   	
9.61e-05   	294.42   	15.1522   	
9.62e-05   	294.852   	15.7119   	
9.63e-05   	294.538   	15.3136   	
9.64e-05   	294.1   	15.1799   	
9.65e-05   	294.242   	15.5998   	
9.66e-05   	293.837   	15.1478   	
9.67e-05   	294.268   	15.2866   	
9.68e-05   	294.187   	15.632   	
9.69e-05   	294.065   	15.3776   	
9.7e-05   	293.749   	15.3171   	
9.71e-05   	294.109   	14.7791   	
9.72e-05   	294.246   	15.0054   	
9.73e-05   	293.736   	14.7165   	
9.74e-05   	293.742   	14.5643   	
9.75e-05   	294.239   	14.5729   	
9.76e-05   	294.55   	14.498   	
9.77e-05   	294.765   	14.9914   	
9.78e-05   	294.769   	14.5596   	
9.79e-05   	294.588   	14.7033   	
9.8e-05   	294.677   	14.2466   	
9.81e-05   	294.615   	14.4648   	
9.82e-05   	294.769   	14.6558   	
9.83e-05   	294.329   	15.2009   	
9.84e-05   	294.424   	15.0807   	
9.85e-05   	294.475   	15.1517   	
9.86e-05   	294.648   	15.1248   	
9.87e-05   	295.111   	15.6176   	
9.88e-05   	295.419   	15.3896   	
9.89e-05   	295.262   	15.1484   	
9.9e-05   	294.915   	14.6608   	
9.91e-05   	294.908   	14.6844   	
9.92e-05   	294.514   	15.0228   	
9.93e-05   	295.013   	15.5483   	
9.94e-05   	294.894   	15.6408   	
9.95e-05   	294.403   	15.4335   	
9.96e-05   	294.542   	15.5206   	
9.97e-05   	294.24   	15.5987   	
9.98e-05   	294.469   	15.486   	
9.99e-05   	294.399   	15.1827   	
0.0001   	294.188   	14.8035   	
0.0001001   	294.08   	14.8604   	
0.0001002   	294.184   	14.5734   	
0.0001003   	294.524   	14.464   	
0.0001004   	294.057   	14.3185   	
0.0001005   	294.038   	14.0604   	
0.0001006   	294.339   	14.2525   	
0.0001007   	294.737   	14.085   	
0.0001008   	294.961   	14.4343   	
0.0001009   	294.725   	14.7535   	
0.000101   	294.706   	14.7807   	
0.0001011   	295.073   	14.6199   	
0.0001012   	294.874   	14.9992   	
0.0001013   	294.795   	15.5754   	
0.0001014   	294.688   	16.0383   	
0.0001015   	294.527   	16.2735   	
0.0001016   	294.799   	16.1853   	
0.0001017   	294.774   	16.237   	
0.0001018   	295.076   	16.2283   	
0.0001019   	295.656   	16.2392   	
0.000102   	295.37   	16.2652   	
0.0001021   	295.184   	15.7515   	
0.0001022   	294.86   	15.6094   	
0.0001023   	294.623   	15.7358   	
0.0001024   	295.159   	15.7915   	
0.0001025   	295.3   	16.2746   	
0.0001026   	294.701   	16.561   	
0.0001027   	294.385   	16.2049   	
0.0001028   	294.648   	16.6005   	
0.0001029   	294.665   	16.5957   	
0.000103   	294.475   	16.376   	
0.0001031   	294.521   	15.7187   	
0.0001032   	294.318   	15.6846   	
0.0001033   	294.381   	15.4787   	
0.0001034   	294.624   	15.5756   	
0.0001035   	294.463   	15.1344   	
0.0001036   	294.179   	14.9669   	
0.0001037   	294.184   	14.8665   	
0.0001038   	295.086   	14.8833   	
0.0001039   	295.093   	15.0109   	
0.000104   	294.839   	15.1728   	
0.0001041   	294.951   	15.3658   	
0.0001042   	295.141   	15.7422   	
0.0001043   	295.153   	15.8867   	
0.0001044   	294.94   	16.2538   	
0.0001045   	294.915   	16.4496   	
0.0001046   	294.816   	17.0065   	
0.0001047   	294.962   	16.9164   	
0.0001048   	294.898   	16.5634   	
0.0001049   	295.324   	16.9079   	
0.000105   	295.968   	16.5307   	
0.0001051   	295.941   	16.8528   	
0.0001052   	295.575   	16.8225   	
0.0001053   	295.406   	16.3394   	
0.0001054   	295.434   	16.6495   	
0.0001055   	295.328   	16.6415   	
0.0001056   	295.736   	17.0501   	
0.0001057   	295.382   	17.3526   	
0.0001058   	295.041   	17.6554   	
0.0001059   	295.225   	17.9348   	
0.000106   	294.899   	17.8674   	
0.0001061   	295.15   	17.6227   	
0.0001062   	295.067   	16.9679   	
0.0001063   	295.116   	17.0207   	
0.0001064   	294.771   	16.9547   	
0.0001065   	295.16   	16.8065   	
0.0001066   	295.152   	16.4286   	
0.0001067   	294.746   	15.853   	
0.0001068   	294.683   	15.7772   	
0.0001069   	295.244   	15.6055   	
0.000107   	295.555   	15.6987   	
0.0001071   	295.64   	15.7861   	
0.0001072   	295.528   	16.2945   	
0.0001073   	295.663   	16.635   	
0.0001074   	295.692   	16.7131   	
0.0001075   	295.571   	16.9984   	
0.0001076   	295.673   	17.063   	
0.0001077   	295.286   	17.799   	
0.0001078   	295.443   	17.8425   	
0.0001079   	295.507   	17.4863   	
0.000108   	295.893   	17.5199   	
0.0001081   	296.494   	17.4596   	
0.0001082   	296.65   	17.3557   	
0.0001083   	296.474   	17.2049   	
0.0001084   	296.173   	17.6527   	
0.0001085   	296.259   	17.4699   	
0.0001086   	295.756   	17.3894   	
0.0001087   	296.155   	17.6665   	
0.0001088   	296.161   	18.0105   	
0.0001089   	295.602   	18.7781   	
0.000109   	295.977   	19.4494   	
0.0001091   	295.395   	19.0976   	
0.0001092   	295.761   	18.9098   	
0.0001093   	295.607   	18.4486   	
0.0001094   	295.537   	18.2642   	
0.0001095   	295.574   	18.5307   	
0.0001096   	295.602   	18.18   	
0.0001097   	295.944   	17.8375   	
0.0001098   	295.439   	17.4649   	
0.0001099   	295.346   	17.2296   	
0.00011   	295.704   	16.838   	
0.0001101   	296.116   	16.9199   	
0.0001102   	296.501   	16.6696   	
0.0001103   	296.102   	17.1287   	
0.0001104   	296.27   	17.1656   	
0.0001105   	296.52   	17.0075   	
0.0001106   	296.379   	17.545   	
0.0001107   	296.214   	17.0711   	
0.0001108   	296.152   	17.6504   	
0.0001109   	296.181   	17.8278   	
0.000111   	296.351   	17.5679   	
0.0001111   	296.477   	17.7494   	
0.0001112   	296.832   	17.6399   	
0.0001113   	297.434   	18.0247   	
0.0001114   	297.114   	18.0284   	
0.0001115   	296.917   	18.0065   	
0.0001116   	296.6   	17.898   	
0.0001117   	296.355   	17.9503   	
0.0001118   	296.924   	17.6684   	
0.0001119   	297.015   	18.1823   	
0.000112   	296.254   	18.7561   	
0.0001121   	296.311   	18.9523   	
0.0001122   	296.51   	18.5615   	
0.0001123   	296.428   	19.1252   	
0.0001124   	296.287   	18.4555   	
0.0001125   	296.275   	17.8718   	
0.0001126   	296.113   	18.4156   	
0.0001127   	296.22   	18.2595   	
0.0001128   	296.445   	18.1032   	
0.0001129   	296.381   	17.603   	
0.000113   	295.887   	17.4478   	
0.0001131   	296.163   	17.0127   	
0.0001132   	296.918   	16.919   	
0.0001133   	297.02   	16.7347   	
0.0001134   	296.789   	17.0721   	
0.0001135   	296.965   	17.1201   	
0.0001136   	297.159   	17.4169   	
0.0001137   	296.962   	17.0794   	
0.0001138   	296.853   	17.1529   	
0.0001139   	296.957   	17.0914   	
0.000114   	296.782   	17.2554   	
0.0001141   	296.687   	17.1295   	
0.0001142   	296.842   	17.5403   	
0.0001143   	297.252   	17.8187   	
0.0001144   	297.963   	17.8482   	
0.0001145   	297.739   	18.0046   	
0.0001146   	297.505   	18.3309   	
0.0001147   	297.149   	17.8843   	
0.0001148   	297.227   	17.9606   	
0.0001149   	297.329   	17.7508   	
0.000115   	297.66   	17.3892   	
0.0001151   	297.129   	18.0486   	
0.0001152   	296.962   	18.3873   	
0.0001153   	297.147   	18.2701   	
0.0001154   	296.807   	18.427   	
0.0001155   	297.014   	18.1188   	
0.0001156   	296.949   	17.8894   	
0.0001157   	297.038   	18.08   	
0.0001158   	296.748   	17.9101   	
0.0001159   	297.052   	18.0865   	
0.000116   	297.085   	17.5535   	
0.0001161   	296.619   	17.4761   	
0.0001162   	296.477   	17.341   	
0.0001163   	297.344   	17.2952   	
0.0001164   	297.491   	17.4136   	
0.0001165   	297.581   	17.361   	
0.0001166   	297.716   	17.4255   	
0.0001167   	297.655   	17.1466   	
0.0001168   	297.756   	17.4305   	
0.0001169   	297.653   	17.2471   	
0.000117   	297.878   	17.3484   	
0.0001171   	297.365   	17.1965   	
0.0001172   	297.36   	17.0373   	
0.0001173   	297.618   	16.9035   	
0.0001174   	297.955   	16.8627   	
0.0001175   	298.552   	16.9919   	
0.0001176   	298.574   	17.229   	
0.0001177   	298.463   	17.863   	
0.0001178   	298.128   	17.9438   	
0.0001179   	298.034   	18.2699   	
0.000118   	297.877   	18.1004   	
0.0001181   	298.265   	17.9063   	
0.0001182   	298.075   	18.2038   	
0.0001183   	297.618   	18.56   	
0.0001184   	297.927   	18.6844   	
0.0001185   	297.425   	18.4085   	
0.0001186   	297.643   	18.3864   	
0.0001187   	297.647   	18.0829   	
0.0001188   	297.478   	18.7039   	
0.0001189   	297.326   	18.2718   	
0.000119   	297.596   	18.8626   	
0.0001191   	297.885   	18.7271   	
0.0001192   	297.27   	18.8085   	
0.0001193   	297.245   	18.7858   	
0.0001194   	297.766   	18.5937   	
0.0001195   	298.141   	18.5884   	
0.0001196   	298.251   	18.3698   	
0.0001197   	298.202   	18.4537   	
0.0001198   	298.272   	18.503   	
0.0001199   	298.283   	18.9092   	
0.00012   	298.253   	18.9835   	
0.0001201   	298.261   	18.5588   	
0.0001202   	297.977   	18.3866   	
0.0001203   	298.18   	18.196   	
0.0001204   	298.279   	18.0923   	
0.0001205   	298.396   	17.8179   	
0.0001206   	298.937   	17.8622   	
0.0001207   	299.342   	17.9748   	
0.0001208   	299.082   	18.0528   	
0.0001209   	298.818   	18.7572   	
0.000121   	298.578   	18.8662   	
0.0001211   	298.363   	18.7086   	
0.0001212   	299.022   	18.2128   	
0.0001213   	298.916   	18.3341   	
0.0001214   	298.361   	19.0128   	
0.0001215   	298.294   	19.086   	
0.0001216   	298.4   	18.9108   	
0.0001217   	298.394   	19.4138   	
0.0001218   	298.405   	19.1711   	
0.0001219   	298.145   	19.4373   	
0.000122   	298.12   	19.5168   	
0.0001221   	298.214   	19.5229   	
0.0001222   	298.512   	19.5718   	
0.0001223   	298.418   	19.6033   	
0.0001224   	297.93   	20.0501   	
0.0001225   	298.452   	19.7938   	
0.0001226   	299.007   	19.8362   	
0.0001227   	299.126   	19.6078   	
0.0001228   	299.011   	19.8595   	
0.0001229   	299.241   	19.592   	
0.000123   	299.46   	19.5797   	
0.0001231   	299.266   	19.4836   	
0.0001232   	299.185   	19.2967   	
0.0001233   	299.255   	18.8825   	
0.0001234   	298.947   	18.3388   	
0.0001235   	299.206   	17.5133   	
0.0001236   	299.114   	17.3436   	
0.0001237   	299.516   	17.0365   	
0.0001238   	300.19   	17.1927   	
0.0001239   	300.058   	17.2221   	
0.000124   	299.695   	17.926   	
0.0001241   	299.41   	18.0531   	
0.0001242   	299.416   	18.191   	
0.0001243   	299.724   	17.9433   	
0.0001244   	299.764   	17.4809   	
0.0001245   	299.28   	17.5975   	
0.0001246   	298.964   	18.2181   	
0.0001247   	299.253   	17.7276   	
0.0001248   	299.033   	17.9972   	
0.0001249   	299.138   	18.6237   	
0.000125   	299.042   	19.3859   	
0.0001251   	298.999   	19.4278   	
0.0001252   	298.885   	19.1407   	
0.0001253   	299.335   	19.4285   	
0.0001254   	299.238   	19.8014   	
0.0001255   	298.851   	20.2023   	
0.0001256   	298.88   	20.3736   	
0.0001257   	299.66   	20.4268   	
0.0001258   	299.841   	20.3969   	
0.0001259   	299.868   	20.7751   	
0.000126   	300.006   	20.8062   	
0.0001261   	300.042   	20.6725   	
0.0001262   	300.079   	20.8436   	
0.0001263   	300.168   	20.6226   	
0.0001264   	300.292   	20.1965   	
0.0001265   	299.828   	20.0828   	
0.0001266   	299.946   	19.5486   	
0.0001267   	300.132   	19.5094   	
0.0001268   	300.506   	19.0736   	
0.0001269   	301.103   	18.9581   	
0.000127   	301.239   	18.8904   	
0.0001271   	300.928   	19.6389   	
0.0001272   	300.572   	19.8445   	
0.0001273   	300.698   	20.1794   	
0.0001274   	300.573   	20.0716   	
0.0001275   	300.975   	19.5975   	
0.0001276   	300.692   	19.4236   	
0.0001277   	300.288   	19.5542   	
0.0001278   	300.545   	19.12   	
0.0001279   	300.127   	19.3449   	
0.000128   	300.407   	19.7082   	
0.0001281   	300.51   	20.2055   	
0.0001282   	300.393   	20.7633   	
0.0001283   	300.12   	20.4872   	
0.0001284   	300.441   	20.8144   	
0.0001285   	300.703   	21.0248   	
0.0001286   	300.252   	21.6852   	
0.0001287   	300.247   	21.4485   	
0.0001288   	300.684   	21.7243   	
0.0001289   	301.039   	21.6701   	
0.000129   	301.353   	21.2282   	
0.0001291   	301.461   	20.9816   	
0.0001292   	301.448   	20.8838   	
0.0001293   	301.425   	21.2333   	
0.0001294   	301.576   	21.0676   	
0.0001295   	301.502   	20.7542   	
0.0001296   	301.174   	20.0447   	
0.0001297   	301.351   	19.9846   	
0.0001298   	301.378   	19.8332   	
0.0001299   	301.612   	19.8104   	
0.00013   	302.203   	19.8612   	
0.0001301   	302.584   	19.7762   	
0.0001302   	302.399   	19.8173   	
0.0001303   	301.998   	20.0758   	
0.0001304   	301.875   	20.3993   	
0.0001305   	301.534   	20.205   	
0.0001306   	302.237   	19.7159   	
0.0001307   	302.047   	19.2153   	
0.0001308   	301.61   	19.0456   	
0.0001309   	301.651   	18.8611   	
0.000131   	301.538   	18.7987   	
0.0001311   	301.617   	18.6958   	
0.0001312   	301.632   	18.9063   	
0.0001313   	301.401   	19.7125   	
0.0001314   	301.241   	19.2217   	
0.0001315   	301.416   	19.7251   	
0.0001316   	301.711   	19.644   	
0.0001317   	301.462   	20.1319   	
0.0001318   	301.267   	20.4681   	
0.0001319   	301.632   	20.6078   	
0.000132   	302.109   	20.454   	
0.0001321   	302.271   	20.3213   	
0.0001322   	302.166   	20.0555   	
0.0001323   	302.178   	19.7352   	
0.0001324   	302.475   	19.8023   	
0.0001325   	302.413   	19.7414   	
0.0001326   	302.272   	19.6553   	
0.0001327   	302.266   	19.3686   	
0.0001328   	302.064   	19.0348   	
0.0001329   	302.357   	19.263   	
0.000133   	302.354   	19.542   	
0.0001331   	302.577   	19.723   	
0.0001332   	303.268   	19.445   	
0.0001333   	303.091   	18.9502   	
0.0001334   	302.716   	18.9265   	
0.0001335   	302.476   	18.9283   	
0.0001336   	302.363   	19.0711   	
0.0001337   	302.702   	18.7063   	
0.0001338   	302.855   	18.6703   	
0.0001339   	302.271   	17.8759   	
0.000134   	301.948   	17.8562   	
0.0001341   	302.156   	17.245   	
0.0001342   	302.074   	17.3172   	
0.0001343   	302.052   	17.6671   	
0.0001344   	301.883   	18.1471   	
0.0001345   	301.778   	17.9719   	
0.0001346   	301.773   	17.8734   	
0.0001347   	301.969   	18.1436   	
0.0001348   	301.867   	18.3573   	
0.0001349   	301.506   	18.6145   	
0.000135   	301.551   	18.9158   	
0.0001351   	302.284   	19.1884   	
0.0001352   	302.463   	19.4229   	
0.0001353   	302.328   	19.3729   	
0.0001354   	302.396   	18.9763   	
0.0001355   	302.548   	18.3915   	
0.0001356   	302.522   	18.2307   	
0.0001357   	302.303   	17.9839   	
0.0001358   	302.36   	17.962   	
0.0001359   	302.009   	17.5127   	
0.000136   	302.175   	17.9053   	
0.0001361   	302.079   	18.159   	
0.0001362   	302.585   	18.3128   	
0.0001363   	303.14   	18.2658   	
0.0001364   	303.242   	17.8506   	
0.0001365   	302.8   	17.3756   	
0.0001366   	302.449   	17.974   	
0.0001367   	302.559   	17.5416   	
0.0001368   	302.345   	17.2991   	
0.0001369   	302.755   	17.36   	
0.000137   	302.355   	16.9196   	
0.0001371   	301.978   	16.2449   	
0.0001372   	302.075   	15.8117   	
0.0001373   	301.694   	16.1167   	
0.0001374   	301.99   	16.5419   	
0.0001375   	301.909   	17.2875   	
0.0001376   	301.828   	16.964   	
0.0001377   	301.466   	17.1403   	
0.0001378   	301.811   	17.3303   	
0.0001379   	301.82   	17.2332   	
0.000138   	301.395   	17.5512   	
0.0001381   	301.364   	17.3838   	
0.0001382   	301.902   	18.0684   	
0.0001383   	302.176   	18.3121   	
0.0001384   	302.347   	18.4162   	
0.0001385   	302.315   	17.9973   	
0.0001386   	302.199   	18.0227   	
0.0001387   	302.313   	17.7985   	
0.0001388   	302.241   	17.8366   	
0.0001389   	302.218   	17.6683   	
0.000139   	301.908   	17.6042   	
0.0001391   	301.945   	17.774   	
0.0001392   	301.969   	18.3376   	
0.0001393   	302.272   	18.3284   	
0.0001394   	302.822   	18.4046   	
0.0001395   	303.038   	18.4754   	
0.0001396   	302.784   	17.8959   	
0.0001397   	302.558   	17.585   	
0.0001398   	302.56   	17.6122   	
0.0001399   	302.079   	17.7422   	
0.00014   	302.567   	17.4957   	
0.0001401   	302.464   	17.2886   	
0.0001402   	301.967   	16.7481   	
0.0001403   	302.104   	16.3713   	
0.0001404   	301.73   	16.9832   	
0.0001405   	301.921   	16.8879   	
0.0001406   	301.718   	17.1808   	
0.0001407   	301.616   	17.2274   	
0.0001408   	301.558   	17.2376   	
0.0001409   	301.588   	17.351   	
0.000141   	301.938   	17.6859   	
0.0001411   	301.542   	17.5747   	
0.0001412   	301.451   	17.7474   	
0.0001413   	301.653   	18.0484   	
0.0001414   	302.104   	18.1447   	
0.0001415   	302.41   	18.7562   	
0.0001416   	302.105   	18.2625   	
0.0001417   	302.138   	18.2363   	
0.0001418   	302.509   	17.9248   	
0.0001419   	302.348   	17.3982   	
0.000142   	302.193   	17.8097   	
0.0001421   	302.188   	17.4794   	
0.0001422   	302.004   	17.8973   	
0.0001423   	302.157   	18.5682   	
0.0001424   	302.245   	18.7572   	
0.0001425   	302.53   	19.0773   	
0.0001426   	303.144   	18.8456   	
0.0001427   	302.805   	19.0548   	
0.0001428   	302.666   	18.6078   	
0.0001429   	302.38   	18.8014   	
0.000143   	302.078   	18.6487   	
0.0001431   	302.723   	19.0454   	
0.0001432   	302.783   	18.7191   	
0.0001433   	302.146   	18.6031   	
0.0001434   	301.953   	18.2392   	
0.0001435   	302.163   	18.4828   	
0.0001436   	302.033   	18.1394   	
0.0001437   	301.822   	18.6568   	
0.0001438   	302.014   	19.2879   	
0.0001439   	301.777   	19.0457   	
0.000144   	301.826   	18.9216   	
0.0001441   	302.039   	18.9236   	
0.0001442   	301.929   	19.2181   	
0.0001443   	301.529   	18.9398   	
0.0001444   	301.692   	19.3484   	
0.0001445   	302.552   	19.4067   	
0.0001446   	302.591   	19.8335   	
0.0001447   	302.351   	19.805   	
0.0001448   	302.549   	19.5552   	
0.0001449   	302.685   	19.1732   	
0.000145   	302.678   	19.3756   	
0.0001451   	302.394   	19.0868   	
0.0001452   	302.515   	18.9806   	
0.0001453   	302.307   	18.8614   	
0.0001454   	302.333   	19.6886   	
0.0001455   	302.456   	19.6706   	
0.0001456   	302.776   	20.0554   	
0.0001457   	303.525   	20.1791   	
0.0001458   	303.44   	20.5208   	
0.0001459   	303.187   	19.8262   	
0.000146   	302.955   	19.6241   	
0.0001461   	302.972   	19.4931   	
0.0001462   	302.948   	19.6844   	
0.0001463   	303.358   	20.0469   	
0.0001464   	302.91   	19.8223   	
0.0001465   	302.679   	19.8747   	
0.0001466   	302.813   	20.1823   	
0.0001467   	302.446   	19.9359   	
0.0001468   	302.67   	19.9549   	
0.0001469   	302.629   	20.2927   	
0.000147   	302.731   	19.7757   	
0.0001471   	302.422   	19.9281   	
0.0001472   	302.753   	19.5751   	
0.0001473   	302.777   	19.8256   	
0.0001474   	302.39   	19.902   	
0.0001475   	302.305   	19.806   	
0.0001476   	302.951   	19.7855   	
0.0001477   	303.242   	19.8323   	
0.0001478   	303.309   	20.1981   	
0.0001479   	303.31   	19.8955   	
0.000148   	303.414   	20.1843   	
0.0001481   	303.436   	19.8581   	
0.0001482   	303.353   	19.6894   	
0.0001483   	303.469   	19.8942   	
0.0001484   	302.977   	20.0651   	
0.0001485   	303.049   	20.2306   	
0.0001486   	303.255   	20.3039   	
0.0001487   	303.636   	20.2979   	
0.0001488   	304.17   	20.6701   	
0.0001489   	304.35   	20.6695   	
0.000149   	304.218   	20.3013   	
0.0001491   	303.923   	19.9242   	
0.0001492   	303.918   	19.5602   	
0.0001493   	303.581   	19.933   	
0.0001494   	304.049   	20.4792   	
0.0001495   	303.914   	20.5801   	
0.0001496   	303.39   	20.4271   	
0.0001497   	303.762   	20.6942   	
0.0001498   	303.226   	20.8586   	
0.0001499   	303.56   	20.4963   	
0.00015   	303.345   	20.2969   	
0.0001501   	303.339   	19.5932   	
0.0001502   	303.328   	19.6855   	
0.0001503   	303.409   	19.4716   	
0.0001504   	303.795   	19.4608   	
0.0001505   	303.191   	19.2704   	
0.0001506   	303.138   	19.2983   	
0.0001507   	303.511   	19.1066   	
0.0001508   	303.972   	19.0535   	
0.0001509   	304.218   	19.3544   	
0.000151   	303.96   	19.6604   	
0.0001511   	304.121   	19.8378   	
0.0001512   	304.289   	19.8244   	
0.0001513   	304.116   	19.9049   	
0.0001514   	303.984   	20.0611   	
0.0001515   	303.937   	20.6543   	
0.0001516   	303.995   	20.7406   	
0.0001517   	304.068   	20.7372   	
0.0001518   	304.217   	20.4852   	
0.0001519   	304.638   	20.3612   	
0.000152   	305.138   	20.3283   	
0.0001521   	304.875   	20.6415   	
0.0001522   	304.688   	20.0975   	
0.0001523   	304.395   	20.24   	
0.0001524   	304.142   	20.5979   	
0.0001525   	304.813   	21.2861   	
0.0001526   	304.775   	21.2374   	
0.0001527   	304.111   	21.2578   	
0.0001528   	304.117   	21.2819   	
0.0001529   	304.221   	21.9245   	
0.000153   	304.244   	21.7605   	
0.0001531   	304.065   	21.1937   	
0.0001532   	304.058   	20.7025   	
0.0001533   	303.908   	20.6637   	
0.0001534   	304.023   	20.4106   	
0.0001535   	304.307   	20.482   	
0.0001536   	304.32   	20.5316   	
0.0001537   	303.689   	20.3301   	
0.0001538   	304.025   	20.3953   	
0.0001539   	304.758   	20.0674   	
0.000154   	304.885   	20.1284   	
0.0001541   	304.747   	20.2092   	
0.0001542   	304.923   	20.4811   	
0.0001543   	305.08   	20.7999   	
0.0001544   	304.84   	21.0412   	
0.0001545   	304.873   	21.2921   	
0.0001546   	304.879   	21.9041   	
0.0001547   	304.672   	22.5406   	
0.0001548   	304.722   	22.2099   	
0.0001549   	304.832   	21.8985   	
0.000155   	305.279   	22.0523   	
0.0001551   	305.925   	21.7934   	
0.0001552   	305.818   	21.5895   	
0.0001553   	305.437   	21.5166   	
0.0001554   	305.173   	21.7286   	
0.0001555   	305.243   	22.229   	
0.0001556   	305.498   	22.445   	
0.0001557   	305.741   	23.0202   	
0.0001558   	305.298   	23.5226   	
0.0001559   	305.068   	23.5541   	
0.000156   	305.187   	23.9304   	
0.0001561   	304.971   	24.0271   	
0.0001562   	305.259   	23.6588   	
0.0001563   	305.181   	22.7634   	
0.0001564   	305.23   	23.051   	
0.0001565   	304.993   	22.8052   	
0.0001566   	305.36   	22.4361   	
0.0001567   	305.343   	22.1777   	
0.0001568   	304.865   	21.8933   	
0.0001569   	304.843   	21.8255   	
0.000157   	305.652   	21.5614   	
0.0001571   	305.836   	21.4033   	
0.0001572   	305.85   	21.3579   	
0.0001573   	306.025   	21.7803   	
0.0001574   	305.986   	21.8252   	
0.0001575   	306.121   	21.8005   	
0.0001576   	306.091   	22.1762   	
0.0001577   	306.244   	22.8686   	
0.0001578   	305.693   	23.6679   	
0.0001579   	305.778   	23.7034   	
0.000158   	306.067   	23.6314   	
0.0001581   	306.444   	23.7515   	
0.0001582   	307.049   	24.0597   	
0.0001583   	307.184   	24.0221   	
0.0001584   	307.01   	23.4928   	
0.0001585   	306.613   	23.3317   	
0.0001586   	306.642   	23.2411   	
0.0001587   	306.522   	23.2399   	
0.0001588   	306.934   	23.8326   	
0.0001589   	306.695   	24.0852   	
0.000159   	306.342   	24.1961   	
0.0001591   	306.672   	24.956   	
0.0001592   	306.199   	24.4668   	
0.0001593   	306.43   	24.2658   	
0.0001594   	306.502   	23.8564   	
0.0001595   	306.338   	23.6786   	
0.0001596   	306.218   	24.3646   	
0.0001597   	306.548   	24.0257   	
0.0001598   	306.719   	23.0957   	
0.0001599   	306.137   	22.6847   	
0.00016   	306.175   	22.6743   	
0.0001601   	306.628   	22.3649   	
0.0001602   	307.023   	22.1265   	
0.0001603   	307.174   	22.2929   	
0.0001604   	307.311   	22.7089   	
0.0001605   	307.22   	23.0944   	
0.0001606   	307.246   	22.9389   	
0.0001607   	307.231   	23.5275   	
0.0001608   	307.306   	23.4219   	
0.0001609   	307.036   	24.3179   	
0.000161   	307.158   	24.6494   	
0.0001611   	307.31   	25.1465   	
0.0001612   	307.465   	25.4726   	
0.0001613   	308.186   	25.63   	
0.0001614   	308.561   	25.5807   	
0.0001615   	308.336   	25.7627   	
0.0001616   	307.955   	25.8722   	
0.0001617   	307.797   	25.4042   	
0.0001618   	307.64   	25.5424   	
0.0001619   	308.37   	25.6227   	
0.000162   	308.289   	25.8492   	
0.0001621   	307.769   	26.0984   	
0.0001622   	307.776   	26.7683   	
0.0001623   	307.847   	26.4431   	
0.0001624   	307.931   	26.656   	
0.0001625   	307.991   	26.4963   	
0.0001626   	307.732   	25.6833   	
0.0001627   	307.609   	26.3972   	
0.0001628   	307.793   	26.0737   	
0.0001629   	308.164   	26.0782   	
0.000163   	307.957   	25.3487   	
0.0001631   	307.62   	25.3786   	
0.0001632   	308.163   	24.9173   	
0.0001633   	308.618   	25.0095   	
0.0001634   	308.81   	24.6923   	
0.0001635   	308.755   	25.0743   	
0.0001636   	308.874   	25.3734   	
0.0001637   	309.119   	25.3034   	
0.0001638   	309.023   	25.6402   	
0.0001639   	308.909   	25.7866   	
0.000164   	308.961   	25.833   	
0.0001641   	308.814   	26.1303   	
0.0001642   	309.103   	26.1663   	
0.0001643   	309.077   	26.061   	
0.0001644   	309.486   	26.2721   	
0.0001645   	310.226   	26.278   	
0.0001646   	310.132   	26.1925   	
0.0001647   	309.727   	26.576   	
0.0001648   	309.568   	26.1553   	
0.0001649   	309.647   	26.2355   	
0.000165   	310.008   	26.2705   	
0.0001651   	310.084   	26.6591   	
0.0001652   	309.663   	27.1673   	
0.0001653   	309.376   	27.5935   	
0.0001654   	309.689   	27.3733   	
0.0001655   	309.63   	27.4849   	
0.0001656   	309.785   	27.2799   	
0.0001657   	309.654   	26.9692   	
0.0001658   	309.676   	27.6315   	
0.0001659   	309.598   	27.9374   	
0.000166   	310.066   	28.0395   	
0.0001661   	309.878   	27.8665   	
0.0001662   	309.637   	27.5917   	
0.0001663   	309.663   	27.3703   	
0.0001664   	310.376   	27.1482   	
0.0001665   	310.655   	27.2388   	
0.0001666   	310.65   	27.445   	
0.0001667   	310.862   	27.9034   	
0.0001668   	310.894   	28.1594   	
0.0001669   	311.013   	28.1605   	
0.000167   	311.013   	28.1478   	
0.0001671   	311.109   	27.934   	
0.0001672   	310.801   	28.1115   	
0.0001673   	311.025   	27.8891   	
0.0001674   	311.062   	27.9795   	
0.0001675   	311.646   	27.7678   	
0.0001676   	312.207   	28.0084   	
0.0001677   	312.336   	28.1148   	
0.0001678   	312.1   	28.7164   	
0.0001679   	311.764   	28.5634   	
0.000168   	312.049   	28.7322   	
0.0001681   	311.891   	28.5322   	
0.0001682   	312.283   	28.1645   	
0.0001683   	312.115   	28.8264   	
0.0001684   	311.723   	29.6224   	
0.0001685   	312.058   	29.9067   	
0.0001686   	311.707   	30.0045   	
0.0001687   	312.084   	30.3258   	
0.0001688   	312.186   	29.9068   	
0.0001689   	312.15   	30.3083   	
0.000169   	311.967   	30.0173   	
0.0001691   	312.266   	30.4053   	
0.0001692   	312.558   	30.3605   	
0.0001693   	312.155   	30.3298   	
0.0001694   	312.178   	30.6062   	
0.0001695   	312.672   	30.212   	
0.0001696   	313.099   	30.1926   	
0.0001697   	313.432   	29.9655   	
0.0001698   	313.544   	29.7053   	
0.0001699   	313.447   	30.0085   	
0.00017   	313.636   	30.4634   	
0.0001701   	313.74   	30.276   	
0.0001702   	313.817   	30.2346   	
0.0001703   	313.495   	29.7696   	
0.0001704   	313.683   	29.4211   	
0.0001705   	313.797   	28.7488   	
0.0001706   	314.106   	28.6395   	
0.0001707   	314.696   	28.4289   	
0.0001708   	315.103   	28.5265   	
0.0001709   	314.925   	29.411   	
0.000171   	314.696   	29.9187   	
0.0001711   	314.695   	30.2012   	
0.0001712   	314.285   	30.1223   	
0.0001713   	315.084   	29.8605   	
0.0001714   	315.056   	29.9179   	
0.0001715   	314.573   	30.8623   	
0.0001716   	314.786   	31.1576   	
0.0001717   	314.641   	31.0552   	
0.0001718   	314.942   	31.9847   	
0.0001719   	314.933   	32.1165   	
0.000172   	314.901   	32.4166   	
0.0001721   	314.754   	32.5651   	
0.0001722   	314.996   	32.5235   	
0.0001723   	315.393   	32.7582   	
0.0001724   	315.162   	32.9135   	
0.0001725   	315.186   	33.3423   	
0.0001726   	315.535   	33.2074   	
0.0001727   	316.09   	33.1772   	
0.0001728   	316.382   	32.812   	
0.0001729   	316.271   	33.3895   	
0.000173   	316.365   	33.3714   	
0.0001731   	316.845   	33.7388   	
0.0001732   	316.73   	33.53   	
0.0001733   	316.706   	33.2105   	
0.0001734   	316.809   	32.9682   	
0.0001735   	316.698   	32.6172   	
0.0001736   	317.135   	31.8418   	
0.0001737   	317.156   	31.6052   	
0.0001738   	317.497   	31.2934   	
0.0001739   	318.22   	31.5097   	
0.000174   	318.109   	31.7173   	
0.0001741   	317.852   	32.2166   	
0.0001742   	317.717   	32.2671   	
0.0001743   	317.634   	32.4374   	
0.0001744   	318.159   	32.2946   	
0.0001745   	318.377   	31.9062   	
0.0001746   	317.856   	31.911   	
0.0001747   	317.602   	32.7509   	
0.0001748   	317.973   	32.401   	
0.0001749   	318.035   	32.4893   	
0.000175   	317.957   	32.9135   	
0.0001751   	318.02   	33.1935   	
0.0001752   	318.02   	33.5918   	
0.0001753   	318.242   	33.3846   	
0.0001754   	318.47   	33.4803   	
0.0001755   	318.431   	33.9552   	
0.0001756   	318.264   	33.9457   	
0.0001757   	318.336   	33.77   	
0.0001758   	319.283   	33.5675   	
0.0001759   	319.456   	33.2285   	
0.000176   	319.358   	33.4542   	
0.0001761   	319.522   	33.1235   	
0.0001762   	319.871   	33.1987   	
0.0001763   	319.943   	33.215   	
0.0001764   	319.834   	32.7993   	
0.0001765   	319.944   	32.5487   	
0.0001766   	319.837   	32.1945   	
0.0001767   	320.014   	31.9155   	
0.0001768   	319.972   	32.0454   	
0.0001769   	320.639   	31.6569   	
0.000177   	321.301   	31.5741   	
0.0001771   	321.414   	31.4037   	
0.0001772   	321.203   	32.1711   	
0.0001773   	320.949   	32.4927   	
0.0001774   	321.129   	32.8354   	
0.0001775   	320.939   	32.2451   	
0.0001776   	321.497   	31.8068   	
0.0001777   	321.204   	31.8257   	
0.0001778   	320.87   	31.855   	
0.0001779   	321.204   	31.3728   	
0.000178   	320.883   	31.7039   	
0.0001781   	321.226   	31.6049   	
0.0001782   	321.276   	31.884   	
0.0001783   	321.378   	32.2654   	
0.0001784   	321.124   	32.2801   	
0.0001785   	321.517   	32.3816   	
0.0001786   	321.715   	32.8524   	
0.0001787   	321.336   	33.4546   	
0.0001788   	321.37   	33.5162   	
0.0001789   	322.034   	33.4956   	
0.000179   	322.419   	33.1959   	
0.0001791   	322.698   	32.8553   	
0.0001792   	322.701   	32.536   	
0.0001793   	322.829   	32.1115   	
0.0001794   	322.923   	32.4075   	
0.0001795   	322.932   	32.4403   	
0.0001796   	323.002   	32.512   	
0.0001797   	322.806   	32.0373   	
0.0001798   	322.925   	31.6717   	
0.0001799   	323.046   	31.8788   	
0.00018   	323.44   	32.1496   	
0.0001801   	324.045   	31.8795   	
0.0001802   	324.344   	31.5492   	
0.0001803   	324.252   	31.8674   	
0.0001804   	324.118   	31.9075   	
0.0001805   	324.157   	32.2949   	
0.0001806   	323.794   	32.1782   	
0.0001807   	324.321   	31.9888   	
0.0001808   	324.229   	31.7125   	
0.0001809   	323.863   	31.4207   	
0.000181   	324.197   	31.0983   	
0.0001811   	323.783   	31.0218   	
0.0001812   	324.075   	30.997   	
0.0001813   	324.024   	31.2354   	
0.0001814   	323.968   	31.9525   	
0.0001815   	324.035   	31.6186   	
0.0001816   	324.206   	31.9425   	
0.0001817   	324.611   	32.0047   	
0.0001818   	324.235   	32.6631   	
0.0001819   	324.203   	33.1241   	
0.000182   	324.691   	33.4736   	
0.0001821   	325.175   	33.4921   	
0.0001822   	325.594   	33.1994   	
0.0001823   	325.324   	32.9475   	
0.0001824   	325.514   	32.6927   	
0.0001825   	325.926   	32.6454   	
0.0001826   	325.857   	32.6285   	
0.0001827   	325.788   	32.8718   	
0.0001828   	325.826   	32.4863   	
0.0001829   	325.757   	32.0197   	
0.000183   	326.028   	32.0121   	
0.0001831   	326.194   	32.231   	
0.0001832   	326.522   	32.3418   	
0.0001833   	327.247   	31.9611   	
0.0001834   	327.023   	31.5593   	
0.0001835   	326.851   	31.9717   	
0.0001836   	326.546   	32.5504   	
0.0001837   	326.353   	32.5939   	
0.0001838   	327.119   	32.571   	
0.0001839   	327.179   	32.2656   	
0.000184   	326.548   	31.7038   	
0.0001841   	326.513   	31.2661   	
0.0001842   	326.829   	30.9531   	
0.0001843   	326.795   	30.9024   	
0.0001844   	326.572   	31.695   	
0.0001845   	326.811   	32.0842   	
0.0001846   	326.592   	32.1635   	
0.0001847   	326.799   	32.6003   	
0.0001848   	327.102   	33.1912   	
0.0001849   	327.041   	33.0714   	
0.000185   	326.702   	33.5207   	
0.0001851   	327.108   	33.6667   	
0.0001852   	327.902   	34.0898   	
0.0001853   	328.126   	34.0795   	
0.0001854   	327.907   	34.1878   	
0.0001855   	328.121   	33.951   	
0.0001856   	328.385   	33.75   	
0.0001857   	328.402   	33.9368   	
0.0001858   	328.265   	33.6474   	
0.0001859   	328.533   	33.3716   	
0.000186   	328.337   	33.3803   	
0.0001861   	328.38   	33.4374   	
0.0001862   	328.545   	33.6862   	
0.0001863   	328.983   	33.7213   	
0.0001864   	329.686   	34.1418   	
0.0001865   	329.655   	33.649   	
0.0001866   	329.423   	33.7009   	
0.0001867   	329.155   	34.1131   	
0.0001868   	329.273   	34.0735   	
0.0001869   	329.43   	33.929   	
0.000187   	329.801   	33.869   	
0.0001871   	329.373   	32.8978   	
0.0001872   	329.319   	32.5365   	
0.0001873   	329.452   	32.4835   	
0.0001874   	329.173   	32.6071   	
0.0001875   	329.408   	33.0205   	
0.0001876   	329.463   	33.2659   	
0.0001877   	329.538   	33.2428   	
0.0001878   	329.349   	33.5875   	
0.0001879   	329.696   	33.9528   	
0.000188   	329.793   	33.7996   	
0.0001881   	329.436   	34.0557   	
0.0001882   	329.413   	34.3712   	
0.0001883   	330.259   	35.5132   	
0.0001884   	330.541   	35.7028   	
0.0001885   	330.746   	35.7093   	
0.0001886   	330.892   	35.4405   	
0.0001887   	331.044   	35.2863   	
0.0001888   	331.102   	35.1862   	
0.0001889   	331.102   	34.7359   	
0.000189   	331.411   	34.736   	
0.0001891   	330.949   	34.4744   	
0.0001892   	331.043   	34.7973   	
0.0001893   	331.379   	35.3471   	
0.0001894   	331.842   	35.4882   	
0.0001895   	332.419   	35.6072   	
0.0001896   	332.551   	35.7951   	
0.0001897   	332.569   	35.5277   	
0.0001898   	332.194   	35.2854   	
0.0001899   	332.314   	35.4703   	
0.00019   	332.199   	35.596   	
0.0001901   	332.61   	35.6437   	
0.0001902   	332.535   	35.2363   	
0.0001903   	332.175   	35.1418   	
0.0001904   	332.493   	34.5536   	
0.0001905   	332.088   	34.8937   	
0.0001906   	332.38   	34.7842   	
0.0001907   	332.397   	35.6064   	
0.0001908   	332.36   	36.1109   	
0.0001909   	332.461   	36.076   	
0.000191   	332.695   	36.0874   	
0.0001911   	333.122   	35.9763   	
0.0001912   	332.539   	36.2883   	
0.0001913   	332.633   	36.6608   	
0.0001914   	333.226   	37.0843   	
0.0001915   	333.714   	37.1321   	
0.0001916   	333.976   	37.6339   	
0.0001917   	333.981   	36.7996   	
0.0001918   	334.214   	36.7285   	
0.0001919   	334.313   	36.6915   	
0.000192   	334.367   	35.9613   	
0.0001921   	334.405   	36.4588   	
0.0001922   	334.383   	35.9408   	
0.0001923   	334.615   	36.0871   	
0.0001924   	334.764   	36.8069   	
0.0001925   	334.859   	36.7928   	
0.0001926   	335.431   	37.2432   	
0.0001927   	336.065   	37.322   	
0.0001928   	335.863   	36.9658   	
0.0001929   	335.674   	36.5905   	
0.000193   	335.443   	36.5364   	
0.0001931   	335.295   	36.5371   	
0.0001932   	336.082   	36.9794   	
0.0001933   	336.065   	36.8015   	
0.0001934   	335.528   	36.5301   	
0.0001935   	335.539   	36.0731   	
0.0001936   	335.705   	36.1401   	
0.0001937   	335.813   	35.8641   	
0.0001938   	335.79   	36.0011   	
0.0001939   	335.762   	36.5788   	
0.000194   	335.714   	36.3025   	
0.0001941   	335.875   	36.4092   	
0.0001942   	336.189   	36.2865   	
0.0001943   	336.241   	36.9216   	
0.0001944   	335.79   	36.6637   	
0.0001945   	336.371   	36.7544   	
0.0001946   	336.995   	36.9785   	
0.0001947   	337.227   	37.4995   	
0.0001948   	337.195   	36.9703   	
0.0001949   	337.482   	36.9522   	
0.000195   	337.761   	36.5771   	
0.0001951   	337.55   	36.5617   	
0.0001952   	337.745   	36.7556   	
0.0001953   	337.791   	36.7389   	
0.0001954   	337.658   	36.4983   	
0.0001955   	337.907   	37.4371   	
0.0001956   	337.961   	37.2648   	
0.0001957   	338.492   	37.5605   	
0.0001958   	339.214   	37.562   	
0.0001959   	339.168   	37.7528   	
0.000196   	338.881   	37.1595   	
0.0001961   	338.718   	37.3129   	
0.0001962   	338.871   	36.9589   	
0.0001963   	339.092   	37.2079   	
0.0001964   	339.332   	37.5913   	
0.0001965   	338.979   	37.517   	
0.0001966   	338.823   	37.0219   	
0.0001967   	338.968   	37.3322   	
0.0001968   	338.842   	37.1155   	
0.0001969   	339.15   	36.9066   	
0.000197   	339.041   	37.0799   	
0.0001971   	339.092   	36.5936   	
0.0001972   	338.992   	36.531   	
0.0001973   	339.503   	36.3343   	
0.0001974   	339.488   	37.0047   	
0.0001975   	338.992   	36.7871   	
0.0001976   	339.174   	37.051   	
0.0001977   	340.008   	36.8238   	
0.0001978   	340.287   	37.1644   	
0.0001979   	340.376   	37.1197   	
0.000198   	340.58   	37.192   	
0.0001981   	340.592   	37.5636   	
0.0001982   	340.832   	37.6334   	
0.0001983   	340.826   	37.6411   	
0.0001984   	341.037   	37.7839   	
0.0001985   	340.578   	38.203   	
0.0001986   	340.765   	38.2518   	
0.0001987   	341.063   	38.307   	
0.0001988   	341.44   	38.4144   	
0.0001989   	342.136   	38.5619   	
0.000199   	342.353   	38.3947   	
0.0001991   	342.22   	38.0732   	
0.0001992   	341.912   	37.987   	
0.0001993   	342.028   	38.1185   	
0.0001994   	341.908   	38.573   	
0.0001995   	342.389   	39.0086   	
0.0001996   	342.199   	38.6565   	
0.0001997   	341.888   	38.6093   	
0.0001998   	342.255   	39.0789   	
0.0001999   	341.806   	39.0847   	
0.0002   	342.182   	38.5234   	
0.0002001   	342.279   	38.3619   	
0.0002002   	342.189   	37.9554   	
0.0002003   	342.032   	38.1905   	
0.0002004   	342.484   	37.8772   	
0.0002005   	342.675   	38.2395   	
0.0002006   	342.239   	37.9544   	
0.0002007   	342.292   	37.8701   	
0.0002008   	342.742   	38.1468   	
0.0002009   	343.237   	37.9964   	
0.000201   	343.523   	38.1886   	
0.0002011   	343.675   	38.4596   	
0.0002012   	343.638   	38.503   	
0.0002013   	343.779   	38.6386   	
0.0002014   	343.839   	39.1248   	
0.0002015   	343.955   	39.4327   	
0.0002016   	343.657   	40.1111   	
0.0002017   	343.952   	40.1389   	
0.0002018   	344.057   	40.2057   	
0.0002019   	344.224   	39.8596   	
0.000202   	345.078   	39.8356   	
0.0002021   	345.485   	39.5387   	
0.0002022   	345.304   	39.3736   	
0.0002023   	345.029   	39.1307   	
0.0002024   	344.986   	39.6883   	
0.0002025   	344.693   	39.8266   	
0.0002026   	345.474   	40.5049   	
0.0002027   	345.46   	40.7687   	
0.0002028   	345.051   	40.7253   	
0.0002029   	345.105   	41.2582   	
0.000203   	345.198   	41.2147   	
0.0002031   	345.349   	40.851   	
0.0002032   	345.399   	40.62   	
0.0002033   	345.195   	40.0222   	
0.0002034   	345.17   	40.1043   	
0.0002035   	345.41   	39.6932   	
0.0002036   	345.737   	39.4683   	
0.0002037   	345.609   	39.1476   	
0.0002038   	345.396   	39.0799   	
0.0002039   	345.962   	39.0296   	
0.000204   	346.41   	38.6978   	
0.0002041   	346.624   	38.8039   	
0.0002042   	346.586   	39.0046   	
0.0002043   	346.686   	39.2636   	
0.0002044   	347.087   	39.1942   	
0.0002045   	347.042   	39.6579   	
0.0002046   	346.993   	39.6409   	
0.0002047   	347.088   	40.8024   	
0.0002048   	347.035   	41.4185   	
0.0002049   	347.306   	41.3948   	
0.000205   	347.354   	41.6093   	
0.0002051   	347.755   	41.7585   	
0.0002052   	348.553   	41.5079   	
0.0002053   	348.438   	41.4503   	
0.0002054   	348.134   	40.9791   	
0.0002055   	348.108   	40.9996   	
0.0002056   	348.135   	40.8551   	
0.0002057   	348.509   	41.2351   	
0.0002058   	348.725   	41.476   	
0.0002059   	348.389   	41.7872   	
0.000206   	348.089   	41.6584   	
0.0002061   	348.489   	41.8001   	
0.0002062   	348.472   	41.8474   	
0.0002063   	348.544   	41.5575   	
0.0002064   	348.469   	40.6381   	
0.0002065   	348.545   	41.1196   	
0.0002066   	348.601   	41.2857   	
0.0002067   	348.994   	40.6933   	
0.0002068   	348.94   	39.689   	
0.0002069   	348.763   	39.7605   	
0.000207   	348.878   	39.6324   	
0.0002071   	349.62   	39.8601   	
0.0002072   	349.965   	39.6325   	
0.0002073   	349.944   	39.5105   	
0.0002074   	350.073   	39.9882   	
0.0002075   	350.323   	40.3354   	
0.0002076   	350.361   	39.9996   	
0.0002077   	350.337   	40.8407   	
0.0002078   	350.498   	41.723   	
0.0002079   	350.32   	42.2593   	
0.000208   	350.581   	42.5333   	
0.0002081   	350.602   	42.785   	
0.0002082   	351.195   	43.4063   	
0.0002083   	351.89   	43.4508   	
0.0002084   	352.056   	43.4819   	
0.0002085   	351.777   	43.3478   	
0.0002086   	351.565   	42.5509   	
0.0002087   	351.904   	42.7618   	
0.0002088   	351.75   	42.5799   	
0.0002089   	352.317   	42.7956   	
0.000209   	352.076   	43.2432   	
0.0002091   	351.785   	42.9872   	
0.0002092   	352.027   	43.4598   	
0.0002093   	351.772   	43.0094   	
0.0002094   	352.254   	42.8276   	
0.0002095   	352.266   	42.3289   	
0.0002096   	352.327   	42.1524   	
0.0002097   	352.064   	42.5498   	
0.0002098   	352.444   	42.5018   	
0.0002099   	352.764   	41.6881   	
0.00021   	352.358   	41.0147   	
0.0002101   	352.418   	41.1862   	
0.0002102   	352.994   	40.8029   	
0.0002103   	353.421   	40.7829   	
0.0002104   	353.78   	40.7321   	
0.0002105   	353.804   	41.1529   	
0.0002106   	353.772   	41.1476   	
0.0002107   	354.001   	41.2847   	
0.0002108   	353.985   	41.4653   	
0.0002109   	354.214   	41.8064   	
0.000211   	353.942   	42.1631   	
0.0002111   	354.115   	42.7115   	
0.0002112   	354.218   	42.5703   	
0.0002113   	354.56   	42.8736   	
0.0002114   	355.205   	42.96   	
0.0002115   	355.581   	42.8973   	
0.0002116   	355.565   	42.5651   	
0.0002117   	355.385   	42.5671   	
0.0002118   	355.445   	42.5757   	
0.0002119   	355.152   	43.0638   	
0.000212   	355.859   	43.1546   	
0.0002121   	355.892   	43.3026   	
0.0002122   	355.454   	43.2611   	
0.0002123   	355.75   	43.4835   	
0.0002124   	355.581   	43.0335   	
0.0002125   	355.852   	43.232   	
0.0002126   	355.885   	43.0392   	
0.0002127   	355.834   	42.3672   	
0.0002128   	355.835   	42.9693   	
0.0002129   	356.015   	43.2219   	
0.000213   	356.494   	43.1751   	
0.0002131   	356.232   	42.5999   	
0.0002132   	356.286   	42.5996   	
0.0002133   	356.653   	42.0521   	
0.0002134   	357.233   	42.4031   	
0.0002135   	357.573   	42.208   	
0.0002136   	357.43   	42.7116   	
0.0002137   	357.574   	42.9252   	
0.0002138   	358.111   	43.1707   	
0.0002139   	357.967   	43.1485   	
0.000214   	357.95   	43.0158   	
0.0002141   	358.069   	43.2673   	
0.0002142   	357.951   	43.6613   	
0.0002143   	358.354   	43.6897   	
0.0002144   	358.513   	43.4525   	
0.0002145   	358.961   	43.7252   	
0.0002146   	359.592   	43.972   	
0.0002147   	359.501   	43.7022   	
0.0002148   	359.468   	44.2478   	
0.0002149   	359.287   	43.92   	
0.000215   	359.14   	43.6529   	
0.0002151   	359.834   	43.3966   	
0.0002152   	360.087   	43.7871   	
0.0002153   	359.588   	44.6586   	
0.0002154   	359.391   	44.9418   	
0.0002155   	359.868   	45.2825   	
0.0002156   	359.919   	45.4534   	
0.0002157   	359.901   	45.1005   	
0.0002158   	360.1   	44.5676   	
0.0002159   	360.009   	44.7672   	
0.000216   	360.202   	45.2527   	
0.0002161   	360.62   	45.1346   	
0.0002162   	360.575   	44.9275   	
0.0002163   	360.391   	44.8957   	
0.0002164   	360.509   	44.5167   	
0.0002165   	361.611   	44.0608   	
0.0002166   	361.719   	44.1841   	
0.0002167   	361.573   	44.2674   	
0.0002168   	361.873   	44.2741   	
0.0002169   	362.265   	44.8225   	
0.000217   	362.332   	44.5973   	
0.0002171   	362.193   	44.6624   	
0.0002172   	362.352   	44.1686   	
0.0002173   	362.332   	44.2779   	
0.0002174   	362.542   	43.4649   	
0.0002175   	362.647   	43.0833   	
0.0002176   	363.244   	42.7211   	
0.0002177   	363.935   	42.7174   	
0.0002178   	364.098   	43.2752   	
0.0002179   	363.908   	43.8832   	
0.000218   	363.817   	43.8463   	
0.0002181   	363.943   	44.0223   	
0.0002182   	363.995   	43.8505   	
0.0002183   	364.513   	43.4799   	
0.0002184   	364.215   	44.021   	
0.0002185   	364.027   	44.8574   	
0.0002186   	364.422   	44.6127   	
0.0002187   	364.171   	45.3319   	
0.0002188   	364.485   	45.5728   	
0.0002189   	364.63   	45.5692   	
0.000219   	364.852   	46.052   	
0.0002191   	364.624   	45.7879   	
0.0002192   	365.194   	45.889   	
0.0002193   	365.352   	46.0509   	
0.0002194   	365.034   	46.3542   	
0.0002195   	365.159   	46.5668   	
0.0002196   	365.95   	46.0922   	
0.0002197   	366.448   	46.1831   	
0.0002198   	366.644   	46.3296   	
0.0002199   	366.782   	46.8196   	
0.00022   	367.119   	46.8765   	
0.0002201   	367.234   	47.1179   	
0.0002202   	367.278   	46.8148   	
0.0002203   	367.547   	46.3864   	
0.0002204   	367.325   	46.4809   	
0.0002205   	367.571   	45.8236   	
0.0002206   	367.832   	45.0708   	
0.0002207   	368.361   	44.732   	
0.0002208   	369.032   	44.5262   	
0.0002209   	369.352   	44.8791   	
0.000221   	369.387   	45.6666   	
0.0002211   	369.209   	45.6576   	
0.0002212   	369.442   	45.8225   	
0.0002213   	369.163   	45.8384   	
0.0002214   	369.732   	45.2548   	
0.0002215   	369.874   	45.0339   	
0.0002216   	369.479   	45.677   	
0.0002217   	370.05   	45.8166   	
0.0002218   	369.583   	45.647   	
0.0002219   	370.093   	45.884   	
0.000222   	370.151   	46.1373   	
0.0002221   	370.203   	46.3724   	
0.0002222   	370.353   	46.3859   	
0.0002223   	370.588   	46.3969   	
0.0002224   	371.15   	46.382   	
0.0002225   	370.803   	46.6152   	
0.0002226   	370.884   	46.2578   	
0.0002227   	371.474   	46.0906   	
0.0002228   	372.063   	45.8619   	
0.0002229   	372.568   	45.4091   	
0.000223   	372.383   	45.3733   	
0.0002231   	372.744   	45.3577   	
0.0002232   	373.158   	45.799   	
0.0002233   	373.197   	46.1416   	
0.0002234   	373.293   	45.3148   	
0.0002235   	373.333   	44.865   	
0.0002236   	373.477   	44.4227   	
0.0002237   	373.868   	44.2088   	
0.0002238   	374.175   	43.9346   	
0.0002239   	374.646   	43.832   	
0.000224   	375.434   	43.7826   	
0.0002241   	375.271   	44.08   	
0.0002242   	375.251   	44.4067   	
0.0002243   	375.06   	44.5212   	
0.0002244   	375.067   	44.7923   	
0.0002245   	375.892   	43.929   	
0.0002246   	376.076   	43.4607   	
0.0002247   	375.517   	43.8035   	
0.0002248   	375.778   	44.1476   	
0.0002249   	376.095   	43.5091   	
0.000225   	376.161   	43.5255   	
0.0002251   	376.218   	43.2765   	
0.0002252   	376.404   	43.9417   	
0.0002253   	376.356   	43.8844   	
0.0002254   	376.665   	44.0809   	
0.0002255   	377.132   	43.9876   	
0.0002256   	377.17   	44.6594   	
0.0002257   	376.887   	45.1814   	
0.0002258   	377.411   	45.1852   	
0.0002259   	378.358   	44.7559   	
0.000226   	378.63   	44.2443   	
0.0002261   	378.656   	44.1174   	
0.0002262   	379.057   	43.7355   	
0.0002263   	379.412   	44.0973   	
0.0002264   	379.423   	44.4143   	
0.0002265   	379.58   	44.1234   	
0.0002266   	379.85   	44.1242   	
0.0002267   	379.861   	43.8204   	
0.0002268   	380.047   	43.5185   	
0.0002269   	380.435   	43.4591   	
0.000227   	380.957   	43.607   	
0.0002271   	381.935   	43.4226   	
0.0002272   	382.011   	43.2927   	
0.0002273   	382.042   	43.6823   	
0.0002274   	381.952   	43.5137   	
0.0002275   	382.286   	44.2062   	
0.0002276   	382.63   	43.941   	
0.0002277   	383.121   	43.7244   	
0.0002278   	382.833   	43.3472   	
0.0002279   	382.975   	43.3246   	
0.000228   	383.247   	42.8745   	
0.0002281   	383.108   	42.8171   	
0.0002282   	383.613   	42.9386   	
0.0002283   	383.741   	43.556   	
0.0002284   	383.985   	43.4695   	
0.0002285   	383.987   	43.4726   	
0.0002286   	384.517   	43.6284   	
0.0002287   	384.749   	44.0065   	
0.0002288   	384.464   	44.5703   	
0.0002289   	384.651   	44.647   	
0.000229   	385.669   	45.0134   	
0.0002291   	386.036   	44.653   	
0.0002292   	386.373   	44.6272   	
0.0002293   	386.772   	44.4653   	
0.0002294   	386.916   	43.7906   	
0.0002295   	387.245   	44.0696   	
0.0002296   	387.475   	44.4048   	
0.0002297   	387.914   	44.6799   	
0.0002298   	387.569   	43.8891   	
0.0002299   	387.894   	43.6454   	
0.00023   	388.43   	43.5369   	
0.0002301   	388.979   	43.4612   	
0.0002302   	389.88   	42.8388   	
0.0002303   	390.232   	42.4932   	
0.0002304   	390.315   	43.0134   	
0.0002305   	390.224   	42.8445   	
0.0002306   	390.498   	43.57   	
0.0002307   	390.658   	43.38   	
0.0002308   	391.274   	43.3744   	
0.0002309   	391.393   	43.1709   	
0.000231   	391.277   	42.7252   	
0.0002311   	391.789   	41.7015   	
0.0002312   	391.525   	41.8232   	
0.0002313   	392.103   	42.5112   	
0.0002314   	392.371   	42.6405   	
0.0002315   	392.376   	43.0836   	
0.0002316   	392.597   	43.0973   	
0.0002317   	393.153   	43.8787   	
0.0002318   	393.63   	44.0217   	
0.0002319   	393.313   	44.339   	
0.000232   	393.605   	44.3933   	
0.0002321   	394.317   	44.5424   	
0.0002322   	394.901   	44.9592   	
0.0002323   	395.36   	44.6518   	
0.0002324   	395.625   	44.6443   	
0.0002325   	395.939   	44.4877   	
0.0002326   	396.221   	44.3889   	
0.0002327   	396.468   	44.6993   	
0.0002328   	396.746   	44.5078   	
0.0002329   	396.736   	43.9249   	
0.000233   	397.28   	44.1027   	
0.0002331   	397.675   	43.9206   	
0.0002332   	398.02   	43.7908   	
0.0002333   	398.858   	43.8072   	
0.0002334   	399.585   	43.9677   	
0.0002335   	399.586   	43.2738   	
0.0002336   	399.561   	43.5646   	
0.0002337   	399.65   	44.0733   	
0.0002338   	399.704   	43.8951   	
0.0002339   	400.679   	43.3252   	
0.000234   	400.861   	42.9438   	
0.0002341   	400.651   	42.0368   	
0.0002342   	400.829   	41.9629   	
0.0002343   	401.198   	42.1379   	
0.0002344   	401.532   	41.8875   	
0.0002345   	401.786   	42.0924   	
0.0002346   	401.771   	42.4245   	
0.0002347   	402.088   	42.4227   	
0.0002348   	402.494   	43.1754   	
0.0002349   	403.032   	43.1598   	
0.000235   	403.188   	43.0902   	
0.0002351   	403.015   	43.4469   	
0.0002352   	403.802   	43.4707   	
0.0002353   	404.597   	44.3253   	
0.0002354   	405.057   	44.334   	
0.0002355   	405.258   	43.9588   	
0.0002356   	405.66   	43.6272   	
0.0002357   	406.198   	43.6577   	
0.0002358   	406.308   	43.3104   	
0.0002359   	406.564   	42.9722   	
0.000236   	406.905   	42.7746   	
0.0002361   	406.93   	42.6557   	
0.0002362   	407.541   	42.916   	
0.0002363   	407.712   	43.1064   	
0.0002364   	408.449   	43.1458   	
0.0002365   	409.492   	43.0002   	
0.0002366   	409.598   	43.0228   	
0.0002367   	409.55   	42.7115   	
0.0002368   	409.595   	43.1083   	
0.0002369   	409.971   	42.8012   	
0.000237   	410.452   	42.7398   	
0.0002371   	410.93   	42.4329   	
0.0002372   	410.797   	41.7851   	
0.0002373   	410.772   	41.6827   	
0.0002374   	411.277   	41.5475   	
0.0002375   	411.416   	41.2942   	
0.0002376   	411.85   	41.8974   	
0.0002377   	411.959   	42.6092   	
0.0002378   	412.263   	42.5105   	
0.0002379   	412.467   	42.6397   	
0.000238   	413.167   	42.7693   	
0.0002381   	413.331   	42.4453   	
0.0002382   	413.292   	42.445   	
0.0002383   	413.578   	42.7439   	
0.0002384   	414.601   	42.904   	
0.0002385   	415.143   	43.2862   	
0.0002386   	415.431   	43.3487   	
0.0002387   	415.807   	42.6176   	
0.0002388   	416.113   	42.1937   	
0.0002389   	416.512   	42.0251   	
0.000239   	416.825   	41.7305   	
0.0002391   	417.242   	41.3704   	
0.0002392   	417.05   	40.9833   	
0.0002393   	417.546   	41.4094   	
0.0002394   	417.983   	41.7167   	
0.0002395   	418.65   	41.9345   	
0.0002396   	419.645   	41.9558   	
0.0002397   	420.063   	42.091   	
0.0002398   	420.001   	41.4243   	
0.0002399   	420.024   	41.221   	
0.00024   	420.441   	40.5545   	
0.0002401   	420.555   	40.7422   	
0.0002402   	421.309   	40.7471   	
0.0002403   	421.34   	40.1881   	
0.0002404   	421.19   	40.2922   	
0.0002405   	421.802   	39.7696   	
0.0002406   	421.71   	39.6465   	
0.0002407   	422.281   	39.5602   	
0.0002408   	422.577   	40.3779   	
0.0002409   	422.811   	40.015   	
0.000241   	422.841   	39.9897   	
0.0002411   	423.432   	39.82   	
0.0002412   	423.907   	39.8775   	
0.0002413   	423.869   	40.4013   	
0.0002414   	424.093   	40.1512   	
0.0002415   	424.772   	40.2685   	
0.0002416   	425.444   	40.2961   	
0.0002417   	426.069   	40.639   	
0.0002418   	426.436   	40.0942   	
0.0002419   	426.689   	40.1193   	
0.000242   	427.044   	39.6439   	
0.0002421   	427.408   	39.282   	
0.0002422   	427.618   	39.8001   	
0.0002423   	427.652   	39.6211   	
0.0002424   	428.204   	39.3586   	
0.0002425   	428.475   	39.6607   	
0.0002426   	429.007   	39.4887   	
0.0002427   	430.013   	39.9529   	
0.0002428   	430.684   	39.9827   	
0.0002429   	430.721   	39.6811   	
0.000243   	430.695   	39.0716   	
0.0002431   	430.892   	38.6235   	
0.0002432   	430.825   	38.7905   	
0.0002433   	431.898   	38.8561   	
0.0002434   	432.037   	39.0331   	
0.0002435   	431.891   	38.6528   	
0.0002436   	432.208   	38.0747   	
0.0002437   	432.5   	38.366   	
0.0002438   	432.855   	37.6754   	
0.0002439   	433.129   	37.8697   	
0.000244   	433.262   	37.81   	
0.0002441   	433.466   	37.2744   	
0.0002442   	433.914   	37.3237   	
0.0002443   	434.516   	37.324   	
0.0002444   	434.627   	37.9649   	
0.0002445   	434.719   	37.4685   	
0.0002446   	435.346   	37.6417   	
0.0002447   	436.18   	37.3065   	
0.0002448   	436.674   	38.0066   	
0.0002449   	436.833   	37.4837   	
0.000245   	437.121   	37.5655   	
0.0002451   	437.807   	37.4667   	
0.0002452   	438.049   	37.3999   	
0.0002453   	438.189   	37.7088   	
0.0002454   	438.544   	37.4663   	
0.0002455   	438.728   	37.5606   	
0.0002456   	439.283   	37.8696   	
0.0002457   	439.61   	37.6603   	
0.0002458   	440.237   	37.8988   	
0.0002459   	441.231   	37.3288   	
0.000246   	441.281   	37.7268   	
0.0002461   	441.299   	36.9566   	
0.0002462   	441.435   	37.0215   	
0.0002463   	441.617   	37.3622   	
0.0002464   	442.311   	37.5898   	
0.0002465   	442.865   	37.2043   	
0.0002466   	442.577   	37.1377   	
0.0002467   	442.576   	36.8703   	
0.0002468   	443.205   	37.622   	
0.0002469   	443.445   	37.1339   	
0.000247   	443.702   	36.8688   	
0.0002471   	443.923   	36.6437   	
0.0002472   	444.183   	36.206   	
0.0002473   	444.482   	35.8901   	
0.0002474   	445.011   	36.205   	
0.0002475   	445.281   	36.2258   	
0.0002476   	445.308   	36.0833   	
0.0002477   	445.624   	36.3046   	
0.0002478   	446.749   	36.088   	
0.0002479   	447.311   	36.0007   	
0.000248   	447.452   	35.7365   	
0.0002481   	447.894   	35.8551   	
0.0002482   	448.404   	36.0066   	
0.0002483   	448.726   	36.3151   	
0.0002484   	448.835   	36.4967   	
0.0002485   	449.318   	36.8081   	
0.0002486   	449.372   	36.8932   	
0.0002487   	449.824   	36.9268   	
0.0002488   	450.061   	36.507   	
0.0002489   	450.993   	36.4366   	
0.000249   	451.804   	36.3231   	
0.0002491   	452.232   	36.1086   	
0.0002492   	452.199   	35.6568   	
0.0002493   	452.209   	35.745   	
0.0002494   	452.579   	36.2334   	
0.0002495   	452.778   	36.1981   	
0.0002496   	453.622   	36.725   	
0.0002497   	453.506   	36.6334   	
0.0002498   	453.418   	36.6451   	
0.0002499   	453.916   	37.3934   	
0.00025   	453.895   	36.6948   	
0.0002501   	454.526   	36.682   	
0.0002502   	454.808   	36.3243   	
0.0002503   	455.116   	36.1258   	
0.0002504   	455.059   	35.8947   	
0.0002505   	455.75   	35.1439   	
0.0002506   	456.159   	35.0894   	
0.0002507   	456.053   	34.7093   	
0.0002508   	456.303   	34.7862   	
0.0002509   	457.2   	34.3482   	
0.000251   	457.919   	34.0636   	
0.0002511   	458.373   	34.0125   	
0.0002512   	458.701   	34.3558   	
0.0002513   	458.95   	34.2746   	
0.0002514   	459.375   	34.0863   	
0.0002515   	459.635   	34.6731   	
0.0002516   	460.047   	34.8981   	
0.0002517   	460.077   	35.6184   	
0.0002518   	460.439   	35.9542   	
0.0002519   	460.868   	35.6488   	
0.000252   	461.503   	35.8164   	
0.0002521   	462.358   	35.9101   	
0.0002522   	462.836   	35.7809   	
0.0002523   	463.024   	35.247   	
0.0002524   	463.113   	34.6341   	
0.0002525   	463.385   	34.536   	
0.0002526   	463.294   	34.5628   	
0.0002527   	464.215   	34.9907   	
0.0002528   	464.369   	35.1027   	
0.0002529   	464.212   	34.6345   	
0.000253   	464.766   	35.1723   	
0.0002531   	464.721   	34.8449   	
0.0002532   	465.197   	34.737   	
0.0002533   	465.435   	34.1284   	
0.0002534   	465.694   	33.6788   	
0.0002535   	465.962   	34.2471   	
0.0002536   	466.295   	33.6514   	
0.0002537   	467.031   	32.7032   	
0.0002538   	466.948   	32.0159   	
0.0002539   	467.228   	31.5255   	
0.000254   	467.805   	31.6523   	
0.0002541   	468.637   	31.5089   	
0.0002542   	469.26   	31.6496   	
0.0002543   	469.286   	31.6888   	
0.0002544   	469.758   	31.5417   	
0.0002545   	470.45   	31.2244   	
0.0002546   	470.593   	31.8537   	
0.0002547   	470.872   	31.7415   	
0.0002548   	471.212   	32.7311   	
0.0002549   	471.298   	33.1478   	
0.000255   	471.902   	33.3949   	
0.0002551   	472.315   	33.7595   	
0.0002552   	472.878   	33.9836   	
0.0002553   	473.796   	33.7977   	
0.0002554   	473.841   	33.592   	
0.0002555   	474.076   	33.414   	
0.0002556   	474.024   	32.895   	
0.0002557   	474.052   	32.8159   	
0.0002558   	475.051   	32.7005   	
0.0002559   	475.458   	32.823   	
0.000256   	475.098   	32.9846   	
0.0002561   	475.234   	32.8603   	
0.0002562   	475.826   	32.6477   	
0.0002563   	476.049   	32.7375   	
0.0002564   	476.187   	32.2558   	
0.0002565   	476.715   	31.3464   	
0.0002566   	476.77   	31.4565   	
0.0002567   	477.156   	31.3499   	
0.0002568   	477.788   	31.0094   	
0.0002569   	478.017   	30.1479   	
0.000257   	477.936   	29.7186   	
0.0002571   	478.48   	29.4159   	
0.0002572   	479.705   	29.3052   	
0.0002573   	480.047   	29.2001   	
0.0002574   	480.129   	28.8242   	
0.0002575   	480.684   	29.0393   	
0.0002576   	481.167   	29.1199   	
0.0002577   	481.465   	28.9385   	
0.0002578   	481.613   	29.2055   	
0.0002579   	482.051   	29.5306   	
0.000258   	482.137   	29.6552   	
0.0002581   	482.578   	30.2761   	
0.0002582   	483.009   	29.7894   	
0.0002583   	483.63   	30.3121   	
0.0002584   	484.615   	29.784   	
0.0002585   	484.946   	29.9812   	
0.0002586   	484.959   	29.3124   	
0.0002587   	485.015   	29.0617   	
0.0002588   	485.342   	29.0514   	
0.0002589   	485.705   	29.2733   	
0.000259   	486.409   	29.4157   	
0.0002591   	486.253   	29.401   	
0.0002592   	486.392   	29.5046   	
0.0002593   	486.87   	29.1941   	
0.0002594   	486.787   	28.9811   	
0.0002595   	487.387   	28.636   	
0.0002596   	487.782   	27.7883   	
0.0002597   	488.101   	27.9556   	
0.0002598   	488.118   	28.1649   	
0.0002599   	488.873   	28.3102   	
0.00026   	489.205   	27.5525   	
0.0002601   	489.162   	26.7379   	
0.0002602   	489.537   	26.6017   	
0.0002603   	490.503   	25.9179   	
0.0002604   	491.036   	26.3233   	
0.0002605   	491.469   	26.3671   	
0.0002606   	491.844   	26.7872   	
0.0002607   	492.292   	27.0355   	
0.0002608   	492.525   	27.0603   	
0.0002609   	492.801   	26.8112   	
0.000261   	493.269   	26.7198   	
0.0002611   	493.021   	26.8277   	
0.0002612   	493.442   	27.0879   	
0.0002613   	493.99   	27.0719   	
0.0002614   	494.646   	27.0004   	
0.0002615   	495.447   	26.7987   	
0.0002616   	495.918   	26.8629   	
0.0002617   	496.116   	26.7946   	
0.0002618   	496.068   	26.9713   	
0.0002619   	496.359   	26.6115   	
0.000262   	496.367   	26.3355   	
0.0002621   	497.07   	26.0062   	
