179.007	11.6725
179.015	11.7368
179.29	11.7647
179.241	11.5611
179.625	11.2897
179.298	11.5961
179.356	11.5107
179.248	11.6545
179.093	11.3823
178.794	11.295
178.742	11.525
179.102	11.2437
179.202	11.4074
179.39	11.3964
179.521	11.466
179.347	11.6161
179.412	11.5861
179.323	11.6538
179.389	11.7582
179.383	11.5028
179.172	11.7592
179.192	11.7459
179.106	11.725
179.017	11.8366
179.141	11.7368
179.059	11.3013
178.835	11.6269
178.776	11.6396
178.985	11.5908
179.286	11.5395
179.729	11.7087
179.564	11.6345
179.753	11.7501
179.765	11.4537
180.037	11.9538
179.965	11.5544
179.936	11.3958
179.935	11.8653
180.014	12.1137
180.15	12.5861
180.16	12.342
180.104	12.5157
180.344	12.3103
180.373	12.4634
180.307	12.5642
180.061	12.7269
180.237	13.0478
180.244	13.3368
180.298	13.4044
180.147	13.3284
180.135	12.951
180.398	13.0238
180.484	13.365
180.246	13.4677
180.355	13.5599
180.56	13.8645
180.598	13.5963
180.545	13.6237
180.466	13.3612
181.016	13.3739
181.229	13.6353
181.631	13.6558
181.652	13.7536
181.696	13.781
181.767	14.2363
181.655	13.9102
181.808	14.1071
181.765	14.1556
182.137	14.118
181.983	14.7975
182.163	14.571
182.16	14.4645
182.314	14.3511
182.562	14.6796
182.763	15.3708
182.923	14.8536
182.87	14.6047
182.718	14.6646
183.054	14.4437
183.096	14.1726
183.249	14.3129
183.389	14.3584
183.693	14.0678
183.554	14.3531
183.686	14.0976
183.607	14.2707
183.477	14.1262
183.108	14.1573
183.065	14.2769
183.124	14.0911
183.357	14.1609
183.512	13.9822
183.598	13.8316
183.314	13.8406
183.415	13.9557
183.44	14.1844
183.361	14.3213
183.515	14.1107
183.419	13.9227
183.35	14.2494
183.357	14.3172
183.263	14.0564
183.454	13.9162
183.345	13.6164
183.176	14.0355
183.111	14.1844
183.281	14.1058
183.668	14.307
184.175	14.2937
184.157	14.4014
184.284	14.255
184.377	14.063
184.46	14.2956
184.647	14.2579
184.523	13.8223
184.738	14.0935
184.736	14.2796
184.918	14.4001
184.888	14.1548
185.016	14.3166
185.171	14.2625
185.341	14.313
185.238	14.477
185.062	14.8197
185.292	15.0052
184.98	15.3283
185.245	15.6978
185.125	16.2209
185.13	15.5945
185.301	15.6317
185.314	15.9923
185.069	16.1705
185.346	16.1473
185.637	16.3494
185.624	16.3062
185.691	16.3674
185.574	16.492
185.8	16.4727
186.314	16.3628
186.437	16.4405
186.671	16.3968
186.687	16.4466
186.697	17.0439
186.929	16.717
186.984	16.5652
187.14	16.6631
187.309	16.7458
187.452	16.8948
187.333	16.6458
187.378	16.5063
187.563	16.7988
187.787	17.0433
188.04	17.3001
187.952	17.0444
188.203	16.8755
187.846	16.9696
188.227	16.6325
188.206	16.546
188.419	16.7628
188.605	16.8413
188.72	16.7686
188.591	17.1184
188.541	17.0653
188.564	16.9467
188.381	17.1219
188.132	17.0207
188.147	17.1652
188.143	17.132
188.417	16.959
188.489	16.7406
188.446	16.8942
188.287	16.9093
188.532	17.06
188.489	17.0279
188.159	17.4177
188.236	17.1062
188.146	17.3561
188.199	17.7318
188.038	17.7664
188.223	17.612
188.062	17.3399
188.008	17.1667
187.865	17.0854
187.799	17.2759
187.876	17.3365
188.032	17.5077
188.568	17.4864
188.815	17.6599
188.797	17.3893
188.682	17.4398
189.015	17.4703
189.12	17.855
189.192	17.4691
189.092	17.2545
189.207	16.9816
189.376	17.1307
189.64	17.0894
189.701	17.0579
189.712	17.3347
190.035	17.3745
189.98	17.487
189.95	17.4695
189.859	17.6868
189.845	17.8186
189.838	18.2196
189.782	18.8149
189.544	18.2093
189.707	17.9339
189.85	18.1343
189.497	18.1118
189.72	18.3694
190.006	18.4859
189.909	18.4864
190	18.5137
189.807	18.4864
190.009	18.5199
190.342	18.4463
190.335	18.6517
190.725	18.6942
190.564	18.7405
190.508	19.131
190.627	19.1923
190.618	19.2747
190.681	19.3551
190.768	19.2894
191.16	19.3272
190.93	19.3393
191.154	19.2347
191.334	19.1137
191.315	19.4606
191.576	19.5506
191.608	19.5919
191.755	19.2921
191.367	19.1771
191.671	19.0796
191.835	19.1459
191.854	19.3352
192.347	19.6378
192.209	19.6446
192.481	19.5445
192.198	19.8151
192.417	19.4054
192.283	19.796
191.98	20.141
192.089	19.8053
191.848	19.7145
192.077	19.5174
192.029	19.4464
192.353	19.5551
192.259	19.6897
192.281	19.8119
192.265	19.7469
192.05	19.9823
192	20.093
192.021	20.0635
191.929	19.8304
191.813	20.0379
192.054	19.916
191.813	19.7091
192.033	19.9945
191.728	19.4716
191.694	19.835
191.752	19.8655
191.871	20.0442
192.318	20.1318
192.799	20.5178
192.638	20.4644
192.717	20.3098
192.847	20.0227
193.074	20.3295
192.746	19.8609
192.69	19.5214
193.031	19.3317
193.099	19.3949
193.377	19.4784
193.466	19.3012
193.567	19.4621
193.678	19.4297
193.729	19.3325
193.718	19.1073
193.357	19.3736
193.378	19.9382
193.419	20.0359
193.339	20.4413
193.277	20.1716
193.238	20.0383
193.4	20.0282
193.269	20.2791
193.359	20.4702
193.572	20.1369
193.536	20.2711
193.561	20.1008
193.49	20.4086
193.411	20.4681
193.745	20.1626
194.019	20.2756
194.27	20.2714
194.263	20.1172
194.163	20.3976
194.398	20.8081
194.306	20.6374
194.539	20.8378
194.508	20.8263
194.651	20.9945
194.53	21.1269
194.522	21.1664
194.629	21.2941
194.77	21.468
195.013	21.5273
194.992	21.6202
195.347	21.3645
195.019	21.1425
195.145	21.34
195.213	21.5297
195.112	21.544
195.294	22.0185
195.225	22.2935
195.714	22.1222
195.42	22.2298
195.456	22.0483
195.333	22.1909
195.309	22.6965
194.89	22.3587
194.865	22.3655
195.193	22.0398
195.094	22.2958
195.161	22.5996
195.222	22.4577
195.066	22.2594
194.989	22.5633
194.898	22.2745
194.9	22.4859
194.826	22.3962
194.719	22.3086
194.708	22.3544
194.717	22.4178
194.791	22.1876
194.796	21.9782
194.831	21.5912
194.547	21.5894
194.512	21.5031
194.665	21.5086
195.068	21.8313
195.482	22.0884
195.454	22.1965
195.55	22.1189
195.598	22.0242
195.989	22.3153
195.938	21.9772
195.786	21.5453
196.047	21.6673
196.101	21.6606
196.343	21.7081
196.416	21.6807
196.463	21.6417
196.673	21.6738
196.828	21.3413
196.694	21.1213
196.442	21.2174
196.686	21.599
196.547	21.8248
196.514	21.7813
196.316	22.1107
196.297	21.8195
196.44	21.9964
196.464	22.2129
196.163	22.2366
196.373	22.4822
196.593	22.7552
196.586	22.461
196.479	22.4536
196.438	22.4969
196.868	22.3815
197.083	22.3576
197.301	22.5721
197.35	22.6035
197.396	22.6069
197.409	23.1359
197.37	23.0612
197.653	23.1183
197.708	23.1951
197.943	23.4177
197.953	23.5768
198.093	23.5811
198.14	23.8762
198.311	23.6354
198.554	23.9916
198.786	24.1766
198.898	23.7973
198.832	23.7435
198.683	23.8911
198.938	24.0211
198.914	24.1547
199.056	24.5087
199.001	24.537
199.273	24.4751
199.099	24.5635
199.12	24.45
199.084	24.612
198.951	25.1001
198.646	24.845
198.623	24.886
198.678	24.7606
198.727	24.8424
198.998	24.8468
199.015	24.7358
198.715	24.4025
198.849	24.4165
198.901	24.5951
198.676	24.5757
198.836	24.7955
198.759	24.6443
198.769	24.3954
198.714	24.6055
198.762	24.406
198.822	24.3902
198.627	24.0048
198.454	24.0645
198.261	24.1233
198.67	24.059
198.814	24.184
199.345	24.3503
199.226	24.4384
199.405	24.217
199.393	24.007
199.547	24.0792
199.793	24.1549
199.636	23.9376
199.801	23.7421
199.769	24.1686
200.203	24.2409
200.353	24.0071
200.509	23.9536
200.528	24.0982
200.877	23.7395
200.759	23.4279
200.567	23.7686
200.713	24.0614
200.404	24.3417
200.678	24.2399
200.429	24.9536
200.419	24.4365
200.569	24.4736
200.609	24.3145
200.286	24.8638
200.628	24.8296
200.772	25.1152
200.851	25.2263
200.901	25.217
200.66	25.1651
200.905	25.0918
201.38	24.9135
201.571	25.2201
201.827	25.447
201.84	25.2397
201.934	25.6301
202.053	25.4897
202.241	25.6023
202.43	25.8553
202.574	26.0472
202.792	25.9088
202.764	26.2438
203.091	26.4542
203.274	26.2317
203.486	26.2248
203.588	26.2191
203.674	26.112
203.934	26.1668
203.511	26.0717
203.825	26.2205
203.858	26.321
204.029	26.5955
204.225	26.6227
204.11	26.6775
204.065	26.6725
204.017	26.6108
204.023	26.5017
204.085	26.9432
203.804	26.5944
203.849	26.5017
203.698	26.7898
203.926	26.3576
204.076	26.726
204.14	26.589
204.052	26.3679
204.306	26.2047
204.211	26.292
203.974	26.1911
204.089	26.3465
204.115	26.4222
204.183	26.1447
203.958	26.4856
204.252	26.0921
204.096	26.1663
204.188	25.9901
204.05	25.6164
204	25.8202
204.114	25.6734
204.181	25.6139
204.811	25.6885
205.083	25.735
204.964	25.9014
204.944	26.0275
205.222	26.0789
205.345	26.2195
205.468	26.2398
205.506	26.0457
205.721	25.9669
205.856	26.3341
206.076	26.149
206.173	26.0565
206.133	26.0705
206.454	25.9444
206.434	25.5182
206.499	25.6767
206.409	25.8873
206.463	26.3146
206.522	26.2127
206.538	26.4639
206.326	26.2881
206.615	26.3065
206.571	26.269
206.513	26.5854
206.662	26.7305
207.046	26.8603
206.961	27.1589
207.19	26.8268
207.099	26.8917
207.22	26.403
207.629	26.6606
207.833	26.8874
208.294	26.9216
208.286	26.744
208.342	27.2724
208.527	26.9703
208.521	27.1048
208.786	27.5152
208.928	27.6956
209.394	27.5565
209.285	27.7922
209.506	27.7923
209.915	27.7894
209.825	27.5826
210.259	27.4264
210.135	27.6541
210.476	27.6006
210.188	27.1985
210.338	27.3704
210.568	27.4136
210.532	27.6387
210.989	27.5606
210.905	27.6799
211.24	27.5699
210.908	27.2454
211.222	27.1444
211.14	27.2512
210.904	27.4176
210.86	27.2313
210.752	27.5235
210.992	27.2967
210.973	27.6188
211.228	27.7612
211.361	27.6776
211.313	27.3661
211.264	27.3238
211.181	27.272
211.151	27.307
211.291	27.445
211.202	27.3579
211.141	27.3566
211.399	27.2394
211.185	26.95
211.41	27.3117
211.265	26.9484
211.24	26.9714
211.28	26.9142
211.464	26.6626
211.887	26.6408
212.513	26.9436
212.36	27.0125
212.486	27.1844
212.618	27.2922
212.9	27.2776
212.754	27.2687
212.855	27.2698
213.028	27.0838
213.233	27.5578
213.423	27.4252
213.518	27.2175
213.621	27.2823
213.912	27.1899
213.93	26.7434
214.028	26.7399
213.787	27.0456
213.942	27.4819
214.01	27.2892
214.021	27.3831
213.933	27.3415
214.012	27.1294
214.305	27.0543
214.226	27.0119
214.214	27.2203
214.42	27.0937
214.486	27.6788
214.587	27.4619
214.552	27.5244
214.543	27.2092
215.109	27.2915
215.441	27.5759
215.698	27.6232
215.884	27.4759
215.742	27.9046
215.929	27.9422
215.962	27.9066
216.306	27.9933
216.379	28.2291
216.718	28.1076
216.696	28.2953
216.887	28.2307
217.188	28.421
217.301	27.8853
217.503	27.9673
217.666	28.0026
217.932	27.9724
217.692	27.6593
217.788	27.7327
218.096	27.8688
218.076	28.0699
218.369	27.9658
218.275	27.8966
218.746	27.5966
218.611	27.4335
218.603	27.443
218.546	27.4454
218.487	27.6079
218.136	27.3045
218.059	27.7549
218.257	27.4776
218.396	27.4223
218.546	27.6825
218.666	27.4768
218.645	27.1046
218.64	27.1364
218.618	26.9649
218.675	27.0923
218.698	27.277
218.871	27.5317
218.774	27.3943
218.76	27.5304
218.736	27.3441
218.868	27.39
218.977	27.2982
218.601	27.3048
218.629	27.2045
218.839	26.8412
219.344	26.5881
219.78	26.9
219.798	27.1756
219.997	27.2662
220.11	27.5029
220.321	27.2898
220.527	27.4961
220.393	27.5001
220.563	27.2178
220.609	27.2942
220.961	27.458
221.119	27.1047
221.289	27.2858
221.6	27.2288
221.763	26.5385
221.757	26.6281
221.619	26.7284
222.085	26.8277
221.998	27.0339
222.226	26.88
222.13	27.0534
222.098	26.7705
222.429	26.5048
222.425	26.4512
222.242	26.4447
222.389	26.8669
222.595	26.9198
222.665	27.0359
222.606	26.9914
222.645	26.9138
223.131	26.7205
223.428	26.7709
223.721	26.9627
223.996	26.6434
224.108	26.5843
224.087	26.8825
224.166	26.7794
224.419	26.8579
224.658	26.8969
225.015	27.04
224.941	27.1638
225.064	27.2833
225.222	27.575
225.337	27.0261
225.612	27.1501
225.92	27.0261
225.946	26.7973
226.172	26.648
225.927	26.6078
226.433	26.8732
226.402	27.0055
226.737	27.1103
226.983	27.0421
227.195	26.6765
227.252	26.5648
227.264	26.4687
227.268	26.3613
227.234	26.4798
227.026	25.9786
227.12	26.2544
227.209	26.0474
227.487	25.7499
227.863	25.8093
228.008	25.6675
227.93	25.1118
228.117	25.0048
228.321	24.8708
228.245	24.6999
228.461	24.9057
228.375	24.8171
228.564	24.6465
228.456	24.8791
228.656	24.8133
228.783	24.7006
228.698	24.6958
228.665	24.6287
228.523	24.7575
228.818	24.4375
229.103	24.1087
229.765	24.3956
229.875	24.4919
230.032	24.5606
230.005	24.8119
230.407	24.4661
230.551	24.7498
230.552	24.8656
230.783	24.6975
230.874	24.7737
231.284	25.0612
231.498	24.6557
231.819	24.4322
231.916	24.5556
232.295	24.3224
232.349	24.1934
232.302	24.3137
232.582	24.3362
232.47	24.3167
232.853	24.1953
232.887	24.5425
232.904	24.0205
233.149	23.8952
233.301	23.6482
232.988	23.6773
233.337	23.7864
233.585	23.7813
233.687	24.2155
233.843	23.9895
233.777	23.8767
234.038	23.5712
234.605	23.6027
234.783	23.7405
235.237	23.6447
235.262	23.2406
235.41	23.6915
235.578	23.424
235.754	23.6132
235.992	23.5966
236.177	23.5296
236.616	23.3659
236.576	23.7161
236.975	23.8221
237.229	23.4066
237.361	23.3733
237.652	23.0995
237.775	23.0586
237.98	23.166
237.698	22.702
238.205	22.9141
238.355	23.2171
238.472	23.4477
238.948	23.2364
238.975	23.1629
239.067	22.9944
238.935	22.7604
239.103	23.0511
239.276	23.0276
238.946	22.817
238.979	22.7343
238.808	22.7777
239.255	22.4237
239.432	22.4354
239.667	22.3887
239.681	22.0447
239.944	21.8261
240.017	21.6992
239.935	21.5675
239.995	21.5924
240.129	21.6256
240.086	21.4791
239.84	21.7226
240.218	21.6547
240.093	21.7745
240.273	21.7726
240.139	21.6182
240.034	21.9111
240.227	21.8992
240.379	21.565
240.971	21.5855
241.362	21.5898
241.245	21.8409
241.341	22.1399
241.589	22.2566
241.837	22.294
241.86	22.4301
241.888	22.4146
242.185	22.1991
242.24	22.6123
242.59	22.3129
242.767	22.0118
242.952	22.0087
243.287	22.1449
243.43	21.7604
243.491	21.8224
243.397	21.941
243.53	22.2697
243.688	22.0932
243.667	22.307
243.593	21.9814
243.968	21.932
244.015	21.6418
243.965	21.7025
244.033	21.8882
244.429	21.7924
244.394	22.108
244.581	21.9568
244.624	22.0425
244.648	21.7057
245.148	21.6642
245.419	21.9836
245.785	21.931
245.944	21.5364
245.895	21.7554
246.174	21.5816
246.139	21.6363
246.377	21.7557
246.64	21.563
246.992	21.6138
246.969	21.8132
247.175	21.9228
247.518	21.5811
247.488	21.4229
247.936	21.2395
247.917	21.1708
248.276	21.2343
248.016	20.969
248.236	21.2111
248.567	21.3313
248.685	21.5265
248.981	21.3671
249	21.4432
249.395	21.0617
249.082	20.8563
249.25	21.1613
249.19	20.9829
249.024	20.9154
248.931	20.6527
248.93	20.754
249.28	20.3479
249.376	20.3108
249.554	20.2757
249.853	20.1778
249.768	19.7769
249.852	19.5446
249.826	19.6366
249.872	19.5909
249.988	19.6265
249.883	19.7483
249.918	19.5739
249.978	19.5829
249.898	19.3891
250.056	19.711
249.998	19.7117
249.894	19.7544
249.889	19.753
250.06	19.7555
250.436	19.5409
251.092	19.8579
250.893	19.8086
251.024	20.0641
251.126	20.1631
251.485	20.1563
251.361	20.2114
251.441	20.1563
251.718	20.1259
251.876	20.5873
252.147	20.3562
252.251	20.3042
252.364	19.9789
252.76	20.1479
252.809	20.0995
252.874	20.1962
252.656	20.5127
253.028	20.6381
253.128	20.3786
253.2	20.5429
253.08	20.4944
253.165	20.358
253.489	20.149
253.444	20.1586
253.407	20.2824
253.588	20.3077
253.648	20.5395
253.747	20.412
253.829	20.4959
253.78	20.1414
254.309	20.1596
254.649	20.4679
254.944	20.3976
255.225	20.1512
255.123	20.2077
255.275	20.1539
255.301	20.2903
255.623	20.3779
255.673	20.3748
256.029	20.4056
256.005	20.6312
256.117	20.6534
256.467	20.7844
256.59	20.2213
256.862	20.3129
257.036	20.2931
257.303	20.1688
257.202	20.034
257.216	20.0051
257.613	20.1871
257.578	20.4773
257.856	20.2547
257.843	20.1969
258.244	19.7423
258.114	19.6529
258.176	19.6298
258.108	19.4788
257.999	19.2516
257.746	18.9128
257.767	19.1139
257.959	18.875
258.14	18.7737
258.453	18.7976
258.551	18.5572
258.464	18.0955
258.599	17.923
258.656	17.6802
258.645	17.7146
258.729	17.9349
258.78	17.866
258.674	17.6258
258.673	17.7317
258.681	17.3801
258.759	17.6062
258.755	17.5389
258.474	17.6
258.496	17.6544
258.667	17.5474
259.079	17.2448
259.555	17.3365
259.603	17.3507
259.752	17.319
259.84	17.6747
260	17.4326
260.218	17.6094
260.071	17.6746
260.221	17.4747
260.309	17.5719
260.69	17.7345
260.769	17.4083
261.023	17.4647
261.25	17.6457
261.44	17.2923
261.359	17.3021
261.338	17.5647
261.701	17.6854
261.555	17.7403
261.823	17.7732
261.582	17.9634
261.714	17.7846
261.949	17.5286
261.927	17.6609
261.717	17.7339
261.961	18.0254
262.253	17.6502
262.246	18.0189
262.241	18.1143
262.266	17.9919
262.622	17.8066
263.045	17.9113
263.267	17.8808
263.446	17.8474
263.585	17.782
263.542	17.9526
263.795	17.908
263.844	17.9118
264.101	17.998
264.425	18.1618
264.502	18.2878
264.56	18.6335
264.71	18.62
264.903	18.0197
265.171	18.0188
265.511	18.0139
265.389	17.9662
265.669	17.7537
265.365	17.6957
265.848	18.0028
265.735	18.1025
265.98	18.0836
266.227	17.9729
266.404	17.8933
266.372	17.563
266.322	17.5797
266.312	17.5814
266.341	17.4575
266.042	17.1453
266.095	17.2204
266.05	17.3218
266.341	16.8417
266.623	16.8773
266.694	16.7781
266.554	16.2253
266.786	16.0464
266.919	16.0745
266.648	16.0226
266.93	16.2115
266.775	16.1426
266.877	15.8542
266.766	16.004
266.912	15.8278
266.87	15.7124
266.773	15.8603
266.631	15.8954
266.544	16.0069
266.743	15.8207
266.867	15.4979
267.486	15.6644
267.649	15.4841
267.706	15.6222
267.638	15.8381
267.968	15.7571
268.079	15.8078
268.133	15.5964
268.206	15.8127
268.274	15.6708
268.572	15.9947
268.75	15.5825
268.956	15.4004
269.111	15.4521
269.406	15.6512
269.316	15.5241
269.417	15.5716
269.411	15.8359
269.473	15.8399
269.714	15.8479
269.75	16.3515
269.581	15.7609
269.69	15.7945
269.899	15.8526
269.552	15.8938
269.803	16.028
269.991	15.6475
270.024	16.062
270.192	16.0888
270.016	16.0874
270.302	15.5238
270.756	15.5121
270.82	15.8754
271.21	15.9324
271.281	15.7337
271.26	15.869
271.485	15.6701
271.471	15.9728
271.706	16.1453
271.829	16.1905
272.321	15.984
272.165	16.3572
272.504	16.5544
272.715	16.0675
272.777	15.8438
272.979	15.7743
273.059	15.9855
273.194	15.9405
272.915	15.4382
273.293	15.5609
273.444	15.7771
273.443	15.8571
273.97	15.4939
273.832	15.6135
273.971	15.3104
273.88	15.2694
273.959	15.2708
273.974	15.3757
273.624	15.1803
273.602	15.1859
273.431	15.517
273.81	15.2185
273.84	15.0364
274.153	15.1588
274.154	14.9774
274.271	14.8452
274.283	14.6469
274.182	14.595
274.245	14.7187
274.295	14.8976
274.231	14.6164
273.98	14.894
274.312	14.712
273.99	14.9068
274.215	14.9536
274.037	15.0876
273.971	15.1457
274.046	15.2019
274.106	15.1348
274.582	15.039
275.02	14.9759
274.899	14.9322
274.893	15.2065
275.155	15.4167
275.34	15.47
275.202	15.1846
275.192	15.3159
275.535	15.5523
275.526	15.7623
275.878	15.2481
275.907	15.3589
276.107	15.4356
276.44	15.7337
276.432	15.3847
276.476	15.3542
276.216	15.6933
276.404	15.9174
276.493	15.8086
276.464	16.169
276.461	15.778
276.649	15.8366
276.704	15.7302
276.567	15.8589
276.639	16.1088
276.876	15.7478
276.772	16.042
277.028	16.1668
276.967	16.2644
276.972	15.8912
277.358	15.5304
277.69	15.7318
278.002	15.837
278.09	15.7891
277.981	15.8522
278.256	15.7755
278.131	15.7915
278.401	15.9511
278.526	15.9742
278.842	15.8134
278.7	16.2196
278.85	16.3713
279.052	16.2011
279.151	15.6858
279.476	15.6031
279.492	15.782
279.742	15.7905
279.427	15.4661
279.637	15.5239
279.901	15.681
279.929	15.7674
280.188	15.4749
280.181	15.6173
280.508	15.2412
280.178	15.2745
280.283	15.4058
280.178	15.2697
280.027	15.1053
279.736	14.9396
279.696	15.1155
280.086	14.8836
280.12	14.6657
280.323	14.8046
280.475	14.7908
280.342	14.4984
280.41	14.3321
280.267	14.3266
280.372	14.3261
280.385	14.6917
280.257	14.4671
280.277	14.4921
280.248	14.4658
280.234	14.2545
280.286	14.593
280.162	14.6287
279.955	14.7735
279.876	14.6417
280.086	14.8007
280.395	14.4899
280.882	14.6552
280.666	14.4949
280.858	14.7752
280.866	14.8795
281.144	14.9152
281.06	14.89
281.105	15.0451
281.28	15.1298
281.374	15.3755
281.576	14.8747
281.666	15.0103
281.699	14.9799
282.093	15.274
282.111	15.1185
282.059	15.118
281.826	15.3234
282.166	15.3787
282.207	15.3655
282.251	15.479
282.106	15.5342
282.074	15.3451
282.331	15.0822
282.39	15.3247
282.063	15.224
282.211	15.3386
282.374	15.3365
282.431	15.5995
282.34	15.8584
282.245	15.4003
282.8	15.1466
282.941	15.3904
283.291	15.3473
283.41	15.2706
283.456	15.3477
283.534	15.4454
283.388	15.4323
283.683	15.4481
283.643	15.5688
284.046	15.6859
283.944	15.6493
284.108	15.6721
284.149	16.0084
284.279	15.2882
284.563	15.2706
284.755	15.4859
284.888	15.4383
284.791	15.1515
284.602	15.055
284.954	15.3739
284.979	15.5667
285.084	15.3134
285.164	15.3289
285.443	15.1722
285.309	15.2515
285.327	15.294
285.213	15.1427
285.075	14.9289
284.697	14.9427
284.743	14.9385
284.742	14.9425
284.931	14.7792
285.127	15.0295
285.258	14.7109
285.043	14.701
285.164	14.3088
285.196	14.4053
285.097	14.1843
285.188	14.469
285.103	14.4965
284.967	14.5644
284.886	14.5797
284.789	14.3226
284.965	14.1578
284.801	14.3205
284.563	14.4085
284.47	14.2686
284.585	14.387
284.955	14.1808
285.402	14.215
285.343	14.0785
285.433	14.3658
285.476	14.5411
285.566	14.4622
285.715	14.6744
285.544	14.4713
285.713	14.6376
285.669	14.5047
285.972	14.3744
286.034	14.0399
286.246	14.3228
286.444	14.4306
286.54	14.183
286.434	14.4201
286.283	14.5093
286.598	14.3386
286.334	14.5425
286.633	14.5999
286.466	14.9487
286.421	14.3799
286.542	14.185
286.549	14.6462
286.246	14.6455
286.441	14.689
286.668	14.4609
286.632	14.9039
286.63	15.2289
286.474	15.0409
286.658	14.6659
287.121	14.6237
287.248	14.7551
287.439	14.9198
287.499	14.8954
287.461	15.0367
287.593	14.8058
287.61	14.8664
287.825	14.8605
287.971	14.9331
288.14	14.9739
288.049	15.2849
288.188	15.4966
288.385	14.7691
288.559	14.6283
288.764	14.663
288.675	14.692
288.901	14.6665
288.476	14.3882
288.883	14.285
288.797	14.5539
288.983	14.4364
289.145	14.2889
289.246	14.396
289.131	14.1589
289.101	14.1393
289.044	14.102
288.908	13.8803
288.604	13.7559
288.566	13.8547
288.469	13.8982
288.76	13.6392
288.879	13.8046
288.891	13.8583
288.727	13.727
288.982	13.5846
288.97	13.6186
288.708	13.6304
288.801	13.5695
288.715	13.7707
288.705	13.8293
288.535	14.0144
288.661	13.9611
288.447	13.724
288.34	13.6699
288.164	13.7043
288.084	13.489
288.15	13.3908
288.213	13.5278
288.766	13.7044
288.945	13.2639
288.875	13.5313
288.719	13.7991
288.99	13.8732
289.092	14.1946
289.118	14.1081
289.027	14.1968
289.181	13.9129
289.288	14.0677
289.467	13.8119
289.585	13.8888
289.605	14.2089
289.942	14.1101
289.829	14.0191
289.787	14.0289
289.748	14.056
289.862	13.9976
289.953	14.0838
289.902	14.6404
289.628	14.139
289.768	13.9885
289.858	14.0684
289.474	14.0916
289.717	14.3093
289.918	13.9557
289.764	14.5299
289.876	14.7512
289.735	14.571
289.864	14.324
290.208	14.0531
290.237	14.5334
290.643	14.497
290.599	14.7069
290.508	14.6311
290.709	14.5108
290.662	14.7175
290.826	14.9049
290.951	14.8892
291.303	14.6242
291.113	14.7794
291.308	15.0567
291.508	14.5818
291.458	14.2957
291.687	14.3349
291.693	14.5215
291.785	14.5028
291.419	13.829
291.702	13.9376
291.848	14.1909
291.8	14.3956
292.255	14.128
292.043	14.4412
292.3	14.0023
291.928	14.1205
292.054	13.9093
291.935	13.7704
291.557	13.8305
291.539	14.0617
291.314	14.2829
291.504	13.8732
291.494	13.7535
291.799	14.058
291.769	13.9434
291.815	13.9722
291.776	13.9269
291.685	13.8631
291.576	13.6722
291.546	13.9991
291.426	13.9681
291.196	14.1055
291.386	14.0483
291.112	14.062
291.234	13.9569
290.943	14.0652
290.805	13.8284
290.811	13.6065
290.942	13.6892
291.281	13.9012
291.754	13.792
291.506	13.7053
291.539	14.2126
291.567	14.3569
291.823	14.4886
291.541	14.5466
291.486	14.4134
291.79	14.2918
291.855	14.4156
292.07	14.1899
292.152	14.1272
292.193	14.3171
292.353	14.3859
292.401	14.0705
292.439	14.0217
292.037	14.13
292.141	14.1919
292.213	14.2534
292.197	14.5479
292.159	14.3143
292.079	14.3299
292.294	14.2989
292.062	14.307
292.051	14.4208
292.229	14.0495
292.16	14.5538
292.256	14.6174
292.151	14.5968
292.07	14.477
292.431	13.9693
292.684	14.3506
292.948	14.6247
293.035	14.4628
292.907	14.5171
293.077	14.4001
292.916	14.4409
293.142	14.6186
293.186	14.5655
293.44	14.4899
293.312	14.5649
293.366	14.7075
293.528	14.5165
293.623	14.1694
293.85	14.1362
293.848	14.3826
294.129	14.3231
293.771	13.7504
293.842	13.9841
294.145	13.9214
293.977	13.9484
294.229	13.9449
294.071	13.8779
294.486	13.6423
294.12	13.739
294.118	13.8632
293.962	13.5333
293.831	13.5485
293.431	13.6387
293.355	13.9611
293.613	13.7316
293.654	13.5472
293.783	13.7401
293.935	13.7634
293.697	13.6425
293.679	13.5673
293.667	13.6177
293.639	13.3775
293.533	13.9063
293.402	14.0128
293.392	14.1281
293.235	14.2115
293.234	14.1024
293.184	14.2372
293.124	14.1955
292.763	14.1303
292.636	13.8911
292.721	13.827
293.037	14.0171
293.44	14.0989
293.332	13.9917
293.335	14.3668
293.377	14.297
293.645	14.3331
293.513	14.5524
293.354	14.5257
293.564	14.3469
293.582	14.3366
293.747	14.2349
293.816	14.1436
293.813	14.153
294.081	14.226
294.163	13.852
294.013	13.8583
293.786	14.0577
294.121	14.0923
293.973	14.2642
294.111	14.3886
293.921	14.4959
293.876	14.1389
293.972	13.9249
294.006	14.1874
293.64	13.9351
293.8	14.1892
293.923	14.4317
293.917	14.5798
293.82	14.5195
293.69	14.3216
294.154	14.0023
294.34	14.2274
294.489	14.3811
294.593	14.2508
294.677	14.2379
294.669	14.2735
294.524	14.1548
294.759	14.374
294.74	14.5586
295.038	14.4938
295.045	14.693
295.122	14.6334
295.089	14.7286
295.166	14.233
295.405	14.4288
295.561	14.3067
295.615	14.3496
295.505	13.9648
295.323	13.8752
295.595	13.8778
295.514	14.0337
295.644	14.1641
295.737	13.8013
295.957	13.8504
295.704	13.8764
295.675	13.9256
295.597	13.8582
295.375	13.764
294.987	13.765
294.979	14.0335
294.914	13.8941
295.004	13.9471
295.308	13.9926
295.332	13.9465
295.118	14.0141
295.188	13.7659
295.221	13.9805
295.011	13.618
295.134	13.9065
294.926	14.1538
294.785	14.3375
294.676	14.1192
294.654	14.1709
294.69	13.8904
294.454	14.2517
294.283	14.2745
294.014	14.0344
294.269	14.0602
294.411	14.0416
294.876	14.3823
294.78	14.1682
294.893	14.4222
294.774	14.6978
294.871	14.8078
295.004	14.9973
294.822	14.6247
294.932	14.7254
294.816	14.4268
295.183	14.477
295.215	14.3465
295.38	14.2912
295.363	14.2847
295.622	13.9335
295.495	13.9391
295.278	14.2426
295.55	14.0901
295.252	14.1786
295.556	14.1292
295.352	14.8066
295.26	14.156
295.373	14.0423
295.337	14.296
294.922	14.2982
295.17	14.4185
295.247	14.471
295.244	14.7245
295.252	14.7748
295.037	14.4377
295.187	14.1717
295.615	14.2492
295.726	14.6259
295.885	14.8898
295.869	14.8449
295.868	15.0374
295.915	14.9048
296.04	14.9815
296.164	15.004
296.215	15.116
296.384	15.3165
296.273	15.3042
296.505	15.2321
296.6	14.7377
296.739	14.8163
296.846	14.6429
296.843	14.6715
296.951	14.5127
296.501	14.1342
296.887	14.265
296.839	14.2064
296.953	14.454
297.172	14.0776
297.138	14.0016
297.029	13.9126
296.94	14.0764
296.855	14.1245
296.806	13.9869
296.425	13.8229
296.362	14.0494
296.136	14.2697
296.39	13.9788
296.482	13.9681
296.514	14.1658
296.336	14.2805
296.609	14.2089
296.495	14.2114
296.221	14.0196
296.295	13.9318
296.23	14.2989
296.19	14.4198
295.843	14.481
296.039	14.5664
295.782	14.3827
295.802	14.439
295.533	14.2545
295.379	14.1282
295.449	14.0834
295.413	14.211
295.955	14.5289
296.181	14.2269
296.01	14.5871
295.913	14.9388
296.069	14.9585
296.106	15.1376
296.154	14.9004
296.085	14.702
296.214	14.4444
296.255	14.634
296.397	14.6729
296.514	14.3948
296.48	14.5233
296.765	14.422
296.695	14.2471
296.682	14.3283
296.523	14.3692
296.567	14.5309
296.65	14.3762
296.595	14.7342
296.335	14.4607
296.488	14.2452
296.431	14.3688
296.225	14.4774
296.305	14.571
296.549	14.3292
296.361	14.7404
296.523	14.5196
296.294	14.3376
296.348	14.1605
296.708	14.0843
296.758	14.4765
297.115	14.6924
297.044	14.8381
297.004	14.8161
297.09	14.662
296.984	14.9687
297.145	15.2791
297.238	15.0545
297.593	15.0137
297.366	14.924
297.485	14.9059
297.796	14.5536
297.586	14.4295
297.895	14.4102
297.779	14.3621
298.028	14.3118
297.624	13.8052
297.815	13.9101
297.959	14.0045
297.857	14.1113
298.285	13.8228
298.08	14.0151
298.286	13.7766
297.878	13.9643
298.055	13.9253
297.825	13.6765
297.457	14.1035
297.37	14.2425
297.177	14.5001
297.392	14.1203
297.404	13.9482
297.628	14.2903
297.687	14.3028
297.557	14.2694
297.444	14.2244
297.402	14.1084
297.297	13.9267
297.319	14.3306
297.088	14.315
296.904	14.3369
297.081	14.3355
296.723	14.1636
296.862	14.4254
296.607	14.1989
296.455	13.8973
296.356	13.8166
296.437	13.7447
296.738	13.9661
297.253	14.2354
296.961	14.2182
296.981	14.6076
297.056	14.3845
297.2	14.4772
296.936	14.6836
296.922	14.427
297.064	14.2548
297.221	14.3354
297.372	14.2787
297.437	14.0862
297.502	14.2928
297.65	14.3119
297.598	14.0682
297.595	13.9233
297.275	13.9928
297.445	14.3247
297.487	14.2465
297.423	14.3245
297.282	14.2976
297.266	14.1163
297.458	14.0969
297.276	14.3625
297.166	14.237
297.253	14.0094
297.239	14.4518
297.286	14.4009
297.173	14.1936
297.041	14.0666
297.492	13.6566
297.752	13.9762
297.932	14.2678
298.053	14.3036
297.849	14.5606
297.955	14.5677
297.881	14.7341
298.105	15.0488
298.061	15.0504
298.295	14.8585
298.157	14.7121
298.201	14.7933
298.396	14.8516
298.428	14.5713
298.645	14.6157
298.725	14.9207
298.949	14.5844
298.635	14.1003
298.6	14.1573
298.887	14.1997
298.74	14.3422
298.926	14.3077
298.818	14.1032
299.15	14.0558
298.902	14.1426
298.755	14.2464
298.693	14.1998
298.529	14.4009
298.151	14.5494
297.99	14.6818
298.175	14.3465
298.263	14.1786
298.329	14.4413
298.449	14.3065
298.289	14.242
298.209	14.2183
298.201	14.1226
298.153	13.9626
298.046	14.3062
298.078	14.4706
297.866	14.6064
297.77	14.6489
297.667	14.2521
297.689	14.3352
297.634	14.5039
297.176	14.4773
297.083	14.1842
297.147	14.1387
297.516	14.3977
297.837	14.7329
297.767	14.6547
297.864	14.6337
297.816	14.7014
297.967	14.6517
298.025	15.0387
297.788	14.9473
297.865	14.6629
297.836	14.6124
298.082	14.4346
298.145	14.3245
298.222	14.4498
298.399	14.397
298.445	14.0816
298.308	14.2878
298.058	14.2705
298.391	14.2295
298.187	14.3977
298.313	14.5216
298.087	14.6979
298.008	14.3304
298.192	14.2686
298.094	14.3851
297.822	14.159
297.921	14.3739
298.068	14.3952
298.01	14.334
297.878	14.3933
297.822	14.3742
298.144	14.1426
298.348	14.485
298.497	14.5468
298.699	14.421
298.696	14.6454
298.6	14.7856
298.568	14.5044
298.682	14.9345
298.792	15.0343
299.066	14.8217
298.991	14.6585
299.013	14.6133
299.067	14.8607
299.154	14.2526
299.287	14.5713
299.503	14.5382
299.425	14.5135
299.498	14.2514
299.131	14.1505
299.484	14.1018
299.349	14.0586
299.515	14.3423
299.624	14.0443
299.703	14.0576
299.603	14.339
299.485	14.2727
299.372	14.2626
299.195	14.3662
298.826	14.3689
298.796	14.4693
298.753	14.4329
298.852	13.8596
299.111	13.9405
299.078	14.0542
298.865	13.9878
298.905	13.923
298.941	14.0668
298.724	13.7261
298.781	13.8943
298.566	14.1866
298.605	14.6158
298.348	14.5405
298.399	14.7452
298.399	14.5683
298.18	14.8743
297.954	14.7897
297.686	14.4221
297.857	14.3266
297.991	14.6129
298.491	15.0708
298.455	15.0983
298.444	15.1196
298.324	15.2498
298.556	15.031
298.586	15.1622
298.426	15.3256
298.526	14.9797
298.443	14.8638
298.727	14.9736
298.794	14.7201
298.955	14.7369
298.93	14.7419
299.142	14.3857
299.065	14.546
298.887	14.5813
299.04	14.4839
298.792	14.3828
298.992	14.0963
298.905	14.5018
298.775	14.049
298.84	14.0749
298.858	14.2246
298.374	14.0869
298.578	14.058
298.652	14.216
298.648	14.5565
298.649	14.4517
298.446	14.2572
298.586	14.062
299.008	14.3401
299.04	14.405
299.289	14.2958
299.208	14.5593
299.203	14.5677
299.274	14.2899
299.272	14.667
299.348	14.781
299.425	14.4946
299.733	14.3224
299.505	14.2998
299.792	14.5686
299.894	14.2196
299.883	14.3358
300.025	14.1
299.988	14.1069
300.087	14.2124
299.657	13.844
300.002	13.9632
299.988	14.0429
300.003	14.402
300.331	14.122
300.233	14.2161
300.176	14.0434
299.916	14.1837
299.947	14.0704
299.962	14.0018
299.513	14.1227
299.4	14.2327
299.084	14.324
299.401	13.9371
299.427	13.5619
299.531	13.7783
299.415	13.8215
299.555	13.7058
299.484	13.7731
299.28	13.5656
299.23	13.4116
299.225	13.8102
299.023	14.0975
298.663	14.1172
298.91	14.2218
298.632	13.9666
298.664	14.1631
298.454	13.9616
298.234	13.7454
298.268	13.782
298.312	13.8247
298.75	14.3173
299.042	14.3201
298.791	14.1565
298.745	14.1307
298.863	14.2165
298.958	14.3615
298.9	14.4506
298.806	14.1286
298.982	13.9686
298.88	14.1977
299.128	14.1336
299.148	13.7878
299.227	13.9301
299.468	13.8211
299.418	13.5706
299.383	13.3939
299.152	13.3213
299.186	13.4289
299.207	13.172
299.031	13.3299
298.853	13.1475
299.089	13.0609
299.013	13.1692
298.805	13.5019
298.783	13.4038
299.076	13.0954
298.866	13.679
298.925	13.3682
298.838	13.5168
298.758	13.6191
299.101	13.514
299.268	13.5271
299.542	13.6581
299.515	13.5737
299.38	13.6519
299.503	13.6132
299.365	13.8135
299.489	14.1846
299.586	13.8604
299.826	13.7877
299.69	13.7861
299.761	13.9534
299.971	13.8495
299.825	13.6775
300.166	13.7219
300.025	13.5992
300.229	13.8278
299.859	13.4752
299.975	13.6872
300.158	13.6526
300.155	13.9677
300.355	13.7866
300.228	13.8213
300.522	13.7063
300.07	13.7923
300.088	13.7105
299.929	13.6679
299.625	13.8724
299.455	13.8407
299.315	14.0785
299.558	13.7619
299.556	13.3718
299.587	13.5196
299.75	13.3792
299.522	13.2165
299.528	13.2685
299.357	12.9796
299.289	12.9517
299.317	13.3599
299.064	13.5478
298.99	13.5961
298.933	13.6542
298.743	13.3926
298.809	13.7159
298.61	13.6967
298.396	13.4794
298.261	13.2785
298.307	13.2461
298.585	13.6412
299.079	13.8064
298.769	13.9115
298.8	13.9449
298.821	13.901
299.043	13.7741
298.787	14.0731
298.767	14.0677
298.919	13.6423
298.977	13.8758
299.134	13.9203
299.138	13.7627
299.116	13.8562
299.355	13.7958
299.357	13.3994
299.323	13.2509
298.969	13.293
299.234	13.5569
299.196	13.1344
299.17	13.1838
298.917	13.3075
298.893	13.0625
299.088	13.1245
298.939	13.3931
298.803	13.2664
298.835	13.1844
298.794	13.6421
298.788	13.4872
298.716	13.5321
298.574	13.5754
299.048	13.3556
299.244	13.615
299.384	13.8077
299.571	13.4642
299.342	13.7924
299.421	13.656
299.284	13.6102
299.497	13.9124
299.471	13.7853
299.721	13.808
299.555	13.6248
299.58	13.7571
299.841	13.8441
299.813	13.3305
299.987	13.59
300.026	13.5578
300.208	13.3853
299.978	13.2015
299.853	13.4164
300.112	13.4457
300.026	13.5357
300.17	13.7237
300.044	13.5754
300.331	13.535
300.118	13.634
300.085	13.4333
299.872	13.242
299.678	13.5852
299.325	13.5125
299.232	13.7523
299.276	13.3341
299.344	13.1502
299.54	13.2729
299.544	13.1066
299.372	13.0193
299.387	13.1349
299.322	12.8863
299.244	12.8733
299.146	13.1086
299.128	13.3493
298.893	13.452
298.809	13.4388
298.684	13.2865
298.662	13.3382
298.554	13.5696
298.16	13.393
298.068	13.2149
298.106	13.2099
298.442	13.3482
298.835	13.6713
298.741	13.638
298.775	13.5905
298.754	13.7159
298.817	13.5279
298.893	13.8152
298.656	13.8209
298.702	13.5493
298.7	13.3047
298.967	13.4795
298.938	13.3306
299.101	13.4788
299.197	13.4242
299.246	13.0586
299.088	13.0651
298.944	12.9849
299.204	13.0085
298.9	13.1211
299.084	13.0569
298.76	13.4108
298.786	13.0379
298.904	13.0008
298.785	13.1549
298.476	13.1044
298.618	13.1788
298.779	13.252
298.672	13.2901
298.545	13.3521
298.487	13.4664
298.709	13.1983
299.03	13.5943
299.17	13.7116
299.216	13.3408
299.27	13.3399
299.107	13.6154
299.279	13.4219
299.184	13.7336
299.36	13.6363
299.587	13.7362
299.549	13.6092
299.505	13.6205
299.525	13.7702
299.669	13.1636
299.799	13.3917
300.039	13.3393
299.806	13.3998
299.967	13.294
299.603	13.2476
299.946	13.3241
299.744	13.3134
299.89	13.8223
300.054	13.5074
300.102	13.5365
299.978	13.6184
299.838	13.5363
299.715	13.2358
299.626	13.6723
299.221	13.4819
299.194	13.6541
299.091	13.5859
299.225	13.2962
299.404	13.3972
299.387	13.1737
299.172	12.9676
299.298	13.051
299.293	13.0123
298.938	12.7514
299.127	12.825
298.865	13.1133
298.871	13.2554
298.659	13.0374
298.722	13.4008
298.567	13.2185
298.36	13.311
298.099	13.2766
297.93	13.1942
298.035	13.1094
298.021	13.2371
298.559	13.6841
298.631	13.5599
298.554	13.596
298.396	13.5789
298.651	13.4449
298.662	13.8155
298.587	13.7156
298.594	13.5664
298.55	13.2523
298.732	13.6341
298.82	13.5365
298.922	13.4997
298.945	13.5022
299.164	13.436
298.987	13.2623
298.975	13.3495
298.845	13.3401
298.848	13.4498
298.97	13.3157
298.912	13.9112
298.659	13.4448
298.69	13.5542
298.791	13.6282
298.314	13.7234
298.477	13.808
298.584	13.764
298.532	14.0452
298.611	13.9201
298.349	13.9477
298.54	13.6035
298.872	13.8407
298.828	13.9484
299.142	13.8849
299.117	13.4987
299.013	13.8621
299.088	13.6277
299.021	14.0809
299.168	14.2023
299.188	13.9232
299.604	13.7973
299.339	13.9178
299.643	13.8729
299.679	13.5887
299.699	13.5495
299.781	13.4765
299.783	13.6998
299.838	13.9209
299.436	13.4458
299.756	13.7164
299.777	13.7337
299.717	14.2398
300.129	14.0116
299.904	14.0776
299.988	14.0288
299.799	14.0347
299.77	13.9225
299.687	14.0301
299.276	13.961
299.208	13.8934
298.901	13.9746
299.213	13.6002
299.174	13.4855
299.348	13.4733
299.276	13.4611
299.315	13.2575
299.249	13.168
299.064	12.9485
299.038	13.054
298.996	13.3716
298.848	13.3815
298.487	13.5867
298.684	13.6658
298.354	13.608
298.501	13.7027
298.224	13.4778
298.072	13.5274
298.07	13.3409
298.053	13.26
298.444	13.6033
298.79	13.7188
298.581	13.7156
298.488	13.8332
298.679	13.8049
298.744	13.9107
298.574	14.0055
298.459	13.9503
298.73	13.6174
298.649	13.7961
298.908	13.8199
298.871	13.5185
299.005	13.483
299.195	13.5459
299.102	13.1803
299.085	13.1105
298.755	13.3856
298.825	13.5479
298.861	13.3915
298.729	13.6632
298.655	13.667
298.782	13.6238
298.752	13.6903
298.57	13.8164
298.533	14.0336
298.699	13.859
298.485	14.3026
298.696	14.0282
298.539	14.2423
298.433	14.0848
298.813	14.0705
299.007	14.1869
299.269	14.1969
299.278	13.5515
299.153	13.8917
299.318	13.7906
299.123	13.9912
299.293	14.2725
299.37	14.084
299.611	14.1039
299.374	14.0105
299.437	14.1175
299.605	14.0669
299.622	13.7596
299.887	13.7677
299.797	13.972
300.004	13.9945
299.641	13.6467
299.733	13.8863
299.944	13.969
299.896	14.1739
300.088	14.2695
300.019	14.1594
300.234	14.0657
299.875	14.0455
299.915	13.9684
299.72	13.9636
299.505	14.4464
299.151	14.1929
299.098	14.4384
299.376	14.0225
299.352	13.8703
299.474	13.7949
299.569	13.69
299.346	13.4583
299.33	13.4692
299.149	13.0465
299.188	13.0599
299.111	13.3401
298.92	13.3985
298.867	13.6544
298.814	13.8442
298.668	13.6584
298.678	13.8867
298.476	13.8472
298.229	13.7358
298.079	13.6344
298.201	13.4268
298.444	13.757
298.891	13.8117
298.591	13.9299
298.721	14.0461
298.657	14.0071
298.911	13.883
298.724	14.2284
298.711	14.1227
298.836	13.9756
298.86	14.1056
298.994	14.088
298.975	13.7789
298.986	13.8568
299.311	13.9528
299.258	13.6625
299.162	13.5129
298.847	13.621
299.126	13.8934
299.072	13.6789
299.046	13.8645
298.879	14.1441
298.75	13.8231
298.955	13.919
298.903	14.166
298.611	14.1172
298.665	14.1499
298.731	14.5487
298.731	14.3576
298.611	14.5261
298.461	14.5513
298.933	14.4553
299.034	14.7973
299.327	14.6796
299.407	14.161
299.362	14.3448
299.397	14.5096
299.216	14.2683
299.423	14.6085
299.35	14.5528
299.701	14.5114
299.558	14.3583
299.635	14.5618
299.617	14.6801
299.703	14.1349
299.923	14.3389
300.063	14.2767
300.138	14.2288
299.986	13.9233
299.788	14.0732
300.08	14.0082
300.025	14.0917
300.088	14.3446
300.09	14.0683
300.36	13.9527
300.137	14.0865
300.128	14.0641
299.969	13.8012
299.771	14.2096
299.349	14.2536
299.295	14.5023
299.3	14.1912
299.461	13.9411
299.593	13.9885
299.643	13.7781
299.419	13.5997
299.492	13.5094
299.44	13.3811
299.295	13.2205
299.337	13.5632
299.187	13.6893
298.988	13.9815
298.844	14.0363
298.7	14.0762
298.846	14.0503
298.645	14.2035
298.32	14.1779
298.191	14.0095
298.29	14.0557
298.596	14.109
298.952	14.2642
298.88	14.2271
298.916	14.2572
298.893	14.35
298.926	14.1069
299.063	14.5942
298.817	14.724
298.94	14.4157
298.846	14.3339
299.129	14.4024
299.152	14.0497
299.267	14.2633
299.439	14.211
299.498	13.9339
299.305	13.9146
299.11	13.8973
299.356	13.9976
299.088	14.1297
299.312	14.0746
299.095	14.4921
299.007	14.2892
299.124	14.415
299.064	14.6449
298.71	14.543
298.856	14.6969
299.023	14.7697
298.963	14.9988
298.899	14.9306
298.697	14.8963
298.852	14.71
299.262	14.907
299.377	15.0487
299.499	14.8707
299.526	14.6145
299.397	14.9501
299.507	14.6239
299.486	15.0079
299.678	15.0325
299.791	15.1025
299.878	15.0034
299.78	14.9864
299.847	15.1389
300.024	14.758
300.183	14.7195
300.351	14.4945
300.214	14.2857
300.413	14.2605
299.924	13.9719
300.298	14.0599
300.136	13.9998
300.316	14.6791
300.419	14.3726
300.461	14.352
300.381	14.3334
300.288	14.3678
300.199	14.1703
300.049	14.3655
299.68	14.2704
299.591	14.478
299.469	14.6107
299.726	14.1628
299.817	14.0947
299.799	13.94
299.56	13.8556
299.747	13.8453
299.754	13.8568
299.41	13.5209
299.463	13.6569
299.354	14.1249
299.297	14.2206
299.098	14.3852
299.179	14.7288
298.945	14.4515
298.799	14.7628
298.609	14.7745
298.45	14.5812
298.474	14.431
298.532	14.2725
299.048	14.82
299.186	14.7854
299.092	14.7734
298.919	14.8247
299.171	14.6796
299.187	14.8708
299.162	15.0868
299.053	15.0335
299.172	14.628
299.255	15.1637
299.368	15.0283
299.509	14.7457
299.493	14.9477
299.753	14.9138
299.626	14.7099
299.587	14.451
299.503	14.4393
299.543	14.3086
299.616	14.1233
299.519	14.4214
299.232	14.3366
299.306	14.3733
299.381	14.4848
298.944	14.5407
299.182	14.7152
299.342	14.5489
299.113	14.9248
299.229	14.8387
299.037	14.9637
299.117	14.6079
299.431	14.6402
299.445	14.73
299.812	14.7816
299.731	14.4468
299.624	14.5739
299.791	14.6718
299.726	14.9108
299.819	15.2716
299.929	14.9972
300.271	14.8481
300.021	14.826
300.188	14.9183
300.36	14.5957
300.26	14.453
300.469	14.2208
300.399	14.4053
300.495	14.4294
300.095	13.8639
300.369	14.1276
300.479	14.0638
300.38	14.5298
300.822	14.428
300.599	14.5295
300.78	14.617
300.429	14.5658
300.501	14.5443
300.355	14.3663
299.932	14.5935
299.894	14.4798
299.677	14.7775
299.854	14.3834
299.771	14.1719
300.052	14.1029
299.999	14.0421
300.026	13.7349
299.913	13.9645
299.8	13.5832
299.668	13.8064
299.637	14.1337
299.446	14.1345
299.223	14.3081
299.403	14.4026
299.046	14.266
299.168	14.5748
298.845	14.6214
298.717	14.5702
298.716	14.2823
298.752	13.959
299.068	14.3123
299.523	14.4447
299.28	14.7708
299.255	14.8549
299.283	14.7659
299.497	14.5025
299.235	14.8681
299.137	14.9681
299.386	14.6154
299.473	14.7699
299.651	14.774
299.695	14.5552
299.74	14.7583
299.862	14.9611
299.895	14.6888
299.856	14.3559
299.481	14.5419
299.55	14.5405
299.586	14.1554
299.529	14.3595
299.491	14.3488
299.425	14.338
299.583	14.4586
299.297	14.6344
299.26	15.0023
299.429	14.6137
299.343	14.8634
299.375	14.6451
299.265	14.8676
299.176	14.832
299.472	14.6419
299.721	15.0057
299.964	15.2069
300.062	14.6726
299.869	14.8945
300.036	14.848
299.849	14.9427
300.063	15.1227
300.043	15.1363
300.253	15.2591
300.156	15.1691
300.155	15.307
300.299	15.082
300.372	14.6238
300.587	14.6886
300.566	14.8631
300.817	14.8979
300.43	14.6328
300.493	14.8817
300.772	14.7353
300.572	14.8289
300.797	15.0983
300.643	15.017
301.046	15.005
300.679	14.8996
300.632	15.1541
300.454	14.6452
300.342	14.8919
299.898	14.6532
299.799	15.0643
300.063	14.7277
300.066	14.4702
300.184	14.3818
300.305	14.1948
300.025	14.0307
300.018	13.9834
299.966	13.5467
299.932	13.6429
299.825	13.9154
299.706	13.9625
299.577	13.9291
299.465	14.0596
299.426	13.9318
299.341	14.2736
299.271	14.388
298.908	14.266
298.757	13.9878
298.819	13.7698
299.126	13.9107
299.519	14.1211
299.374	14.486
299.372	14.5433
299.395	14.3772
299.605	14.2216
299.429	14.5936
299.301	14.6152
299.478	14.5064
299.456	14.3712
299.616	14.5724
299.69	14.5355
299.645	14.5564
299.933	14.7305
299.974	14.7415
299.837	14.5883
299.519	14.5372
299.866	14.5889
299.7	14.3799
299.834	14.3345
299.618	14.5161
299.531	14.3144
299.65	14.5888
299.659	14.8284
299.281	14.7262
299.392	14.7341
299.5	14.8184
299.55	14.5558
299.341	14.5923
299.231	14.6535
299.669	14.6057
299.837	14.9514
299.955	15.0683
299.998	14.6638
300.134	14.4307
300.094	14.4978
299.942	14.3628
300.142	14.6178
300.101	14.8406
300.4	14.8467
300.341	14.5895
300.414	14.755
300.375	14.6791
300.448	14.227
300.625	14.4959
300.785	14.4339
300.838	14.4443
300.716	14.465
300.51	14.4637
300.792	14.2982
300.695	14.3988
300.825	14.7145
300.862	14.6764
301.068	14.8434
300.81	14.7891
300.772	14.8803
300.704	14.6792
300.457	14.9104
300.047	14.7608
300.021	14.8366
299.947	14.8539
300.046	14.521
300.343	14.5352
300.368	14.2662
300.103	13.9273
300.16	13.8501
300.195	13.6918
299.941	13.5561
300.038	13.8485
299.793	13.7436
299.686	13.7129
299.564	13.8839
299.481	13.8396
299.512	13.821
299.284	14.1647
299.095	14.0722
298.797	13.796
299.017	13.8959
299.146	14.0055
299.608	14.2623
299.498	14.3652
299.591	14.5213
299.467	14.389
299.567	14.0721
299.668	14.2855
299.439	14.4715
299.58	14.4409
299.46	14.3476
299.766	14.3284
299.784	14.1677
299.934	14.1937
299.897	14.349
300.147	14.4156
299.958	14.2292
299.751	13.7411
300.03	13.7748
299.711	13.5233
299.985	13.2911
299.755	13.5968
299.676	13.506
299.711	13.5749
299.654	13.6703
299.269	13.8028
299.458	13.801
299.531	13.9015
299.493	14.1672
299.498	14.0381
299.269	14.3626
299.404	14.503
299.812	14.6894
299.906	14.5373
300.067	14.4133
300.019	13.9094
299.94	14.0667
300.036	14.0238
300.129	14.1254
300.205	14.4052
300.246	14.4354
300.405	14.2884
300.267	14.4193
300.481	14.448
300.562	14.109
300.678	14.1519
300.747	14.3319
300.728	14.2222
300.829	14.331
300.351	14.1257
300.749	14.0251
300.657	13.9729
300.705	14.523
300.961	14.4462
300.901	14.5227
300.803	14.8288
300.712	14.7004
300.642	14.5974
300.575	14.7776
300.156	14.6096
300.073	14.5602
299.878	14.6244
300.066	14.4407
300.165	14.1632
300.181	13.9086
300.003	13.8295
300.252	13.6254
300.137	13.7352
299.806	13.5529
299.893	13.8325
299.844	13.9211
299.758	13.8285
299.384	14.0812
299.56	13.7594
299.317	13.727
299.288	13.8534
298.988	13.8478
298.836	13.81
298.916	13.9285
298.862	13.7996
299.385	14.206
299.592	14.3058
299.45	14.3547
299.268	14.4055
299.485	14.1895
299.455	14.29
299.5	14.2773
299.408	14.3781
299.526	14.1771
299.576	14.3485
299.693	14.3714
299.813	14.0116
299.73	13.9248
300.028	14.1145
299.948	14.0061
299.889	13.6869
299.751	13.6554
299.772	13.6482
299.841	13.266
299.76	13.2803
299.463	13.2095
299.637	13.3132
299.557	13.3013
299.317	13.4435
299.368	13.4943
299.601	13.4352
299.436	13.724
299.561	13.6005
299.31	13.9603
299.331	13.8215
299.697	14.4679
299.72	14.2545
300.066	14.2792
300.027	13.9958
299.915	13.9497
300.004	13.7895
299.897	14.0352
300.019	14.3545
300.093	14.3714
300.451	14.3825
300.202	14.2437
300.281	14.4074
300.586	14.3138
300.36	14.0985
300.659	14.0844
300.535	14.0406
300.749	14.3153
300.346	14.0201
300.526	14.1129
300.681	13.9924
300.59	14.312
300.953	14.3632
300.764	14.5891
300.979	14.7995
300.574	14.6835
300.73	14.6713
300.504	14.7224
300.119	14.924
300.026	14.7229
299.805	14.857
300.013	14.5364
300.001	14.4164
300.26	14.1334
300.241	14.038
300.126	13.6922
299.998	13.9159
299.953	13.5773
299.84	13.9316
299.831	14.0117
299.603	13.7313
299.382	13.8585
299.555	13.9335
299.186	13.6294
299.317	13.9097
299.06	13.7575
298.875	13.6989
298.775	13.7806
298.862	13.4319
299.14	13.6524
299.653	14.0398
299.339	14.3337
299.384	14.3798
299.449	14.3286
299.586	14.2037
299.301	14.5584
299.272	14.7636
299.42	14.5014
299.556	14.6249
299.726	14.6467
299.757	14.2576
299.823	14.1446
299.94	14.3273
299.856	13.9255
299.882	13.4662
299.561	13.597
299.707	13.6228
299.728	13.2694
299.667	13.0562
299.512	13.2613
299.464	13.175
299.667	13.2642
299.449	13.5319
299.323	13.4399
299.422	13.2975
299.362	13.7949
299.405	13.6191
299.283	13.8607
299.168	14.0711
299.599	14.1841
299.869	14.3684
300.009	14.4803
300.124	14.3021
299.915	14.4177
299.983	14.1903
299.889	14.3403
300.098	14.4961
300.041	14.5322
300.279	14.3651
300.129	14.2255
300.144	14.3066
300.28	14.4809
300.359	14.0911
300.543	14.053
300.606	13.8252
300.833	13.8618
300.486	13.9413
300.441	13.9825
300.681	13.8757
300.554	13.8569
300.764	14.0408
300.636	14.208
300.968	14.5073
300.668	14.6409
300.541	14.6683
300.494	14.5737
300.289	14.8615
299.928	14.8103
299.768	15.2261
299.934	14.7977
299.967	14.7421
300.047	14.3963
300.226	14.1404
300.001	13.9617
299.923	13.9735
299.882	13.4975
299.895	13.9001
299.73	14.005
299.732	13.8568
299.515	13.5239
299.404	13.8201
299.342	13.8856
299.307	13.85
299.243	14.0326
298.775	13.9669
298.671	14.1468
298.731	14.0035
299.08	13.94
299.445	14.2246
299.361	14.5433
299.415	14.6067
299.365	14.6629
299.512	14.6508
299.55	14.7381
299.308	14.9186
299.43	14.7341
299.371	14.453
299.628	14.7371
299.664	14.4806
299.717	14.3888
299.908	14.3336
299.949	14.2331
299.773	14.1213
299.528	13.9007
299.869	14.0185
299.67	13.6821
299.75	13.4815
299.561	13.4242
299.471	13.6643
299.639	13.68
299.542	13.7894
299.249	13.7193
299.367	13.6528
299.509	13.9807
299.417	14.0273
299.282	14.1218
299.216	14.2366
299.538	14.4201
299.727	14.666
299.877	14.6149
300.058	14.5581
300.082	14.5874
299.939	14.3814
299.917	14.405
300.007	14.6044
300.129	14.6971
300.373	14.634
300.298	14.3923
300.295	14.4072
300.339	14.6339
300.39	14.5367
300.548	14.5215
300.768	14.5497
300.667	14.3049
300.735	14.4144
300.374	14.34
300.746	14.2377
300.582	14.0819
300.718	14.1417
300.826	14.3929
300.911	14.4913
300.809	14.7024
300.659	14.8252
300.575	14.8528
300.38	14.9605
300.02	14.9284
299.964	15.0852
299.918	15.0581
300.023	15.2081
300.249	14.762
300.223	14.4259
300.015	14.2306
300.058	14.3095
300.111	14.4412
299.856	14.2627
299.921	14.568
299.73	14.3291
299.738	14.1278
299.472	14.3466
299.517	14.3903
299.52	14.3733
299.273	14.5789
299.031	14.4976
298.752	14.3095
298.965	14.5346
299.044	14.4121
299.547	14.8905
299.483	14.9988
299.495	15.0989
299.373	14.9613
299.612	14.8875
299.615	15.0251
299.488	15.3011
299.535	15.0496
299.421	14.9517
299.734	15.3035
299.798	15.151
299.961	14.9121
299.907	14.906
300.084	14.9401
300.033	14.5776
299.855	14.1252
300.022	14.1803
299.72	13.6977
299.98	13.5128
299.819	13.4147
299.724	13.8117
299.749	14.1006
299.782	13.9617
299.295	13.9843
299.481	13.8291
299.547	14.3314
299.568	14.4592
299.553	14.3079
299.354	14.3992
299.457	14.5586
299.898	14.7886
299.926	14.8892
300.16	15.1954
300.099	15.1346
300.094	15.104
300.169	14.8689
300.121	14.8278
300.242	14.9609
300.302	14.8796
300.579	14.6476
300.37	14.543
300.656	14.6729
300.775	14.6473
300.741	14.8064
300.85	14.8195
300.799	14.5495
300.933	14.4409
300.476	14.6249
300.807	14.3155
300.82	14.0662
300.819	13.9754
301.159	13.9931
301.061	13.9628
301.001	14.2043
300.749	14.3499
300.743	14.6542
300.78	14.776
300.327	14.9324
300.224	15.1883
299.899	15.2797
300.201	15.4593
300.254	15.1681
300.339	14.8388
300.235	14.9294
300.418	14.7318
300.292	15.038
300.138	14.9009
300.077	14.8272
300.086	14.9684
299.871	14.7996
299.512	14.7221
299.771	14.8485
299.465	14.7517
299.517	14.8523
299.284	14.9417
299.093	14.9302
299.134	15.0478
299.146	15.0079
299.634	15.169
299.903	15.3949
299.659	15.306
299.6	15.2908
299.768	15.2655
299.826	15.2938
299.729	15.5415
299.68	15.6532
299.863	15.3835
299.767	15.3829
299.987	15.569
300.043	15.3875
300.107	15.2469
300.346	15.4695
300.283	15.3272
300.259	15.0834
300.023	14.7717
300.069	14.5588
300.083	14.4921
299.961	14.1575
299.787	14.5665
300.006	14.4769
299.926	14.3365
299.708	14.5508
299.705	14.5744
300.039	14.9365
299.793	15.0554
299.871	15.1739
299.794	15.4212
299.711	15.3257
300.029	15.831
300.214	15.8537
300.524	16.1515
300.49	16.0567
300.351	16.0535
300.499	15.5447
300.392	15.634
300.454	15.427
300.574	15.313
300.79	15.3598
300.69	14.8497
300.72	14.9596
300.972	15.0817
300.846	15.0837
301.156	15.0697
301.053	14.7444
301.216	14.811
300.847	14.94
301.026	15.0126
301.152	14.6043
301.168	14.5014
301.387	14.3108
301.25	14.3083
301.523	14.651
301.045	14.7789
301.154	14.9588
300.97	15.1849
300.662	15.7335
300.479	15.5731
300.383	15.8378
300.642	16.0888
300.627	16.1504
300.681	15.9385
300.834	16.0359
300.625	15.7865
300.663	16.0215
300.441	15.935
300.449	15.8315
300.475	15.6875
300.22	15.7335
300.139	15.5923
300.128	15.6726
299.972	15.4405
299.994	15.6828
299.805	15.6811
299.597	15.3953
299.455	15.3684
299.553	15.3906
299.8	15.376
300.341	15.5902
300.026	15.6727
300.069	15.6413
300.094	15.73
300.337	15.6179
300.117	15.7658
300.093	15.8624
300.22	15.4058
300.305	15.4065
300.472	15.7623
300.468	15.2779
300.449	15.2377
300.716	15.1867
300.714	15.1164
300.674	15.0254
300.326	14.7545
300.61	14.5285
300.57	14.0252
300.519	13.8698
300.313	13.9551
300.287	14.2362
300.495	14.331
300.332	14.4499
300.194	14.5061
300.249	14.4798
300.226	15.0533
300.24	15.0951
300.126	15.0526
299.995	15.2319
300.474	15.3279
300.698	15.4249
300.846	15.3534
301.029	15.3862
300.833	15.4241
300.889	15.1257
300.757	14.9265
300.993	14.8253
300.978	14.8225
301.188	14.893
301.038	14.6066
301.098	14.7266
301.33	15.1329
301.309	15.1441
301.485	15.1537
301.533	14.8583
301.723	14.7764
301.484	15.2158
301.379	15.4701
301.678	15.0694
301.595	14.7747
301.73	14.7875
301.632	14.6255
301.917	14.7462
301.734	15.1707
301.642	15.3562
301.467	15.5345
301.279	15.7543
300.939	15.7161
300.836	15.7399
300.886	15.8868
300.974	16.2326
301.172	16.3435
301.208	16.1294
301.063	16.0337
301.053	16.1968
301.029	15.9631
300.954	16.0067
300.876	15.806
300.838	15.6795
300.64	15.5479
300.539	15.5441
300.461	15.6925
300.44	15.5997
300.333	15.5569
299.928	15.2002
299.858	15.2182
299.913	15.1104
300.284	15.2818
300.635	15.4838
300.586	15.4354
300.612	15.4113
300.607	15.2871
300.688	15.3456
300.756	15.4324
300.569	15.7511
300.602	15.412
300.603	15.0636
300.84	15.2489
300.853	14.96
301.061	14.8678
301.119	14.706
301.158	14.9307
301.021	14.8171
300.873	14.6343
301.167	14.5125
300.853	14.3332
301.061	14.1752
300.747	14.1116
300.787	14.6642
300.887	14.9221
300.807	14.9981
300.489	15.0655
300.637	15.1613
300.803	15.4473
300.691	15.3961
300.591	15.0939
300.516	15.4183
300.748	15.8034
301.117	15.6564
301.227	15.382
301.303	15.3606
301.381	15.4018
301.225	15.5794
301.351	15.4501
301.309	15.3055
301.47	15.1705
301.719	15.4924
301.693	15.206
301.603	15.1722
301.689	15.7112
301.817	15.8759
301.939	15.7902
302.182	15.713
302.003	15.7943
302.14	15.7947
301.794	16.069
302.136	15.9084
301.984	15.7547
302.11	15.6949
302.27	15.4917
302.333	15.3844
302.188	15.7247
302.097	15.9594
301.943	16.2819
301.867	16.5932
301.501	16.5939
301.49	16.3051
301.353	16.2973
301.518	16.6963
301.687	16.7148
301.685	16.5511
301.514	16.4313
301.6	16.6544
301.616	16.5811
301.336	16.4101
301.495	16.5365
301.259	16.5788
301.299	16.4677
301.102	16.4064
301.166	16.3592
301.017	16.424
300.83	16.4054
300.566	15.9304
300.421	16.0912
300.529	16.2915
300.524	16.2173
301.096	16.3375
301.174	16.4441
301.121	16.4852
300.94	16.2182
301.227	16.3018
301.269	16.266
301.162	16.6016
301.222	15.8703
301.134	15.8522
301.349	15.8274
301.423	15.9391
301.584	15.5708
301.594	15.4752
301.827	15.542
301.675	15.6434
301.663	15.6071
301.571	15.3364
301.549	15.6616
301.678	15.6704
301.645	15.1622
301.384	15.7615
301.454	15.832
301.523	15.8573
301.072	15.9038
301.259	15.9098
301.373	16.0633
301.334	15.8319
301.412	15.6548
301.181	15.8595
301.356	16.2361
301.712	16.2007
301.656	15.7878
302.001	15.5678
301.962	15.8092
301.86	15.6532
301.972	15.5703
301.907	15.2419
302.034	15.2431
302.111	15.0617
302.495	15.0179
302.265	14.7045
302.535	14.9909
302.561	15.3338
302.593	15.4065
302.73	15.359
302.693	15.3086
302.729	15.6117
302.393	15.8404
302.723	15.5724
302.75	15.2951
302.694	15.3052
303.077	15.5576
302.865	15.3796
302.946	15.672
302.746	15.7464
302.724	15.6655
302.651	15.8057
302.25	15.5654
302.149	15.2516
301.835	15.0927
302.2	15.4513
302.128	15.8039
302.328	15.4451
302.249	15.4949
302.329	15.3607
302.247	15.6723
302.058	15.7195
302.037	15.6307
302.006	15.7741
301.883	15.863
301.482	15.6987
301.729	16.0671
301.406	15.7653
301.539	15.8336
301.292	15.3551
301.119	15.3515
301.117	15.5244
301.128	15.399
301.507	15.6404
301.855	15.8197
301.639	15.8811
301.572	15.6165
301.737	15.6347
301.826	15.4626
301.674	15.9359
301.543	15.7193
301.811	15.6057
301.751	15.4665
301.993	15.6131
301.995	15.5828
302.144	15.1861
302.312	15.1683
302.238	15.534
302.23	15.6686
301.896	15.458
301.986	15.7128
302.042	15.5076
301.917	15.3866
301.834	15.5326
301.978	15.573
302	15.4636
301.785	15.3011
301.72	15.1893
301.914	15.5397
301.733	15.0194
301.911	14.9371
301.72	14.9553
301.67	15.0277
302.032	15.5639
302.25	15.2769
302.49	14.9773
302.505	15.3288
302.424	15.2243
302.57	15.2392
302.369	15.1782
302.551	14.9396
302.626	15.0683
302.871	14.9837
302.613	15.1396
302.71	15.0237
302.861	15.3392
302.911	15.5689
303.145	15.1447
303.101	15.2973
303.313	15.6074
302.915	15.8009
303.038	15.7384
303.244	15.495
303.205	15.6095
303.401	15.6618
303.306	15.6702
303.526	16.0739
303.19	16.1099
303.26	15.8847
303.062	15.7979
302.799	15.8815
302.506	15.6234
302.402	15.3984
302.688	15.7157
302.665	15.9409
302.767	15.6902
302.875	15.7777
302.673	16.0406
302.677	16.2459
302.498	15.9573
302.55	15.8522
302.465	15.8282
302.282	16.0164
302.29	15.8627
302.177	16.2059
302.039	16.2197
302.054	15.8282
301.857	15.6971
301.628	15.3905
301.464	15.5583
301.579	15.6199
301.889	15.8977
302.309	15.7235
302.003	15.9413
302.102	15.5639
302.114	15.712
302.341	15.5688
302.149	15.6853
302.172	15.9433
302.248	16.1554
302.287	15.8436
302.416	15.905
302.438	15.9289
302.434	15.7957
302.763	15.7796
302.73	15.8847
302.663	15.9336
302.367	15.9886
302.617	16.1447
302.587	16.0025
302.601	15.7427
302.427	15.6558
302.283	15.9196
302.455	15.8771
302.465	15.6047
302.188	15.6384
302.254	15.6627
302.318	15.5728
302.31	15.2971
302.207	15.0694
302.039	15.216
302.505	15.671
302.643	15.4237
302.899	15.3094
302.983	15.2965
302.932	15.3587
303.002	15.4669
302.814	15.5891
303.005	15.3702
302.961	15.3016
303.313	15.3143
303.165	15.3087
303.219	15.2655
303.245	15.3244
303.341	15.797
303.538	15.4848
303.694	15.2742
303.764	15.6799
303.651	16.1208
303.459	16.3559
303.749	16.1927
303.684	16.103
303.799	16.2813
303.773	16.2918
304.034	16.4218
303.822	16.3426
303.803	16.408
303.665	16.3693
303.476	16.5709
303.001	16.2019
302.997	16.0121
303.024	15.7828
303.181	16.0291
303.323	15.9229
303.336	16.158
303.177	16.2495
303.226	16.6414
303.19	16.3589
303.049	16.275
303.09	16.1004
302.956	16.2209
302.735	16.0182
302.63	15.9438
302.512	16.2825
302.616	16.2176
302.445	15.9989
302.116	15.7517
301.997	15.9884
302.102	15.8885
302.401	16.3714
302.782	16.3621
302.702	16.5803
302.746	16.4763
302.689	16.1833
302.771	16.3474
302.905	16.1326
302.69	16.6041
302.789	16.5373
302.691	16.6643
303.029	16.6503
303.009	16.8142
303.134	16.7998
303.32	16.7872
303.374	17.0463
303.217	17.0703
303.008	17.1435
303.311	17.2004
303.059	17.0472
303.289	16.9535
303.071	16.5677
303.02	17.121
303.178	17.2008
303.081	16.9298
302.726	17.0762
302.874	16.8983
303.068	17.1361
302.988	16.5983
302.913	16.438
302.757	16.2915
302.915	16.6768
303.327	16.863
303.463	16.6802
303.6	16.5738
303.632	16.8261
303.495	16.6421
303.615	16.9713
303.609	16.67
303.786	16.5539
303.928	16.3789
303.994	16.3862
303.923	16.3095
303.99	16.2262
304.181	16.7382
304.303	16.699
304.518	16.5117
304.37	16.7442
304.57	16.9612
304.09	17.1699
304.5	17.1077
304.368	17.0721
304.518	17.2197
304.629	17.3409
304.704	17.1359
304.609	17.2476
304.529	17.3025
304.452	17.0927
304.322	17.1013
303.958	17.0438
303.833	16.6691
303.75	16.3778
303.992	16.7063
304.102	16.9712
304.088	16.7028
303.839	17.0496
304.075	17.2566
304.1	17.2528
303.762	17.114
303.86	17.1793
303.727	17.1953
303.701	17.0866
303.459	16.8929
303.577	16.995
303.35	17.3633
303.213	17.0641
302.978	16.9478
302.826	16.915
302.909	16.991
302.97	17.2333
303.479	17.0105
303.636	17.4028
303.549	17.3434
303.399	16.9496
303.64	16.9967
303.65	16.8512
303.61	17.0806
303.526	16.9585
303.609	17.4801
303.732	17.2785
303.844	17.4068
303.987	17.5934
303.968	17.382
304.267	17.4184
304.13	17.7536
304.134	17.7803
304.04	17.8898
304.095	18.02
304.173	18.0469
304.104	17.8291
303.836	18.2901
303.908	18.4148
304.032	18.3027
303.58	18.3722
303.832	18.1667
303.984	18.3155
303.815	17.8329
303.952	17.6987
303.738	17.7788
303.824	17.9637
304.167	18.5994
304.195	18.4432
304.553	18.3818
304.536	18.3408
304.403	18.3247
304.595	18.2721
304.531	18.0757
304.631	17.7332
304.771	17.7114
305.13	17.8702
304.868	17.7794
305.064	17.5862
305.225	18.1536
305.145	18.2944
305.357	18.0927
305.353	18.2494
305.448	18.3924
305.071	18.9573
305.347	18.8246
305.474	18.7275
305.401	18.7761
305.844	18.9975
305.616	18.6986
305.821	18.7921
305.489	18.7334
305.539	18.8937
305.4	18.7398
305.018	18.2481
305.008	18.2229
304.775	17.8126
304.963	17.9064
304.889	18.2322
305.224	18.1129
305.18	18.1874
305.199	18.3064
305.113	18.2788
305.032	18.2497
304.896	18.3188
304.869	18.2627
304.722	18.3682
304.507	18.2698
304.736	18.3855
304.349	18.4933
304.475	18.3447
304.211	18.0157
304.085	18.123
304.064	18.0908
304.095	18.1806
304.424	18.0644
304.894	18.2821
304.669	18.4878
304.641	17.9429
304.676	17.8667
304.904	17.982
304.657	18.0375
304.58	18.1462
304.834	18.3541
304.916	18.3611
305.072	18.5607
305.144	18.6252
305.225	18.6104
305.363	18.5707
305.398	19.1084
305.331	19.2407
305.004	19.1853
305.115	19.173
305.152	19.6735
305.11	19.4861
305.12	19.7345
305.081	19.5882
305.244	19.7307
304.969	19.6189
304.995	19.5263
305.141	19.7025
305.056	19.4379
305.125	19.0766
305.03	19.2113
304.959	19.4533
305.276	20.2478
305.539	19.8059
305.849	19.763
305.922	19.7421
305.746	19.7342
305.935	19.6291
305.753	19.6278
306	19.4068
305.981	19.3398
306.233	19.2649
306.167	19.3258
306.181	18.9592
306.33	18.9911
306.4	19.3499
306.678	19.419
306.626	19.6528
306.906	19.6519
306.54	20.1081
306.633	20.0917
306.898	20.4242
306.712	20.3483
306.987	20.4125
306.852	20.3043
307.283	20.2846
306.91	20.0108
306.896	20.0183
306.747	20.1102
306.622	19.7702
306.202	19.8367
306.128	19.3855
306.388	19.3237
306.442	19.4791
306.545	19.1651
306.692	19.3242
306.439	19.609
306.473	19.7641
306.416	19.6436
306.42	19.8633
306.345	19.581
306.223	19.7705
306.102	19.6996
306.036	19.6705
305.999	20.0796
305.943	19.9712
305.868	19.578
305.521	19.6336
305.417	19.9822
305.502	19.8906
305.812	20.1863
306.24	20.0202
306.123	19.9812
306.105	19.7031
306.131	19.5506
306.361	19.6107
306.193	19.486
306.119	19.4419
306.253	19.72
306.299	19.4419
306.453	19.8817
306.55	19.9085
306.526	20.0785
306.812	19.8556
306.893	20.3959
306.779	20.6939
306.476	20.6821
306.835	20.8766
306.699	21.3101
306.84	21.4638
306.604	21.2257
306.558	21.1151
306.733	21.2452
306.744	21.0287
306.433	21.2977
306.502	21.0726
306.686	20.7758
306.721	20.3763
306.556	20.8333
306.457	21.0426
306.899	21.4592
307.099	21.0779
307.194	20.9084
307.304	20.9456
307.456	20.9266
307.435	20.9626
307.311	21.0433
307.508	20.9673
307.566	20.5954
307.806	20.4917
307.801	20.6683
307.886	20.4454
307.857	20.0826
307.948	20.6116
308.097	20.6637
308.33	20.7791
308.377	20.5354
308.281	20.7715
308.088	21.0982
308.392	21.0254
308.339	20.9501
308.451	21.134
308.522	21.4399
308.732	21.3057
308.482	21.5388
308.464	21.1909
308.404	21.09
308.195	21.0006
307.835	20.7834
307.818	20.5306
307.759	20.1766
307.882	20.3195
308.192	20.1524
308.185	20.46
307.96	20.7636
308.057	21.1926
308.104	20.7471
307.866	21.1554
307.981	20.881
307.793	20.7635
307.692	21.0044
307.621	20.8112
307.535	20.9348
307.584	21.1423
307.399	20.6232
307.184	20.5915
306.944	20.6781
307.138	20.801
307.334	21.3365
307.827	20.939
307.69	21.1489
307.801	21.1729
307.725	20.9153
307.831	21.0725
307.97	20.8527
307.78	20.6221
307.9	20.6545
307.797	20.6741
308.104	20.5878
308.165	20.8047
308.319	20.9277
308.323	20.7903
308.562	21.0839
308.427	21.3973
308.222	21.5457
308.538	21.5475
308.238	21.8949
308.555	22.1645
308.343	22.0679
308.278	21.9101
308.313	22.0315
308.308	21.9408
307.939	21.8921
308.161	21.8542
308.246	21.7793
308.238	21.1303
308.276	21.3132
308.032	21.5969
308.196	22.0016
308.664	21.7908
308.771	21.747
308.937	21.4909
308.91	21.4626
308.861	21.6606
308.995	21.9037
309.078	21.5999
309.193	21.2338
309.258	21.1462
309.465	21.5786
309.308	21.1422
309.548	20.83
309.653	21.3322
309.817	21.6391
309.876	21.7497
309.863	21.5916
310.02	21.5521
309.552	22.0892
309.966	21.9757
309.881	22.1029
309.994	22.1395
310.259	22.4827
310.221	22.2921
310.155	22.5146
310.063	22.4298
310.04	22.2062
309.967	22.244
309.561	22.1749
309.529	22.0771
309.356	21.4525
309.568	21.6291
309.671	21.5257
309.715	21.6704
309.564	21.9222
309.842	22.3071
309.743	22.0352
309.445	22.4041
309.568	22.1968
309.489	22.3072
309.463	22.198
309.13	22.1925
309.314	22.2471
309.072	22.3441
309.038	22.1363
308.82	21.9715
308.656	22.1626
308.79	22.2733
308.747	22.6872
309.29	22.3699
309.556	22.7047
309.418	22.4059
309.198	22.1647
309.457	22.0224
309.464	21.9501
309.549	21.5636
309.462	21.4565
309.621	21.6916
309.679	21.4368
309.807	21.5633
309.934	21.7158
309.864	21.892
310.247	21.9814
310.139	22.522
310.127	22.702
310.021	22.808
310.056	22.7442
310.202	23.3122
310.067	23.5196
309.82	23.0053
310.028	22.8917
309.982	22.969
309.732	22.7499
309.846	22.8482
310.136	22.8361
309.98	22.2215
310.11	22.3061
309.902	22.6696
309.951	22.9055
310.332	22.9329
310.319	22.8156
310.734	22.6489
310.708	22.5862
310.61	22.5787
310.748	22.9295
310.688	22.7233
310.83	22.1816
310.89	22.3428
311.294	22.4141
311.061	22.2648
311.177	22.0666
311.452	22.3421
311.273	22.7154
311.614	22.7158
311.533	22.7653
311.74	22.7454
311.368	23.2197
311.566	23.0802
311.742	23.3278
311.652	23.1978
312.056	23.663
311.878	23.5876
312.097	23.372
311.72	23.6382
311.896	23.5515
311.743	23.7329
311.365	23.465
311.3	23.4453
311.078	22.8912
311.333	22.6974
311.335	22.6857
311.632	22.6207
311.637	22.8565
311.537	23.1988
311.418	23.2449
311.422	23.3282
311.317	23.4905
311.357	23.2689
311.131	23.0904
310.934	23.1999
311.143	23.1474
310.814	23.401
310.985	23.0994
310.719	22.7031
310.552	23.009
310.48	23.0604
310.59	23.4194
310.901	23.3433
311.409	23.3122
311.143	23.3869
311.211	22.954
311.299	22.626
311.471	22.9005
311.18	22.4754
311.184	22.2058
311.344	22.3988
311.519	22.2226
311.695	22.5717
311.738	22.5845
311.808	22.6421
311.949	22.6776
311.935	23.4314
311.967	23.2423
311.66	23.4037
311.821	23.3992
311.892	24.0079
311.842	24.0037
311.726	23.7753
311.707	23.559
311.922	23.8813
311.691	23.9153
311.634	23.9709
311.722	23.9509
311.698	23.4564
311.818	23.2634
311.724	23.8546
311.62	23.7651
312.06	23.9538
312.363	23.6089
312.545	23.6131
312.667	23.6157
312.46	23.5641
312.578	23.7561
312.468	23.6976
312.71	23.6076
312.696	23.383
312.934	23.441
312.821	23.5345
312.896	23.3222
313.067	23.2821
313.146	23.8341
313.336	24.0962
313.465	24.349
313.71	23.959
313.4	24.1934
313.362	24.2866
313.627	24.2782
313.534	24.192
313.76	24.3848
313.648	24.6643
314.022	24.6558
313.743	24.7271
313.683	24.5764
313.623	24.724
313.463	24.6689
313.104	24.5583
312.966	24.1954
313.139	23.9222
313.198	24.0041
313.341	23.8149
313.515	24.1779
313.336	24.2729
313.266	24.5569
313.237	24.3604
313.308	24.6291
313.129	24.3001
313.171	23.961
313.015	24.0399
312.916	24.0034
312.849	24.1632
312.838	23.9329
312.856	23.5835
312.358	23.6009
312.284	23.7818
312.375	23.9281
312.727	24.4675
313.119	24.1064
313.083	24.01
313.139	23.8549
313.118	23.4626
313.284	23.7309
313.325	23.3649
313.057	22.8596
313.268	23.4057
313.241	23.2348
313.477	23.2367
313.539	23.5656
313.624	23.4125
313.821	23.3829
313.895	23.9796
313.746	23.8326
313.535	24.1215
313.895	24.2637
313.702	24.6048
313.794	24.7344
313.673	24.9275
313.597	24.5896
313.778	25.0552
313.743	24.9813
313.455	25.1966
313.626	24.9467
313.742	24.9197
313.708	24.3489
313.581	24.8047
313.54	24.8771
313.836	24.9487
314.082	24.7331
314.295	24.7605
314.459	24.9587
314.498	24.8592
314.401	25.081
314.396	25.1469
314.516	24.9911
314.616	24.8558
314.925	24.9026
314.877	25.0455
314.91	24.8708
314.958	24.7565
315.055	25.1484
315.258	25.412
315.488	25.8117
315.377	25.476
315.467	25.4898
315.191	25.6983
315.556	25.483
315.421	25.4639
315.575	25.451
315.722	25.5609
315.842	25.7153
315.742	25.8365
315.624	25.6878
315.59	25.7158
315.432	26.0798
315.116	25.9875
315.046	25.5067
315.056	25.3698
315.162	25.3521
315.404	25.1724
315.391	25.3839
315.244	25.5231
315.294	25.7707
315.357	25.7145
315.138	25.9413
315.225	25.7644
315.075	25.5838
315.101	25.7348
314.883	25.4281
314.956	25.5727
314.967	25.6509
314.72	25.0274
314.523	25.0604
314.239	25.0867
314.5	25.2621
314.621	25.8389
315.114	25.2984
315.101	25.2459
315.13	25.2349
315.019	24.837
315.255	25.1305
315.333	24.9185
315.196	24.3149
315.237	24.2659
315.172	24.3354
315.519	24.143
315.602	24.3967
315.746	24.3628
315.73	24.4951
315.946	24.5037
315.913	24.6405
315.725	24.7856
315.956	24.858
315.675	25.266
315.968	25.3458
315.819	25.6313
315.76	25.3681
315.783	25.4021
315.833	25.5493
315.402	25.8887
315.627	25.8232
315.724	25.8526
315.766	25.1889
315.776	25.4128
315.572	25.5613
315.748	25.8012
316.173	25.7385
316.237	25.8296
316.503	25.8969
316.458	25.7974
316.455	26.0602
316.552	26.2814
316.546	26.1801
316.706	26.1383
316.784	26.3352
317.077	26.6184
316.877	26.4077
317.242	26.2888
317.353	26.688
317.367	26.7863
317.472	27.0652
317.466	26.9117
317.624	26.7104
317.151	26.996
317.578	26.8008
317.581	26.7136
317.632	26.8043
318.014	26.9479
317.914	27.0033
317.905	27.2062
317.703	27.2545
317.706	26.8285
317.766	27.2501
317.355	27.1303
317.258	27.0605
316.947	26.7417
317.309	26.636
317.363	26.5772
317.498	26.6503
317.416	26.9038
317.603	27.1468
317.545	27.0822
317.407	27.163
317.365	27.2273
317.39	27.232
317.201	27.1015
316.88	27.0738
317.132	27.0274
316.91	27.1019
316.978	26.73
316.749	26.3775
316.575	26.5389
316.643	26.3752
316.707	26.78
317.206	26.7032
317.486	26.8727
317.259	26.5453
317.249	26.3177
317.417	26.206
317.51	26.2403
317.469	25.6693
317.436	25.4267
317.621	25.5552
317.588	25.3006
317.797	25.5805
317.919	25.6253
317.96	25.6975
318.204	25.5352
318.16	25.8112
318.187	26.0215
317.99	26.0168
318.045	26.1937
318.111	26.5331
318.003	26.6798
317.871	26.4779
318.103	26.1925
318.077	26.4937
317.908	26.5447
317.916	26.757
318.246	26.8116
318.032	26.47
318.147	26.2623
318.062	26.7268
318.003	26.7374
318.412	26.9054
318.605	26.7926
318.942	26.8042
318.896	26.7575
318.809	26.9026
318.986	27.2843
318.899	27.3562
318.98	27.2304
319.142	27.5485
319.359	27.4007
319.289	27.5129
319.38	27.4545
319.642	27.8436
319.526	28.037
319.892	28.0758
319.789	28.3185
320.007	27.9299
319.671	28.0193
319.867	27.9913
320.023	27.9655
320.036	27.9219
320.331	28.1787
320.202	28.3181
320.458	28.3261
320.077	28.545
320.196	28.2048
320.017	28.6173
319.757	28.6625
319.614	28.616
319.594	28.2411
319.825	28.0984
319.846	28.2185
319.958	28.3289
320.101	28.4674
319.902	28.6495
319.958	28.9416
319.804	28.6686
319.837	28.7921
319.856	28.8243
319.613	28.6224
319.573	28.7899
319.628	28.8523
319.441	28.9574
319.511	28.7797
319.351	28.042
319.154	28.1524
319.095	28.126
319.154	28.1763
319.466	28.3999
320.008	28.2547
319.709	28.5547
319.809	28.2605
319.848	27.9827
320.137	28.1224
319.894	27.5621
319.919	27.3696
320.078	27.3496
320.202	27.0153
320.375	27.2681
320.399	27.1603
320.395	27.3874
320.693	27.1241
320.725	27.1864
320.7	27.1081
320.382	27.2319
320.693	27.5528
320.685	27.9698
320.677	27.9321
320.499	27.9886
320.47	27.5538
320.74	27.8773
320.583	27.9348
320.506	28.1919
320.616	27.989
320.593	28.0084
320.63	27.6907
320.577	28.1479
320.456	28.2513
320.962	28.3919
321.214	27.9154
321.398	28.1399
321.604	27.9279
321.388	28.069
321.529	28.4832
321.435	28.4297
321.678	28.6286
321.688	28.4383
321.924	28.4593
321.797	28.5292
321.921	28.3387
322.136	28.3884
322.18	28.6729
322.378	28.8466
322.428	28.9932
322.662	28.644
322.429	28.5412
322.419	28.7944
322.715	28.7663
322.641	28.6308
322.832	29.0071
322.79	29.2125
323.128	29.3223
322.926	29.4224
322.865	29.1448
322.716	29.3817
322.587	29.7463
322.271	29.5635
322.132	29.3125
322.27	29.0853
322.351	29.2755
322.586	29.1981
322.665	29.4245
322.535	29.5374
322.556	29.8679
322.534	29.7696
322.484	30.0324
322.416	30.0716
322.414	29.928
322.263	30.1548
322.159	30.0862
322.133	30.2887
322.121	30.172
322.058	29.7428
321.696	29.7132
321.616	29.738
321.725	29.6795
322.076	30.1943
322.461	30.0237
322.447	30.2573
322.507	30.3212
322.533	29.8052
322.583	30.014
322.716	29.7593
322.564	29.1868
322.634	29.2984
322.655	29.1006
322.892	29.1104
322.986	29.4072
323.165	29.1803
323.266	29.2154
323.327	29.1977
323.212	29.0518
323.082	29.2219
323.402	29.2843
323.158	29.8071
323.393	29.7729
323.123	30.0136
323.184	29.4671
323.325	29.8371
323.304	29.7188
322.974	29.986
323.117	29.8612
323.354	30.2428
323.237	29.644
323.178	30.0349
323.13	30.1318
323.442	30.2288
323.787	29.9589
323.928	30.2219
324.043	30.2914
324.156	30.0134
324.016	30.527
324.161	30.6215
324.156	30.7496
324.381	30.4524
324.641	30.519
324.608	30.7068
324.59	30.3197
324.709	30.5117
324.845	30.6799
325.04	30.8334
325.259	30.8737
325.167	30.5982
325.297	30.6735
324.974	30.8341
325.338	30.5574
325.212	30.8321
325.376	31.0228
325.553	31.2205
325.633	31.1696
325.585	31.5069
325.503	31.137
325.373	31.0075
325.316	31.4129
324.991	31.2878
324.972	31.0494
324.86	30.6805
325.089	30.7423
325.275	30.8873
325.286	30.9353
325.1	31.1071
325.24	31.5297
325.31	31.3648
325.049	31.3811
325.207	31.3839
324.999	31.4891
325.058	31.6697
324.906	31.6166
324.961	31.9
324.899	31.979
324.695	31.5258
324.493	31.2253
324.354	31.4767
324.451	31.474
324.529	31.9742
325.11	31.7998
325.217	32.0808
325.209	31.9236
325.063	31.7347
325.382	31.691
325.401	31.806
325.34	31.4773
325.422	31.0086
325.371	31.1615
325.611	31.1043
325.668	31.3231
325.919	31.2664
325.941	31.4957
326.25	30.8975
326.089	31.0384
326.079	31.149
326.07	31.1228
326.005	31.5322
326.188	31.5877
326.171	31.9237
325.974	31.5042
326.033	31.5851
326.154	31.5543
325.739	31.6462
325.94	31.69
326.077	31.9453
326.089	31.7157
326.182	31.6506
325.966	31.8683
326.186	32.0347
326.576	32.2019
326.557	32.2516
326.902	32.2208
326.876	31.8636
326.824	32.5355
326.966	32.5296
326.919	32.6484
327.121	32.3073
327.22	32.4587
327.658	32.5375
327.414	32.4839
327.73	32.2513
327.783	32.6125
327.864	32.6948
328.024	32.6326
327.998	32.5186
328.101	32.5326
327.808	32.5712
328.172	32.5724
328.226	32.6625
328.184	32.8955
328.647	33.2196
328.472	33.0699
328.551	33.1375
328.373	33.0775
328.394	32.8619
328.391	32.9201
327.984	32.9233
327.921	32.5911
327.678	32.2398
328.058	32.1779
328.019	32.289
328.255	32.1948
328.206	32.4901
328.339	32.7168
328.258	32.8144
328.137	32.8797
328.132	32.8432
328.151	32.9582
328.031	33.0696
327.682	33.0641
327.97	33.0846
327.652	33.3239
327.822	33.0277
327.637	32.3602
327.508	32.6303
327.548	32.3364
327.549	32.6311
327.999	32.724
328.356	32.9947
328.144	33.0175
328.132	32.9768
328.348	32.7016
328.49	32.9364
328.382	32.7068
328.258	32.3906
328.579	32.0414
328.57	31.8531
328.815	32.3902
328.828	32.0564
329.067	32.1804
329.247	31.7664
329.245	32.0048
329.222	32.0387
328.945	32.1172
329.096	32.3051
329.151	32.5006
329.068	32.6022
328.993	32.5249
329.209	32.3145
329.237	32.4082
329.054	32.5015
329.061	32.724
329.303	32.8961
329.133	32.8478
329.31	32.2715
329.224	32.737
329.206	32.7098
329.569	33.0331
329.831	32.9984
330.12	33.0745
330.23	32.5342
330.101	32.7755
330.275	33.103
330.117	33.0838
330.299	32.9536
330.454	33.0974
330.725	33.0828
330.504	33.1007
330.638	32.8533
330.852	33.0343
330.931	33.3262
331.193	33.3195
331.185	33.3232
331.396	33.2258
331.083	33.2114
331.217	33.3655
331.452	33.5176
331.483	33.4534
331.693	33.9574
331.581	33.9267
331.926	34.0619
331.605	33.9055
331.699	33.6842
331.518	33.8245
331.317	33.9976
331.046	33.8579
330.976	33.5538
331.297	33.0973
331.314	33.5351
331.471	33.3807
331.579	33.5547
331.439	33.5141
331.465	33.7788
331.319	33.5024
331.388	33.5748
331.354	33.519
331.235	33.5874
331.238	33.5579
331.153	33.7136
331.05	33.8597
331.109	33.8121
330.925	33.1671
330.742	33.2407
330.594	33.263
330.762	33.046
331.107	33.4937
331.545	33.4384
331.303	33.617
331.432	33.7159
331.481	33.5253
331.714	33.4684
331.566	33.3339
331.614	32.9214
331.733	32.9062
331.797	32.5781
331.968	33.092
332.04	32.9517
332.058	33.0445
332.431	32.6121
332.417	32.6718
332.404	32.5495
332.114	32.6807
332.404	33.0251
332.411	33.346
332.437	33.1627
332.287	33.2583
332.194	32.854
332.43	33.1412
332.452	33.0423
332.232	33.2178
332.332	33.019
332.406	33.3115
332.484	32.584
332.38	32.7496
332.268	33.039
332.77	33.3092
332.937	33.016
333.235	33.179
333.301	32.7925
333.324	32.9544
333.412	33.2719
333.265	33.2459
333.501	33.3819
333.517	33.0647
333.913	32.9767
333.768	33.2386
333.823	33.2094
333.912	32.9827
334.063	33.2556
334.27	33.4449
334.457	33.3603
334.564	33.1788
334.466	33.1881
334.347	33.4653
334.675	33.4691
334.637	33.4156
334.794	33.7055
334.761	33.8245
335.095	33.6303
334.902	33.8229
334.911	33.4974
334.819	33.4946
334.674	33.9279
334.248	33.5707
334.242	33.6308
334.308	33.138
334.512	33.2861
334.68	33.0847
334.751	33.3577
334.574	33.2536
334.701	33.5396
334.65	33.434
334.561	33.7159
334.632	33.8214
334.495	33.6701
334.372	33.779
334.284	33.8566
334.162	34.1343
334.31	34.2946
334.184	33.789
333.913	33.8636
333.78	34.0547
333.912	33.9742
334.261	34.3111
334.657	34.3679
334.603	34.7077
334.681	34.4288
334.687	34.23
334.807	34.352
334.965	34.2721
334.732	33.8878
334.937	33.7803
334.887	33.9216
335.229	33.9889
335.24	34.3752
335.399	34.1243
335.617	34.1919
335.718	34.0015
335.558	33.7867
335.418	34.1627
335.735	34.4378
335.531	34.778
335.785	34.7894
335.591	35.0792
335.607	34.7292
335.764	34.9849
335.701	34.6074
335.391	34.7069
335.559	34.8668
335.794	35.0647
335.745	34.5771
335.727	34.5148
335.587	34.7656
335.78	34.9234
336.244	34.712
336.425	34.8461
336.61	34.7761
336.656	34.3608
336.568	34.8634
336.731	35.032
336.721	35.0936
336.948	35.0392
337.107	35.157
337.228	35.3681
337.181	35.345
337.318	35.1299
337.505	35.3372
337.715	35.5114
337.955	35.4865
337.816	35.2625
338.024	35.33
337.636	35.6232
338.046	35.799
337.927	35.8515
338.108	36.1127
338.302	36.3273
338.406	36.1066
338.355	36.2871
338.287	36.0996
338.267	36.1159
338.176	36.6208
337.831	36.2903
337.748	36.1298
337.717	36.0244
337.98	35.8438
338.111	35.8856
338.138	35.84
337.937	35.7114
338.181	35.9732
338.229	36.0114
337.915	35.9085
338.09	36.1795
338.003	36.2435
337.97	36.0031
337.787	36.1009
337.895	36.0056
337.736	36.3986
337.623	36.2815
337.4	36.0936
337.309	36.6545
337.425	36.6665
337.502	36.7077
338.078	36.6752
338.265	37.1446
338.192	36.9109
338.066	36.7735
338.369	36.6831
338.411	36.677
338.411	36.337
338.319	36.1373
338.475	36.2683
338.631	36.5318
338.788	36.605
338.963	36.4871
338.975	36.3852
339.299	36.2951
339.218	36.2495
339.252	36.4228
339.176	36.536
339.25	36.9083
339.398	37.0031
339.334	37.1415
339.087	36.8535
339.21	36.9483
339.367	36.7114
338.936	36.8024
339.221	36.9812
339.404	37.0898
339.301	36.8108
339.449	36.569
339.27	36.8723
339.366	36.7079
339.776	37.0055
339.807	36.8537
340.194	36.9361
340.199	36.3899
340.145	36.9518
340.348	37.1179
340.293	37.1749
340.471	37.2246
340.631	37.2569
341.011	37.3391
340.798	37.5868
341.034	37.3837
341.204	37.6141
341.178	37.8423
341.458	37.6665
341.47	37.7752
341.569	37.5287
341.223	37.7867
341.531	38.0415
341.74	38.0139
341.695	38.1066
342.115	38.4664
341.954	38.3439
342.162	38.5702
341.879	38.4849
341.979	38.4262
341.857	38.8332
341.506	38.819
341.551	38.3849
341.33	38.1749
341.547	37.9479
341.55	38.041
341.885	37.8599
341.88	37.9624
341.962	37.9426
341.887	37.8233
341.83	37.8246
341.743	38.1035
341.706	38.121
341.641	37.6972
341.436	37.7593
341.712	37.628
341.315	37.7393
341.506	37.8405
341.271	37.406
341.212	37.9233
341.172	37.9674
341.254	37.7909
341.61	37.9312
342.116	38.0794
341.892	38.2792
341.957	38.0097
342.008	37.6191
342.257	37.3538
342.053	37.0254
342.036	37.0844
342.323	36.9799
342.426	37.033
342.623	37.3497
342.723	37.2642
342.862	37.2574
343.01	37.1612
343.028	37.4241
343.049	37.4199
342.758	37.7243
342.882	38.1481
342.95	38.0123
342.961	37.9501
342.995	37.7973
342.97	37.526
343.168	37.55
342.932	37.7566
342.978	38.033
343.159	38.0419
343.086	37.8843
343.23	37.4759
343.165	37.9168
343.125	37.7344
343.464	38.1366
343.772	37.8845
344.107	37.9135
344.225	37.5251
344.062	37.7787
344.277	38.1347
344.109	38.2288
344.354	38.2181
344.418	38.3713
344.713	38.2947
344.645	38.5235
344.719	38.2273
344.897	38.4325
345.014	38.4788
345.29	38.5651
345.293	38.6206
345.594	38.6643
345.24	38.7081
345.361	38.8422
345.648	39.0389
345.525	38.9463
345.822	39.1403
345.766	39.3194
346.198	39.3201
345.856	39.2197
345.867	39.1317
345.769	39.257
345.656	39.4134
345.304	38.9183
345.274	38.7043
345.568	38.1164
345.616	38.4351
345.765	38.3848
345.962	38.308
345.724	38.1104
345.806	38.3288
345.762	38.0329
345.817	38.4535
345.792	38.1644
345.647	38.0825
345.583	37.9358
345.533	38.0726
345.529	38.0086
345.481	38.0302
345.467	37.7243
345.164	37.8475
345.066	38.1642
345.205	37.9155
345.519	38.0217
345.998	38.078
345.91	38.3711
345.936	38.1281
345.991	38.1219
346.268	37.9756
346.122	37.7374
346.062	37.4204
346.252	37.5783
346.328	37.6436
346.531	37.7363
346.663	37.7181
346.658	37.6678
347	37.6696
347.111	37.7942
346.99	37.7334
346.727	37.985
347.13	38.2938
347.043	38.4752
347.167	38.3793
346.987	38.5051
346.973	38.0736
347.171	38.345
347.248	38.2845
346.941	38.57
347.063	38.7352
347.253	38.6457
347.331	38.2047
347.231	38.4961
347.11	38.4549
347.638	38.7761
347.833	38.4549
348.009	38.5243
348.129	38.2262
348.299	38.4163
348.318	38.7921
348.224	38.8167
348.458	38.8656
348.53	38.7267
348.831	38.7804
348.844	38.7502
349.001	38.8044
348.975	38.8631
349.101	38.8823
349.326	39.1056
349.582	39.2566
349.661	39.0078
349.64	39.2614
349.451	39.4617
349.799	39.4637
349.76	39.5604
349.921	39.6199
350.012	39.9828
350.255	39.6188
350.07	39.7984
350.094	39.4063
350.055	39.3532
349.884	39.7015
349.555	39.2005
349.594	38.9717
349.576	38.6254
349.773	38.6538
350.052	38.5238
350.103	38.4489
349.907	38.064
350.04	38.2696
350.152	38.1039
349.926	38.3004
350.092	38.3852
349.934	38.1092
349.847	38.0069
349.812	38.1632
349.754	38.062
349.856	38.4931
349.696	38.068
349.485	38.0616
349.334	38.3621
349.562	38.3207
349.807	38.4077
350.29	38.1391
350.193	38.4886
350.366	38.3154
350.322	38.1136
350.446	38.0411
350.597	38.0575
350.495	37.8894
350.619	37.7471
350.595	38.0859
350.899	38.1198
350.996	38.1353
351.235	38.1708
351.251	38.3377
351.514	38.3233
351.412	38.0589
351.271	38.3807
351.619	38.6762
351.335	39.0396
351.732	39.1237
351.511	39.2759
351.474	38.8068
351.585	39.0438
351.596	38.769
351.282	39.2379
351.484	39.2639
351.657	39.2066
351.692	39.0752
351.758	39.1675
351.57	39.4116
351.791	39.6363
352.315	39.45
352.402	39.4984
352.62	39.4563
352.662	38.8489
352.654	39.3121
352.789	39.4076
352.878	39.3697
353.066	39.2451
353.19	39.3468
353.435	39.2836
353.309	39.526
353.608	39.6197
353.758	39.6606
353.935	39.6171
354.076	39.7057
354.067	39.5482
354.268	39.6949
353.859	39.8442
354.245	39.7956
354.247	40.1458
354.423	40.2292
354.694	40.536
354.739	40.4874
354.665	40.6575
354.664	40.3209
354.659	40.2288
354.596	40.5999
354.262	40.3536
354.239	40.0485
354.12	39.8631
354.375	39.6328
354.543	39.7846
354.615	39.617
354.463	39.2174
354.827	39.253
354.743	39.059
354.513	39.2243
354.648	39.5127
354.617	39.4125
354.627	39.0478
354.343	39.3252
354.546	38.8718
354.348	39.2231
354.334	39.0669
354.183	38.8477
354.016	39.2938
354.216	39.3323
354.234	39.3067
354.802	39.0118
355.067	39.3363
354.992	39.1744
354.83	39.2177
355.097	39.0875
355.156	39.0017
355.244	38.7548
355.217	38.717
355.423	38.8539
355.507	39.1683
355.726	39.0176
355.859	38.989
355.87	39.0019
356.293	38.9844
356.177	39.1735
356.222	39.3922
356.144	39.7899
356.228	40.0099
356.364	40.3073
356.339	40.5031
356.119	39.9398
356.346	40.1651
356.365	39.953
356.126	39.9316
356.3	40.3289
356.607	40.5914
356.502	40.3163
356.675	40.3181
356.517	40.8792
356.607	40.4829
356.995	40.6615
357.073	40.7452
357.521	40.4106
357.536	39.8392
357.515	40.421
357.683	40.5087
357.677	40.3854
357.815	40.2563
357.969	40.5423
358.372	40.3325
358.217	40.7
358.355	40.789
358.66	40.9535
358.598	40.7732
358.939	40.605
358.911	40.8771
359.153	41.0521
358.814	41.1054
359.095	41.1329
359.261	41.4824
359.238	41.465
359.702	41.8166
359.535	41.7202
359.835	41.6009
359.468	41.2699
359.729	41.3274
359.59	41.7153
359.228	41.5029
359.234	41.1377
359.06	40.9825
359.382	40.7377
359.392	40.9682
359.724	40.8546
359.78	40.8183
359.72	40.6396
359.675	40.6053
359.683	40.5397
359.655	40.8739
359.737	40.7899
359.555	40.6429
359.4	40.6207
359.628	40.4395
359.387	40.6473
359.526	40.6382
359.304	40.3621
359.208	40.9161
359.165	41.0055
359.355	41.0158
359.706	40.8763
360.205	40.8692
360.021	41.008
360.099	41.1193
360.252	41.1127
360.496	40.9982
360.266	40.8012
360.275	40.894
360.495	40.944
360.701	41.2687
360.949	41.056
361.054	41.0424
361.138	40.8592
361.351	40.9192
361.35	40.9723
361.448	41.1458
361.173	41.5013
361.39	41.7274
361.54	41.9325
361.483	42.0041
361.45	41.889
361.478	41.9468
361.705	41.8774
361.536	41.7226
361.5	42.1589
361.672	42.1415
361.694	42.4206
361.832	42.1599
361.788	42.665
361.759	42.409
362.241	42.5789
362.594	42.5201
362.818	42.2981
362.999	41.8665
362.855	42.0048
363.016	42.2092
362.948	42.1866
363.24	41.9801
363.278	42.1311
363.575	42.2277
363.505	42.6765
363.675	42.6612
363.862	42.6911
363.989	42.4908
364.237	42.3866
364.378	42.3987
364.692	42.4947
364.409	42.4307
364.415	42.6568
364.769	43.0186
364.698	43.2319
364.977	43.1447
364.925	43.3138
365.357	43.0215
365.162	42.7665
365.123	42.8491
365.11	42.8677
365.001	42.795
364.655	42.2369
364.583	42.3663
364.826	42.1369
364.936	42.2757
365.115	42.207
365.314	42.2844
365.22	42.032
365.187	42.0743
365.269	41.8158
365.324	42.2586
365.213	42.2222
365.299	42.2052
365.196	41.9557
365.125	41.9612
365.13	41.936
365.147	41.8248
365.215	41.613
364.744	41.7736
364.742	42.1724
364.88	42.0723
365.289	41.8941
365.701	41.8195
365.709	41.8909
365.82	42.0714
365.844	42.2332
366.079	42.1303
366.148	41.9767
365.952	41.7707
366.224	41.8621
366.23	41.9995
366.564	42.1933
366.647	42.1309
366.821	42.0468
367.053	42.1199
367.177	41.9732
367.084	41.9116
366.905	42.4823
367.31	42.7097
367.193	43.116
367.358	43.0442
367.256	43.1379
367.245	43.0179
367.473	42.9618
367.499	42.8517
367.25	43.0405
367.454	43.2602
367.663	43.1184
367.658	43.1238
367.605	43.4109
367.577	43.2562
367.961	43.2681
368.293	42.9068
368.528	43.0769
368.744	42.9628
368.849	42.7916
368.843	42.9601
368.852	43.0762
369.031	42.8435
369.183	42.795
369.558	43.0721
369.584	43.3371
369.66	43.5358
369.792	43.4897
369.942	43.2404
370.176	43.2692
370.498	43.3354
370.447	42.8922
370.612	42.9164
370.382	42.7878
370.749	43.2902
370.692	43.7048
370.928	43.4914
371.127	43.7037
371.29	43.3541
371.229	43.0667
371.213	43.0064
371.224	42.9954
371.121	43.3424
370.849	42.9157
370.87	43.0038
370.932	42.8392
371.063	42.8679
371.378	43.0489
371.45	42.8927
371.353	42.5678
371.435	42.7466
371.559	42.6518
371.406	42.8908
371.557	43.0907
371.447	42.9147
371.533	42.5777
371.412	42.6108
371.51	42.3102
371.607	42.2974
371.404	41.8933
371.276	41.9047
371.059	42.4111
371.354	42.3155
371.513	42.1513
372.088	41.9353
372.121	41.9175
372.217	42.0054
372.159	42.1033
372.469	41.9814
372.628	42.1416
372.506	41.708
372.614	41.8011
372.625	42.0967
373.063	42.1268
373.199	41.9735
373.409	41.8348
373.46	41.9107
373.752	41.9299
373.768	41.7335
373.653	42.1036
373.951	42.428
373.716	42.7413
374.077	43.0568
373.987	43.4186
373.993	43.0565
374.092	43.0223
374.197	42.6542
373.799	42.9807
374.108	43.2998
374.276	43.2303
374.408	43.1991
374.462	43.2256
374.338	43.2559
374.579	42.9836
375.071	42.8049
375.206	43.3539
375.539	43.5429
375.568	42.8228
375.636	43.3545
375.826	43.3482
375.889	43.3289
376.116	43.2044
376.253	43.3808
376.633	43.4557
376.53	44.0076
376.911	43.9888
377.116	43.7911
377.222	43.7125
377.434	43.7225
377.474	43.588
377.709	43.6717
377.336	43.4016
377.809	43.7483
377.9	44.0882
378.014	43.9631
378.462	43.9368
378.468	43.7974
378.539	43.7234
378.382	43.5285
378.451	43.7999
378.601	44.2232
378.286	43.8336
378.259	43.751
378.024	43.7905
378.457	43.5362
378.609	43.8965
378.831	43.8689
378.791	43.6657
379.053	43.7207
379.057	43.5835
378.979	43.7297
379.059	43.9887
379.138	44.0858
379.054	43.6627
378.797	44.0161
379.122	43.6994
378.99	43.8658
379.099	43.4944
378.978	43.3504
378.861	43.8874
378.997	43.7369
379.184	43.7837
379.728	43.3182
380.091	43.3828
379.962	43.7026
379.994	44.1292
380.238	44.2611
380.422	44.2264
380.489	43.7845
380.507	44.0796
380.761	44.1254
380.818	44.1323
381.149	44.0284
381.351	44.0321
381.451	43.9634
381.815	44.1238
381.851	44.014
381.952	44.4677
381.852	44.8644
381.969	45.4513
382.155	45.5423
382.103	45.9812
382.064	45.7214
382.362	45.736
382.42	45.6255
382.335	45.4406
382.426	45.7892
382.836	45.8922
382.711	45.8554
382.924	45.7989
382.891	45.954
382.955	45.5055
383.47	45.583
383.741	46.1392
384.163	46.2422
384.211	45.9627
384.21	46.1641
384.492	46.1487
384.475	46.2039
384.66	46.083
384.909	46.249
385.192	46.3672
385.2	46.7519
385.399	46.8363
385.781	46.7495
385.713	46.852
386.197	46.6985
386.191	46.7656
386.517	46.5484
386.271	46.3169
386.548	46.4756
386.772	46.8007
386.875	46.7863
387.28	46.7332
387.246	47.0423
387.583	46.7492
387.303	46.7684
387.487	46.9655
387.42	47.226
387.255	47.1279
387.208	46.9223
387.265	46.7179
387.568	46.2659
387.69	46.4065
387.879	46.6525
388.12	46.8892
387.981	46.8142
388.16	46.6214
388.098	47.0049
388.221	46.9437
388.339	47.1707
388.187	46.8384
388.233	46.826
388.394	46.6777
388.269	46.5614
388.427	46.6211
388.351	46.2459
388.277	46.3934
388.294	46.4666
388.459	46.5649
388.852	46.3009
389.514	46.3313
389.311	46.3013
389.463	46.5873
389.647	46.6132
389.973	46.5605
389.81	46.1222
389.944	46.1819
390.209	45.9909
390.455	46.0911
390.676	45.8553
390.84	45.7922
390.954	45.501
391.331	45.5279
391.443	45.4827
391.535	45.7622
391.322	46.2308
391.696	46.5309
391.822	46.5669
391.904	46.8426
391.809	46.8096
391.875	46.6994
392.212	46.5549
392.174	46.4838
392.209	46.5774
392.435	46.4984
392.506	46.8476
392.63	46.5976
392.707	46.7941
392.671	46.2253
393.277	46.2475
393.637	46.3632
393.894	46.3604
394.208	46.5044
394.084	46.5466
394.337	46.6998
394.356	46.7395
394.718	46.6623
394.813	46.7434
395.155	46.8517
395.12	47.2506
395.306	47.2979
395.631	47.2588
395.823	46.9469
396.102	47.0546
396.216	47.1836
396.61	47.0316
396.479	46.6994
396.553	46.6807
396.971	47.0043
396.971	47.3557
397.305	46.8183
397.364	47.106
397.78	46.6964
397.678	46.6508
397.709	46.7434
397.66	47.091
397.634	46.7183
397.423	46.45
397.433	46.3369
397.648	46.2047
397.834	46.3353
398.155	46.5817
398.387	46.6406
398.361	46.4478
398.446	46.3964
398.54	46.3135
398.597	46.4058
398.625	46.5466
398.719	46.5098
398.651	46.3111
398.666	46.377
398.76	46.0727
398.845	46.2076
398.882	45.9204
398.626	46.1428
398.704	46.2154
398.902	46.005
399.335	45.7555
399.837	45.6127
399.948	45.6146
400.091	45.6997
400.193	45.8659
400.387	45.7614
400.647	45.7561
400.573	45.4026
400.763	45.1151
400.894	45.5122
401.262	45.4433
401.427	45.2494
401.73	45.1174
401.943	45.2348
402.117	44.7132
402.097	44.9417
402.054	45.5664
402.52	45.7794
402.374	46.1174
402.723	46.1732
402.58	46.431
402.717	45.9326
403.003	45.8341
403.064	45.8069
402.841	45.9299
403.086	46.1965
403.43	46.2333
403.419	46.4286
403.455	46.4581
403.529	46.0763
403.962	45.9374
404.386	45.727
404.659	45.9765
404.921	46.1832
405.145	46.1284
405.081	46.4022
405.321	46.3538
405.489	46.3858
405.795	46.5213
406.128	46.51
406.241	46.9207
406.372	47.075
406.579	47.016
406.834	46.5137
407.131	46.6071
407.487	46.6699
407.506	46.4309
407.718	46.4522
407.51	46.5026
407.995	46.7842
407.967	47.1842
408.245	46.8206
408.496	46.6544
408.734	46.2663
408.771	45.7854
408.829	45.731
408.777	46.0903
408.857	46.0665
408.662	45.8893
408.74	45.8886
408.743	45.8135
409.068	45.454
409.394	45.7291
409.499	45.7449
409.411	45.412
409.679	45.4867
409.821	45.3925
409.725	45.4752
409.98	45.5326
409.872	45.602
410.063	45.4568
409.964	45.4506
410.163	45.4066
410.193	45.3705
410.135	45.2528
410.054	45.1459
409.984	45.1941
410.231	44.8776
410.459	44.8814
411.137	44.8728
411.321	44.6866
411.457	44.9443
411.434	45.1934
411.823	45.2191
411.945	45.2883
411.994	44.9623
412.211	44.752
412.231	44.7973
412.585	44.9489
412.792	44.5071
413.15	44.5134
413.295	44.5679
413.671	44.2439
413.649	44.1627
413.777	44.5486
413.838	44.873
413.854	45.1775
414.185	45.2975
414.268	45.8074
414.188	45.1173
414.335	44.7536
414.597	44.7874
414.286	44.8277
414.592	45.0151
414.855	44.9345
414.996	45.1789
415.216	45.0225
415.076	44.7684
415.392	44.301
415.901	44.2336
416.002	44.4192
416.45	44.5305
416.544	44.3171
416.626	44.9261
416.851	44.7028
416.968	45.0551
417.234	45.1181
417.488	45.1652
418.003	45.1019
417.884	45.5734
418.322	45.4798
418.47	45.1335
418.682	45.0743
418.92	44.92
419.071	45.0203
419.272	45.1832
419.084	44.8635
419.537	45.0339
419.702	45.4335
419.792	45.5148
420.393	45.0183
420.299	44.5915
420.454	44.0188
420.407	43.8275
420.538	43.848
420.679	44.0044
420.366	43.8826
420.421	43.9509
420.288	43.9555
420.758	43.3677
420.842	43.4071
421.218	43.6324
421.232	43.4491
421.495	43.4309
421.546	43.1936
421.524	43.086
421.622	43.0991
421.743	43.0786
421.734	43.1768
421.487	43.3476
421.876	43.293
421.702	43.3868
421.982	43.1823
421.888	43.0376
421.898	43.2083
422.017	43.0377
422.119	42.8336
422.731	42.6735
423.161	42.461
423.069	42.4636
423.145	42.6884
423.484	42.7753
423.732	43.047
423.739	42.6562
423.732	42.3729
424.185	42.3013
424.261	42.5619
424.595	42.324
424.762	42.0471
425.08	42.1284
425.377	41.9483
425.49	41.4274
425.552	41.5656
425.439	41.9443
425.667	42.3093
425.839	42.2157
425.862	42.4199
425.905	42.175
426.204	41.908
426.339	41.6393
426.28	41.596
426.388	41.9418
426.752	41.6684
426.655	41.9492
426.97	41.8518
426.98	41.9102
427.086	41.5274
427.592	41.2184
427.943	41.6048
428.391	41.5505
428.566	41.3904
428.572	41.8759
428.861	42.0729
428.802	42.2113
429.085	42.34
429.336	42.3395
429.724	42.4203
429.623	42.7409
429.902	42.7799
430.251	42.6908
430.401	42.3326
430.834	42.2529
430.889	42.4341
431.251	42.3931
430.992	42.2031
431.272	42.2791
431.642	42.5011
431.761	42.5569
432.063	42.4546
432.091	42.1547
432.543	41.5983
432.304	41.5815
432.512	41.6784
432.517	41.6822
432.365	41.5256
432.202	41.3151
432.272	41.4718
432.708	40.9932
432.83	40.9956
433.053	41.0577
433.3	41.1508
433.284	40.9123
433.445	40.5495
433.391	40.4965
433.542	40.2928
433.639	40.4779
433.615	40.4829
433.696	40.7264
433.766	40.8164
433.785	40.7499
433.93	40.923
433.854	40.6875
433.783	40.8309
433.76	40.7141
434.032	40.5798
434.453	40.3619
435.038	40.3598
434.929	40.1737
435.161	40.4635
435.263	40.4692
435.643	40.5727
435.627	40.8438
435.747	40.5743
435.976	40.4683
436.161	40.757
436.426	40.5543
436.614	40.3771
436.767	40.2415
437.231	40.2992
437.35	39.8888
437.455	40.065
437.26	40.4698
437.673	40.6332
437.753	40.6711
437.927	40.8952
437.838	41.1635
437.874	40.5929
438.228	40.2335
438.353	40.3327
438.271	40.3218
438.452	40.5069
438.656	40.4092
438.833	40.5308
438.841	40.6744
438.814	40.116
439.435	39.9492
439.716	40.0875
440.106	40.086
440.361	40.004
440.45	40.2593
440.632	40.6525
440.651	40.5178
440.989	40.5591
441.169	40.6465
441.604	40.8008
441.626	41.0486
441.794	41.2332
442.001	41.4188
442.227	40.8804
442.568	40.9415
442.848	41.0718
443.085	41.017
443.105	40.8386
443.098	40.6077
443.559	40.8517
443.645	40.8376
443.872	40.9265
443.955	40.4281
444.382	39.8586
444.296	39.9392
444.415	39.8512
444.429	39.7784
444.385	39.6537
444.112	39.6672
444.22	39.7783
444.384	39.6212
444.697	39.3789
445.003	39.4738
445.153	39.4549
445.107	39.3054
445.306	38.9647
445.407	38.9368
445.42	38.7196
445.572	38.9069
445.587	39.054
445.55	39.3116
445.602	39.3204
445.598	39.2183
445.812	39.0504
445.835	39.1131
445.652	39.0147
445.621	38.769
445.861	38.907
446.335	38.5914
446.831	38.4986
446.857	38.4386
447.054	38.3562
447.173	38.7493
447.411	38.4401
447.664	38.7725
447.553	38.804
447.869	38.5271
447.896	38.6548
448.359	38.9375
448.467	38.6084
448.734	38.5907
449.065	38.6246
449.258	38.1917
449.238	38.2972
449.2	38.6026
449.615	38.5532
449.528	38.9948
449.89	39.001
449.803	39.7085
449.914	39.0467
450.125	38.8091
450.204	38.863
450.023	38.7974
450.308	39.0779
450.614	38.8228
450.704	39.2119
450.778	39.1759
450.743	39.0049
451.036	38.5522
451.632	38.5931
451.941	38.7493
452.178	38.6869
452.356	38.653
452.356	39.1505
452.644	38.8468
452.707	39.0408
453.031	38.9989
453.343	39.1707
453.577	39.307
453.616	39.4993
453.85	39.6259
454.172	39.1209
454.485	39.151
454.834	38.8501
454.782	38.7879
455.102	38.9049
454.842	38.4268
455.383	38.5583
455.296	38.5942
455.635	38.8536
455.939	38.281
456.145	38.1786
456.197	37.8831
456.215	37.8773
456.324	37.841
456.332	37.7558
456.097	37.3514
456.146	37.4743
456.188	37.5902
456.561	36.8673
456.759	36.8388
456.934	36.764
456.821	36.6567
457.174	36.4607
457.351	36.568
457.144	36.2568
457.436	36.1411
457.398	36.3406
457.484	36.5914
457.445	36.7299
457.651	36.7842
457.58	36.5378
457.57	36.64
457.482	36.8149
457.497	36.7335
457.731	36.2523
457.906	36.03
458.559	36.1188
458.877	35.8875
458.879	36.0011
458.875	36.2955
459.265	36.066
459.414	36.2529
459.528	36.3129
459.57	36.2561
459.826	35.9848
460.071	36.4864
460.319	36.2248
460.604	35.9998
460.742	36.2295
461.179	36.1025
461.186	35.9338
461.319	35.9349
461.363	35.8914
461.552	36.02
461.801	36.0301
461.809	36.508
461.721	35.9789
461.913	35.8782
462.217	35.839
461.862	35.7941
462.268	35.7885
462.583	35.5788
462.564	36.0569
462.798	35.8744
462.743	35.8832
462.947	35.4507
463.455	34.9963
463.57	35.4598
464.08	35.4082
464.202	35.2162
464.231	35.4117
464.562	35.2601
464.616	35.4946
464.88	35.6875
465.113	35.5002
465.625	35.4108
465.533	35.5702
465.872	35.7783
466.115	35.173
466.211	34.812
466.594	34.5643
466.72	34.866
466.899	34.6702
466.649	34.0179
467.086	34.1369
467.412	34.3215
467.453	34.4814
467.985	34.0548
467.916	34.0251
468.226	33.6874
468.035	33.6709
468.206	33.6109
468.258	33.315
467.996	33.2389
468.09	33.3082
468.005	33.3937
468.325	32.7661
468.481	32.5167
468.875	32.5969
468.965	32.4886
469.138	32.2428
469.18	32.082
469.219	31.9265
469.231	31.8956
469.322	32.0594
469.338	32.2905
469.252	32.4392
469.607	32.4269
469.328	32.4025
469.665	32.5038
469.496	32.733
469.541	32.574
469.595	32.1651
469.781	31.945
470.235	32.1131
470.803	32.0133
470.751	32.043
470.908	32.3782
471.093	32.387
471.413	32.4284
471.308	32.6218
471.408	32.4604
471.813	32.2121
471.992	32.5258
472.327	32.2405
472.517	31.9273
472.766	32.1113
473.017	32.1371
473.177	31.7917
473.304	31.7692
473.11	31.9265
473.328	31.6406
473.498	31.2815
473.618	31.7313
473.732	31.4635
473.85	31.4143
474.116	31.2835
474.005	31.259
474.131	31.6222
474.379	31.1848
474.435	31.4739
474.718	31.4697
474.731	31.2985
474.786	31.095
475.242	30.736
475.67	31.1602
476.073	31.3635
476.29	31.0385
476.229	31.1163
476.588	30.9877
476.499	30.7957
476.864	30.9398
477.027	30.7461
477.446	30.8858
477.444	30.9984
477.658	31.1526
477.906	30.7673
478.164	30.1627
478.515	30.1081
478.601	30.1907
479.025	30.0812
478.784	29.6078
478.974	29.7323
479.364	29.7443
479.373	30.0334
479.791	30.147
479.813	29.9217
480.321	29.6273
480.113	29.679
480.241	29.8357
480.21	29.5053
480.197	29.3993
479.948	29.3425
480.014	29.5629
480.388	29.1474
480.541	28.9057
480.828	28.8849
481.114	28.7884
480.976	28.4444
481.137	27.9905
481.202	27.9412
481.392	27.691
481.437	27.8342
481.404	27.9204
481.441	28.1197
481.498	28.0379
481.594	27.683
481.66	27.7899
481.764	27.9734
481.574	28.0186
481.573	27.4351
481.811	27.272
482.251	27.1942
482.812	27.3049
482.802	27.3262
482.942	27.413
483.102	27.3768
483.465	27.2438
483.405	27.6375
483.492	27.6782
483.786	27.5839
483.97	27.7599
484.28	27.6495
484.503	27.4443
484.629	27.4714
485.09	27.7453
485.256	27.4682
485.271	27.3466
485.07	27.4608
485.572	27.3912
485.581	27.2995
485.787	27.3881
485.733	27.4903
485.803	27.0978
486.113	27.0369
486.252	27.2669
486.077	26.9828
486.313	27.1058
486.572	27.1514
486.724	27.1393
486.733	27.2394
486.724	26.8703
487.295	26.5
487.634	26.8436
487.939	26.9663
488.143	26.6232
488.435	26.3837
488.594	26.2459
488.612	25.8666
488.931	25.832
489.094	26.0659
489.512	26.002
