0   	173.519   	17.2592   	
1e-07   	173.819   	16.9182   	
2e-07   	174.125   	16.8298   	
3e-07   	174.324   	16.7387   	
4e-07   	174.221   	16.3295   	
5e-07   	173.879   	16.2614   	
6e-07   	174.508   	15.9074   	
7e-07   	174.767   	15.0437   	
8e-07   	174.749   	15.2149   	
9e-07   	174.78   	15.1401   	
1e-06   	174.726   	14.8702   	
1.1e-06   	174.51   	15.1757   	
1.2e-06   	174.579   	14.7556   	
1.3e-06   	175.506   	15.558   	
1.4e-06   	175.518   	15.2732   	
1.5e-06   	175.867   	15.9303   	
1.6e-06   	176.137   	15.6818   	
1.7e-06   	176.706   	15.6803   	
1.8e-06   	177.091   	15.52   	
1.9e-06   	177.139   	15.542   	
2e-06   	177.319   	15.3919   	
2.1e-06   	177.267   	15.5868   	
2.2e-06   	177.108   	15.6556   	
2.3e-06   	177.487   	16.1493   	
2.4e-06   	177.248   	15.8376   	
2.5e-06   	177.97   	15.6596   	
2.6e-06   	178.544   	15.663   	
2.7e-06   	178.668   	15.5035   	
2.8e-06   	179.261   	15.2462   	
2.9e-06   	179.311   	15.101   	
3e-06   	179.819   	15.2324   	
3.1e-06   	180.156   	15.2059   	
3.2e-06   	180.259   	14.9693   	
3.3e-06   	180.769   	15.4059   	
3.4e-06   	180.778   	15.7927   	
3.5e-06   	180.757   	15.1429   	
3.6e-06   	180.296   	14.8048   	
3.7e-06   	180.578   	14.714   	
3.8e-06   	180.615   	14.076   	
3.9e-06   	180.777   	13.5509   	
4e-06   	180.619   	13.4249   	
4.1e-06   	180.528   	13.4295   	
4.2e-06   	180.279   	13.0292   	
4.3e-06   	180.075   	12.9509   	
4.4e-06   	181.011   	13.3388   	
4.5e-06   	181.049   	13.3853   	
4.6e-06   	181.398   	13.8691   	
4.7e-06   	181.44   	13.8376   	
4.8e-06   	181.847   	13.7547   	
4.9e-06   	182.205   	14.1466   	
5e-06   	182.176   	14.0922   	
5.1e-06   	182.299   	13.9814   	
5.2e-06   	181.955   	14.1399   	
5.3e-06   	181.817   	14.5292   	
5.4e-06   	181.944   	14.5376   	
5.5e-06   	181.809   	14.8357   	
5.6e-06   	182.372   	14.4055   	
5.7e-06   	182.783   	14.4858   	
5.8e-06   	182.65   	13.7377   	
5.9e-06   	182.733   	13.6591   	
6e-06   	182.871   	13.1796   	
6.1e-06   	183.219   	13.4241   	
6.2e-06   	183.3   	13.6982   	
6.3e-06   	183.201   	13.8035   	
6.4e-06   	183.446   	13.5467   	
6.5e-06   	183.786   	13.8061   	
6.6e-06   	183.321   	13.835   	
6.7e-06   	182.834   	13.3016   	
6.8e-06   	183.091   	13.3611   	
6.9e-06   	183.398   	12.7432   	
7e-06   	183.153   	12.6253   	
7.1e-06   	182.855   	12.3915   	
7.2e-06   	182.446   	12.5005   	
7.3e-06   	182.521   	12.2589   	
7.4e-06   	182.235   	12.2068   	
7.5e-06   	182.74   	12.6118   	
7.6e-06   	183.122   	12.8836   	
7.7e-06   	183.501   	12.7964   	
7.8e-06   	183.421   	12.9078   	
7.9e-06   	183.917   	12.7197   	
8e-06   	184.18   	13.1197   	
8.1e-06   	184.511   	12.835   	
8.2e-06   	184.596   	12.8743   	
8.3e-06   	184.56   	13.0889   	
8.4e-06   	184.598   	13.2162   	
8.5e-06   	184.518   	12.9833   	
8.6e-06   	184.558   	13.4412   	
8.7e-06   	184.722   	13.0393   	
8.8e-06   	185.338   	12.9209   	
8.9e-06   	185.189   	12.6131   	
9e-06   	185.191   	12.8981   	
9.1e-06   	185.366   	12.6289   	
9.2e-06   	185.718   	12.5432   	
9.3e-06   	185.884   	13.2501   	
9.4e-06   	185.606   	13.1739   	
9.5e-06   	185.968   	12.9052   	
9.6e-06   	186.129   	13.3219   	
9.7e-06   	185.999   	13.6691   	
9.8e-06   	185.706   	13.8412   	
9.9e-06   	185.634   	13.6696   	
1e-05   	185.772   	13.6298   	
1.01e-05   	185.605   	13.4953   	
1.02e-05   	185.551   	13.628   	
1.03e-05   	185.59   	13.3537   	
1.04e-05   	185.225   	13.1704   	
1.05e-05   	185.156   	13.9583   	
1.06e-05   	185.302   	13.9014   	
1.07e-05   	185.937   	14.3353   	
1.08e-05   	186.128   	14.2613   	
1.09e-05   	186.107   	14.5597   	
1.1e-05   	186.538   	14.5002   	
1.11e-05   	186.944   	14.8277   	
1.12e-05   	187.162   	14.5967   	
1.13e-05   	187.478   	14.6783   	
1.14e-05   	187.332   	14.4087   	
1.15e-05   	187.298   	14.5532   	
1.16e-05   	187.066   	14.489   	
1.17e-05   	187.081   	14.7335   	
1.18e-05   	187.009   	14.7956   	
1.19e-05   	187.617   	14.7722   	
1.2e-05   	187.785   	15.1726   	
1.21e-05   	187.793   	14.417   	
1.22e-05   	188.038   	14.8014   	
1.23e-05   	188.39   	14.7466   	
1.24e-05   	188.641   	15.3204   	
1.25e-05   	188.943   	15.0956   	
1.26e-05   	189.122   	14.7035   	
1.27e-05   	189.256   	15.0015   	
1.28e-05   	189.157   	15.898   	
1.29e-05   	189.086   	15.5759   	
1.3e-05   	188.458   	15.7878   	
1.31e-05   	188.771   	15.737   	
1.32e-05   	188.757   	15.7801   	
1.33e-05   	188.625   	15.8033   	
1.34e-05   	188.829   	15.4718   	
1.35e-05   	188.71   	15.6866   	
1.36e-05   	188.771   	15.6683   	
1.37e-05   	188.541   	16.0245   	
1.38e-05   	189.377   	16.5757   	
1.39e-05   	189.307   	16.3192   	
1.4e-05   	189.885   	17.0442   	
1.41e-05   	190.059   	17.0188   	
1.42e-05   	190.468   	17.1591   	
1.43e-05   	190.935   	17.6652   	
1.44e-05   	190.834   	17.0475   	
1.45e-05   	191.271   	16.6422   	
1.46e-05   	191.247   	17.2104   	
1.47e-05   	191.288   	17.4657   	
1.48e-05   	191.541   	16.9889   	
1.49e-05   	191.471   	17.4958   	
1.5e-05   	191.984   	17.8962   	
1.51e-05   	192.353   	18.3294   	
1.52e-05   	192.326   	17.8434   	
1.53e-05   	192.423   	18.0942   	
1.54e-05   	192.755   	17.9529   	
1.55e-05   	192.934   	18.3846   	
1.56e-05   	193.35   	18.2436   	
1.57e-05   	193.376   	18.0991   	
1.58e-05   	193.509   	18.0444   	
1.59e-05   	193.852   	18.3543   	
1.6e-05   	193.595   	18.8611   	
1.61e-05   	193.146   	18.5687   	
1.62e-05   	193.322   	19.3033   	
1.63e-05   	193.588   	18.767   	
1.64e-05   	193.408   	19.0833   	
1.65e-05   	193.459   	18.6878   	
1.66e-05   	193.278   	18.5803   	
1.67e-05   	193.38   	18.6162   	
1.68e-05   	193.044   	19.0891   	
1.69e-05   	193.736   	19.363   	
1.7e-05   	194.124   	19.6945   	
1.71e-05   	194.531   	20.3765   	
1.72e-05   	194.563   	20.5147   	
1.73e-05   	195.081   	20.3788   	
1.74e-05   	195.452   	20.5181   	
1.75e-05   	195.904   	20.4589   	
1.76e-05   	195.79   	19.9654   	
1.77e-05   	195.898   	20.1011   	
1.78e-05   	196.287   	20.4613   	
1.79e-05   	196.403   	20.2176   	
1.8e-05   	196.494   	21.0953   	
1.81e-05   	196.912   	21.0214   	
1.82e-05   	197.382   	21.5871   	
1.83e-05   	197.402   	21.7735   	
1.84e-05   	197.499   	22.1975   	
1.85e-05   	197.717   	22.1501   	
1.86e-05   	198.332   	22.1848   	
1.87e-05   	198.597   	22.2789   	
1.88e-05   	198.537   	22.19   	
1.89e-05   	198.966   	21.8169   	
1.9e-05   	199.064   	21.7959   	
1.91e-05   	199.101   	22.0799   	
1.92e-05   	198.737   	21.9963   	
1.93e-05   	198.772   	22.8224   	
1.94e-05   	199.037   	23.0045   	
1.95e-05   	198.98   	22.6612   	
1.96e-05   	198.997   	22.6943   	
1.97e-05   	198.961   	22.3398   	
1.98e-05   	198.858   	22.0027   	
1.99e-05   	198.73   	22.6366   	
2e-05   	199   	22.7899   	
2.01e-05   	199.649   	23.2519   	
2.02e-05   	199.788   	23.5453   	
2.03e-05   	199.982   	24.1327   	
2.04e-05   	200.326   	23.9992   	
2.05e-05   	200.899   	23.8137   	
2.06e-05   	201.323   	24.0993   	
2.07e-05   	201.523   	23.6515   	
2.08e-05   	201.37   	22.9499   	
2.09e-05   	201.558   	23.3571   	
2.1e-05   	201.484   	23.3653   	
2.11e-05   	201.652   	24.0469   	
2.12e-05   	201.815   	24.1304   	
2.13e-05   	202.527   	24.4717   	
2.14e-05   	202.723   	25.0462   	
2.15e-05   	202.748   	24.627   	
2.16e-05   	203.177   	24.9381   	
2.17e-05   	203.342   	24.8218   	
2.18e-05   	203.863   	25.1377   	
2.19e-05   	204.07   	24.7649   	
2.2e-05   	204.072   	24.6122   	
2.21e-05   	204.222   	24.0454   	
2.22e-05   	204.015   	24.4348   	
2.23e-05   	204.002   	24.3971   	
2.24e-05   	203.692   	25.5185   	
2.25e-05   	204.178   	25.7492   	
2.26e-05   	204.208   	25.9674   	
2.27e-05   	204.248   	25.8344   	
2.28e-05   	204.315   	25.7203   	
2.29e-05   	204.381   	25.6037   	
2.3e-05   	204.223   	25.991   	
2.31e-05   	204.212   	26.0649   	
2.32e-05   	205.108   	26.573   	
2.33e-05   	204.94   	26.6848   	
2.34e-05   	205.238   	27.3279   	
2.35e-05   	205.51   	27.189   	
2.36e-05   	206.15   	26.9585   	
2.37e-05   	206.738   	27.4101   	
2.38e-05   	206.444   	26.8707   	
2.39e-05   	206.882   	26.2066   	
2.4e-05   	206.688   	26.4575   	
2.41e-05   	206.613   	25.9742   	
2.42e-05   	207.119   	26.4796   	
2.43e-05   	207.149   	26.8266   	
2.44e-05   	207.895   	27.2865   	
2.45e-05   	208.251   	27.7743   	
2.46e-05   	208.489   	26.9111   	
2.47e-05   	208.829   	27.053   	
2.48e-05   	209.103   	26.924   	
2.49e-05   	209.623   	26.7321   	
2.5e-05   	210.065   	26.8518   	
2.51e-05   	210.103   	26.8795   	
2.52e-05   	210.422   	26.211   	
2.53e-05   	210.36   	26.3227   	
2.54e-05   	210.256   	26.787   	
2.55e-05   	209.872   	27.2163   	
2.56e-05   	210.238   	28.1101   	
2.57e-05   	210.584   	28.1503   	
2.58e-05   	210.794   	28.5028   	
2.59e-05   	210.879   	27.9509   	
2.6e-05   	210.877   	27.7404   	
2.61e-05   	211.026   	27.6237   	
2.62e-05   	210.767   	27.816   	
2.63e-05   	211.54   	27.997   	
2.64e-05   	212.005   	27.893   	
2.65e-05   	212.374   	28.417   	
2.66e-05   	212.562   	28.5181   	
2.67e-05   	213.117   	28.2984   	
2.68e-05   	213.54   	28.484   	
2.69e-05   	213.794   	28.5916   	
2.7e-05   	213.662   	27.5024   	
2.71e-05   	213.481   	27.7632   	
2.72e-05   	213.744   	27.7569   	
2.73e-05   	214.089   	27.7401   	
2.74e-05   	214.166   	28.1981   	
2.75e-05   	214.591   	28.3108   	
2.76e-05   	215.128   	28.4762   	
2.77e-05   	215.544   	28.2454   	
2.78e-05   	215.703   	28.358   	
2.79e-05   	215.913   	28.4222   	
2.8e-05   	216.369   	28.3823   	
2.81e-05   	216.42   	28.4968   	
2.82e-05   	216.563   	28.6891   	
2.83e-05   	217.013   	28.0844   	
2.84e-05   	217.298   	27.8898   	
2.85e-05   	217.236   	28.4122   	
2.86e-05   	216.774   	28.4708   	
2.87e-05   	217.082   	29.4974   	
2.88e-05   	217.402   	29.572   	
2.89e-05   	217.555   	29.186   	
2.9e-05   	217.717   	29.1705   	
2.91e-05   	217.686   	28.83   	
2.92e-05   	217.792   	28.2914   	
2.93e-05   	217.638   	28.5897   	
2.94e-05   	217.837   	28.4119   	
2.95e-05   	218.599   	28.5304   	
2.96e-05   	218.939   	28.6806   	
2.97e-05   	219.119   	29.0385   	
2.98e-05   	219.641   	28.9473   	
2.99e-05   	219.814   	28.62   	
3e-05   	220.157   	28.8414   	
3.01e-05   	220.286   	28.3597   	
3.02e-05   	220.216   	27.8455   	
3.03e-05   	220.248   	28.4528   	
3.04e-05   	220.165   	28.3311   	
3.05e-05   	220.44   	29.1182   	
3.06e-05   	220.446   	29.1351   	
3.07e-05   	221.266   	28.4951   	
3.08e-05   	221.403   	28.8066   	
3.09e-05   	221.814   	28.2511   	
3.1e-05   	222.385   	28.5448   	
3.11e-05   	222.464   	28.6296   	
3.12e-05   	222.791   	28.8667   	
3.13e-05   	222.94   	28.9463   	
3.14e-05   	223.117   	28.8853   	
3.15e-05   	223.164   	28.3527   	
3.16e-05   	223.181   	28.9093   	
3.17e-05   	223.182   	29.1096   	
3.18e-05   	222.862   	29.5214   	
3.19e-05   	223.608   	30.2864   	
3.2e-05   	223.773   	29.6855   	
3.21e-05   	223.678   	29.7522   	
3.22e-05   	223.81   	30.158   	
3.23e-05   	223.785   	29.5461   	
3.24e-05   	223.793   	29.793   	
3.25e-05   	223.873   	29.6742   	
3.26e-05   	224.923   	29.5697   	
3.27e-05   	224.926   	29.7209   	
3.28e-05   	225.238   	30.088   	
3.29e-05   	225.548   	29.7766   	
3.3e-05   	226.133   	29.4083   	
3.31e-05   	226.712   	29.3488   	
3.32e-05   	226.493   	28.9888   	
3.33e-05   	226.882   	28.8787   	
3.34e-05   	226.812   	29.17   	
3.35e-05   	226.592   	28.9192   	
3.36e-05   	226.909   	28.7975   	
3.37e-05   	226.876   	29.0038   	
3.38e-05   	227.747   	29.0959   	
3.39e-05   	228.244   	29.1754   	
3.4e-05   	228.388   	28.2863   	
3.41e-05   	228.948   	28.0696   	
3.42e-05   	229.078   	28.0684   	
3.43e-05   	229.725   	27.8264   	
3.44e-05   	230.036   	28.3755   	
3.45e-05   	230.104   	28.3855   	
3.46e-05   	230.304   	27.7908   	
3.47e-05   	230.296   	27.8453   	
3.48e-05   	230.306   	27.8579   	
3.49e-05   	230.1   	27.7349   	
3.5e-05   	230.518   	28.5624   	
3.51e-05   	230.645   	28.1725   	
3.52e-05   	230.842   	28.4772   	
3.53e-05   	231.018   	28.2595   	
3.54e-05   	231.097   	28.5486   	
3.55e-05   	231.054   	28.2945   	
3.56e-05   	230.997   	27.9071   	
3.57e-05   	231.934   	28.2041   	
3.58e-05   	232.24   	27.7816   	
3.59e-05   	232.657   	28.0582   	
3.6e-05   	232.972   	28.4964   	
3.61e-05   	233.324   	28.2673   	
3.62e-05   	233.872   	28.7093   	
3.63e-05   	233.992   	28.657   	
3.64e-05   	234.176   	28.2151   	
3.65e-05   	234.062   	28.4052   	
3.66e-05   	234.456   	27.872   	
3.67e-05   	234.654   	27.7254   	
3.68e-05   	234.719   	27.3369   	
3.69e-05   	235.376   	27.257   	
3.7e-05   	236.041   	27.4709   	
3.71e-05   	236.364   	26.9205   	
3.72e-05   	236.6   	26.8274   	
3.73e-05   	237.148   	26.5431   	
3.74e-05   	237.594   	26.6655   	
3.75e-05   	238.216   	26.2474   	
3.76e-05   	238.267   	26.4319   	
3.77e-05   	238.781   	25.77   	
3.78e-05   	239.352   	25.815   	
3.79e-05   	239.337   	25.6829   	
3.8e-05   	239.016   	25.5917   	
3.81e-05   	239.397   	25.9142   	
3.82e-05   	239.931   	26.1266   	
3.83e-05   	240.056   	26.0328   	
3.84e-05   	240.225   	25.6121   	
3.85e-05   	239.998   	25.67   	
3.86e-05   	240.372   	25.2961   	
3.87e-05   	240.116   	25.2083   	
3.88e-05   	240.67   	25.1817   	
3.89e-05   	241.256   	25.1512   	
3.9e-05   	241.684   	25.1466   	
3.91e-05   	241.766   	25.6751   	
3.92e-05   	242.495   	25.7355   	
3.93e-05   	242.991   	25.6747   	
3.94e-05   	243.381   	25.8277   	
3.95e-05   	243.554   	25.4119   	
3.96e-05   	243.868   	24.3361   	
3.97e-05   	244.194   	24.3926   	
3.98e-05   	244.301   	23.6371   	
3.99e-05   	244.717   	23.7586   	
4e-05   	244.93   	23.0557   	
4.01e-05   	246.051   	22.878   	
4.02e-05   	246.183   	22.8067   	
4.03e-05   	246.666   	22.6067   	
4.04e-05   	247.311   	22.4676   	
4.05e-05   	247.631   	22.4316   	
4.06e-05   	248.37   	21.9818   	
4.07e-05   	248.369   	22.4382   	
4.08e-05   	248.844   	21.9226   	
4.09e-05   	249.305   	21.4013   	
4.1e-05   	249.563   	21.6396   	
4.11e-05   	249.484   	21.2634   	
4.12e-05   	249.377   	21.3108   	
4.13e-05   	250.002   	21.8039   	
4.14e-05   	250.306   	21.8752   	
4.15e-05   	250.359   	21.3325   	
4.16e-05   	250.417   	21.4466   	
4.17e-05   	250.426   	21.3608   	
4.18e-05   	250.289   	21.081   	
4.19e-05   	250.512   	20.9198   	
4.2e-05   	251.443   	20.8565   	
4.21e-05   	251.586   	20.9658   	
4.22e-05   	252.034   	21.4905   	
4.23e-05   	252.336   	21.6513   	
4.24e-05   	252.88   	21.8635   	
4.25e-05   	253.369   	21.9851   	
4.26e-05   	253.451   	22.0756   	
4.27e-05   	253.761   	21.3458   	
4.28e-05   	253.873   	21.3547   	
4.29e-05   	253.89   	20.8194   	
4.3e-05   	254.259   	20.3497   	
4.31e-05   	254.301   	20.0301   	
4.32e-05   	255.131   	20.0679   	
4.33e-05   	255.835   	20.2753   	
4.34e-05   	255.965   	19.794   	
4.35e-05   	256.665   	19.2065   	
4.36e-05   	256.985   	19.1842   	
4.37e-05   	257.453   	18.8925   	
4.38e-05   	257.885   	19.2561   	
4.39e-05   	258.201   	19.2148   	
4.4e-05   	258.755   	18.7168   	
4.41e-05   	258.734   	18.3598   	
4.42e-05   	258.855   	18.387   	
4.43e-05   	258.579   	18.0323   	
4.44e-05   	258.816   	18.6495   	
4.45e-05   	259.154   	19.1082   	
4.46e-05   	259.414   	18.8882   	
4.47e-05   	259.432   	18.875   	
4.48e-05   	259.506   	18.7845   	
4.49e-05   	259.431   	18.6086   	
4.5e-05   	259.339   	18.3776   	
4.51e-05   	260.316   	18.2319   	
4.52e-05   	260.455   	17.9614   	
4.53e-05   	260.89   	18.1067   	
4.54e-05   	261.105   	18.8554   	
4.55e-05   	261.499   	18.6552   	
4.56e-05   	262.061   	18.9326   	
4.57e-05   	262.009   	19.2046   	
4.58e-05   	262.332   	18.9533   	
4.59e-05   	262.505   	19.1401   	
4.6e-05   	262.549   	18.7746   	
4.61e-05   	262.895   	18.4593   	
4.62e-05   	263.037   	18.0429   	
4.63e-05   	263.771   	18.4256   	
4.64e-05   	264.323   	18.7489   	
4.65e-05   	264.473   	18.2059   	
4.66e-05   	264.841   	17.6686   	
4.67e-05   	265.209   	17.6144   	
4.68e-05   	265.694   	17.8092   	
4.69e-05   	266.133   	17.9967   	
4.7e-05   	266.309   	18.0754   	
4.71e-05   	266.722   	17.5913   	
4.72e-05   	267.346   	17.4031   	
4.73e-05   	267.168   	17.4706   	
4.74e-05   	266.689   	17.0553   	
4.75e-05   	267.092   	17.1247   	
4.76e-05   	267.604   	17.3712   	
4.77e-05   	267.666   	17.3331   	
4.78e-05   	267.605   	17.1888   	
4.79e-05   	267.405   	17.1258   	
4.8e-05   	267.618   	16.9145   	
4.81e-05   	267.307   	16.5752   	
4.82e-05   	267.862   	16.5089   	
4.83e-05   	268.419   	16.4151   	
4.84e-05   	268.867   	16.4737   	
4.85e-05   	268.815   	16.8171   	
4.86e-05   	269.34   	16.9982   	
4.87e-05   	269.666   	17.2432   	
4.88e-05   	269.954   	17.7886   	
4.89e-05   	270.158   	17.5634   	
4.9e-05   	270.221   	17.6251   	
4.91e-05   	270.456   	17.5847   	
4.92e-05   	270.473   	17.2299   	
4.93e-05   	270.844   	17.0683   	
4.94e-05   	271.172   	17.2449   	
4.95e-05   	271.827   	17.2089   	
4.96e-05   	272.021   	16.9521   	
4.97e-05   	272.275   	16.7451   	
4.98e-05   	272.776   	16.7836   	
4.99e-05   	273.248   	16.5204   	
5e-05   	273.671   	16.513   	
5.01e-05   	273.491   	17.2757   	
5.02e-05   	273.939   	17.0141   	
5.03e-05   	274.264   	16.6594   	
5.04e-05   	274.484   	16.2231   	
5.05e-05   	274.089   	15.5647   	
5.06e-05   	274.103   	15.8391   	
5.07e-05   	274.71   	15.7962   	
5.08e-05   	274.696   	16.5564   	
5.09e-05   	274.7   	16.1869   	
5.1e-05   	274.661   	16.4702   	
5.11e-05   	274.511   	16.3038   	
5.12e-05   	274.457   	16.2469   	
5.13e-05   	274.519   	16.3788   	
5.14e-05   	275.281   	15.9138   	
5.15e-05   	275.533   	15.882   	
5.16e-05   	275.663   	15.9074   	
5.17e-05   	276.069   	16.166   	
5.18e-05   	276.517   	16.5679   	
5.19e-05   	276.807   	16.9893   	
5.2e-05   	277   	17.0779   	
5.21e-05   	276.921   	17.3023   	
5.22e-05   	277.114   	16.9174   	
5.23e-05   	276.959   	16.5617   	
5.24e-05   	277.296   	16.165   	
5.25e-05   	277.259   	16.5955   	
5.26e-05   	278.07   	16.5787   	
5.27e-05   	278.322   	16.5287   	
5.28e-05   	278.668   	16.4637   	
5.29e-05   	279.069   	16.5256   	
5.3e-05   	279.409   	16.1604   	
5.31e-05   	279.786   	16.5096   	
5.32e-05   	280.139   	16.8494   	
5.33e-05   	280.254   	16.7563   	
5.34e-05   	280.617   	16.7473   	
5.35e-05   	280.585   	16.3201   	
5.36e-05   	280.552   	15.7137   	
5.37e-05   	280.056   	15.4384   	
5.38e-05   	280.529   	15.5628   	
5.39e-05   	280.671   	16.2797   	
5.4e-05   	280.521   	16.2418   	
5.41e-05   	280.662   	16.0021   	
5.42e-05   	280.597   	16.1737   	
5.43e-05   	280.548   	15.7971   	
5.44e-05   	280.267   	16.0198   	
5.45e-05   	281.059   	15.9727   	
5.46e-05   	280.985   	16.0147   	
5.47e-05   	281.436   	16.1094   	
5.48e-05   	281.538   	16.3738   	
5.49e-05   	281.852   	16.2944   	
5.5e-05   	282.341   	16.4023   	
5.51e-05   	282.015   	16.7861   	
5.52e-05   	282.451   	16.9797   	
5.53e-05   	282.299   	16.8091   	
5.54e-05   	282.259   	16.6848   	
5.55e-05   	282.634   	16.213   	
5.56e-05   	282.562   	16.2176   	
5.57e-05   	283.159   	16.4632   	
5.58e-05   	283.54   	16.4506   	
5.59e-05   	283.575   	16.4242   	
5.6e-05   	283.971   	16.0241   	
5.61e-05   	284.337   	16.0241   	
5.62e-05   	284.525   	16.3014   	
5.63e-05   	285.026   	16.6159   	
5.64e-05   	284.976   	16.8415   	
5.65e-05   	285.253   	16.7223   	
5.66e-05   	285.699   	16.5326   	
5.67e-05   	285.421   	16.4902   	
5.68e-05   	285.002   	16.5504   	
5.69e-05   	285.104   	16.3444   	
5.7e-05   	285.533   	16.5685   	
5.71e-05   	285.418   	17.0364   	
5.72e-05   	285.353   	16.9792   	
5.73e-05   	285.123   	17.0615   	
5.74e-05   	285.083   	16.9354   	
5.75e-05   	284.536   	16.9679   	
5.76e-05   	285.173   	17.3383   	
5.77e-05   	285.603   	16.937   	
5.78e-05   	285.836   	16.6434   	
5.79e-05   	285.806   	16.4005   	
5.8e-05   	286.192   	16.2514   	
5.81e-05   	286.444   	16.3529   	
5.82e-05   	286.611   	17.2125   	
5.83e-05   	286.427   	17.0551   	
5.84e-05   	286.479   	17.2007   	
5.85e-05   	286.707   	16.9884   	
5.86e-05   	286.663   	16.6912   	
5.87e-05   	286.816   	16.612   	
5.88e-05   	287.107   	16.7958   	
5.89e-05   	287.559   	16.2524   	
5.9e-05   	287.724   	16.6436   	
5.91e-05   	287.922   	16.1643   	
5.92e-05   	288.112   	16.5373   	
5.93e-05   	288.58   	16.5788   	
5.94e-05   	288.843   	16.8917   	
5.95e-05   	288.56   	17.3498   	
5.96e-05   	289.022   	17.0063   	
5.97e-05   	289.386   	17.1592   	
5.98e-05   	289.256   	17.0719   	
5.99e-05   	288.823   	17.1415   	
6e-05   	288.823   	16.7379   	
6.01e-05   	289.147   	16.6727   	
6.02e-05   	289.038   	17.1909   	
6.03e-05   	289.02   	17.2654   	
6.04e-05   	288.85   	17.2076   	
6.05e-05   	288.596   	17.1385   	
6.06e-05   	288.295   	16.7044   	
6.07e-05   	288.43   	17.3405   	
6.08e-05   	289.056   	16.568   	
6.09e-05   	289.19   	16.4039   	
6.1e-05   	289.232   	15.829   	
6.11e-05   	289.458   	16.1091   	
6.12e-05   	289.788   	16.0986   	
6.13e-05   	289.998   	16.9817   	
6.14e-05   	290.114   	16.7716   	
6.15e-05   	289.941   	17.3283   	
6.16e-05   	290.055   	17.1286   	
6.17e-05   	289.84   	17.189   	
6.18e-05   	290.023   	16.753   	
6.19e-05   	290.016   	17.2804   	
6.2e-05   	290.689   	16.8924   	
6.21e-05   	290.807   	17.0016   	
6.22e-05   	291.011   	17.0774   	
6.23e-05   	291.378   	17.0585   	
6.24e-05   	291.53   	16.9406   	
6.25e-05   	291.962   	17.6635   	
6.26e-05   	292.099   	17.4743   	
6.27e-05   	292.123   	17.5163   	
6.28e-05   	292.404   	17.4761   	
6.29e-05   	292.253   	17.7222   	
6.3e-05   	292.131   	17.2688   	
6.31e-05   	291.784   	17.2477   	
6.32e-05   	292.213   	17.0749   	
6.33e-05   	292.091   	17.6008   	
6.34e-05   	291.977   	17.7449   	
6.35e-05   	291.862   	17.1827   	
6.36e-05   	291.796   	17.1   	
6.37e-05   	291.524   	16.5854   	
6.38e-05   	291.372   	16.9597   	
6.39e-05   	292.294   	16.9762   	
6.4e-05   	291.949   	16.1938   	
6.41e-05   	292.066   	16.0874   	
6.42e-05   	292.152   	16.166   	
6.43e-05   	292.661   	16.106   	
6.44e-05   	292.978   	16.3498   	
6.45e-05   	292.571   	16.4239   	
6.46e-05   	292.909   	17.0264   	
6.47e-05   	292.617   	17.1234   	
6.48e-05   	292.41   	17.5231   	
6.49e-05   	292.832   	16.8102   	
6.5e-05   	292.629   	17.0467   	
6.51e-05   	293.371   	16.9982   	
6.52e-05   	293.54   	17.5004   	
6.53e-05   	293.644   	17.3905   	
6.54e-05   	293.867   	17.6465   	
6.55e-05   	294.08   	17.6141   	
6.56e-05   	294.483   	17.8863   	
6.57e-05   	294.808   	18.2469   	
6.58e-05   	294.754   	17.9269   	
6.59e-05   	295.025   	17.6936   	
6.6e-05   	295.069   	17.7264   	
6.61e-05   	294.826   	18.079   	
6.62e-05   	294.457   	17.9632   	
6.63e-05   	294.529   	17.9374   	
6.64e-05   	294.625   	17.9357   	
6.65e-05   	294.65   	18.3295   	
6.66e-05   	294.583   	18.0182   	
6.67e-05   	294.279   	17.6659   	
6.68e-05   	294.163   	17.1231   	
6.69e-05   	293.711   	16.8216   	
6.7e-05   	294.375   	17.3535   	
6.71e-05   	294.556   	16.9365   	
6.72e-05   	294.705   	17.0071   	
6.73e-05   	294.704   	16.324   	
6.74e-05   	294.971   	15.8853   	
6.75e-05   	295.321   	15.7906   	
6.76e-05   	295.338   	16.2966   	
6.77e-05   	295.137   	16.6514   	
6.78e-05   	294.965   	16.8012   	
6.79e-05   	295.199   	16.9551   	
6.8e-05   	295.308   	16.9809   	
6.81e-05   	295.055   	16.9381   	
6.82e-05   	295.5   	17.0783   	
6.83e-05   	295.953   	17.3032   	
6.84e-05   	296.027   	17.6406   	
6.85e-05   	296.188   	17.7905   	
6.86e-05   	296.364   	17.875   	
6.87e-05   	296.673   	18.2574   	
6.88e-05   	296.851   	18.6783   	
6.89e-05   	296.767   	18.4003   	
6.9e-05   	297.138   	17.924   	
6.91e-05   	297.413   	18.2387   	
6.92e-05   	297.245   	17.8149   	
6.93e-05   	296.737   	18.3315   	
6.94e-05   	296.874   	18.1175   	
6.95e-05   	297.055   	18.1458   	
6.96e-05   	297.009   	18.6047   	
6.97e-05   	296.925   	18.2668   	
6.98e-05   	296.611   	18.2054   	
6.99e-05   	296.56   	18.1332   	
7e-05   	296.166   	17.2838   	
7.01e-05   	296.211   	17.6975   	
7.02e-05   	296.715   	17.4398   	
7.03e-05   	296.958   	17.021   	
7.04e-05   	296.824   	16.275   	
7.05e-05   	297.146   	16.074   	
7.06e-05   	297.274   	16.4088   	
7.07e-05   	297.538   	16.3528   	
7.08e-05   	297.471   	16.4585   	
7.09e-05   	297.469   	17.0087   	
7.1e-05   	297.485   	16.7416   	
7.11e-05   	297.199   	16.9184   	
7.12e-05   	297.312   	16.5833   	
7.13e-05   	297.362   	17.0428   	
7.14e-05   	298.044   	17.0965   	
7.15e-05   	298.015   	17.5281   	
7.16e-05   	298.294   	18.1864   	
7.17e-05   	298.707   	18.4678   	
7.18e-05   	298.79   	18.469   	
7.19e-05   	299.053   	18.9588   	
7.2e-05   	299.08   	18.3206   	
7.21e-05   	299.197   	18.2173   	
7.22e-05   	299.32   	18.4969   	
7.23e-05   	299.296   	18.7426   	
7.24e-05   	299.112   	18.9705   	
7.25e-05   	298.612   	18.647   	
7.26e-05   	299.143   	18.8496   	
7.27e-05   	299.196   	19.4995   	
7.28e-05   	299   	19.3861   	
7.29e-05   	298.812   	19.4176   	
7.3e-05   	298.603   	19.4113   	
7.31e-05   	298.351   	18.3607   	
7.32e-05   	298.175   	18.1551   	
7.33e-05   	298.985   	18.274   	
7.34e-05   	298.952   	17.85   	
7.35e-05   	298.999   	17.8578   	
7.36e-05   	299.013   	17.2954   	
7.37e-05   	299.36   	17.202   	
7.38e-05   	299.682   	17.1219   	
7.39e-05   	299.373   	17.113   	
7.4e-05   	299.637   	17.4385   	
7.41e-05   	299.506   	17.2421   	
7.42e-05   	299.153   	17.6928   	
7.43e-05   	299.335   	17.593   	
7.44e-05   	299.309   	17.8589   	
7.45e-05   	299.964   	17.6957   	
7.46e-05   	300.249   	17.9473   	
7.47e-05   	300.141   	18.7087   	
7.48e-05   	300.673   	18.7803   	
7.49e-05   	300.667   	18.4797   	
7.5e-05   	301.031   	19.0267   	
7.51e-05   	301.308   	18.9546   	
7.52e-05   	301.341   	18.7054   	
7.53e-05   	301.506   	19.0858   	
7.54e-05   	301.533   	19.4748   	
7.55e-05   	301.355   	19.5309   	
7.56e-05   	300.901   	19.8127   	
7.57e-05   	301.021   	19.8903   	
7.58e-05   	301.019   	20.2215   	
7.59e-05   	301.021   	20.3834   	
7.6e-05   	300.885   	20.5536   	
7.61e-05   	300.739   	20.6415   	
7.62e-05   	300.538   	20.4217   	
7.63e-05   	300.187   	20.1084   	
7.64e-05   	300.876   	20.2489   	
7.65e-05   	300.947   	20.6026   	
7.66e-05   	301.139   	20.1671   	
7.67e-05   	301.158   	19.6473   	
7.68e-05   	301.442   	19.3323   	
7.69e-05   	301.841   	19.1384   	
7.7e-05   	301.744   	19.1671   	
7.71e-05   	301.656   	19.5521   	
7.72e-05   	301.582   	19.6313   	
7.73e-05   	301.656   	19.7602   	
7.74e-05   	301.638   	19.9328   	
7.75e-05   	301.567   	20.0715   	
7.76e-05   	302.073   	19.9701   	
7.77e-05   	302.526   	20.4231   	
7.78e-05   	302.462   	20.9615   	
7.79e-05   	302.654   	21.168   	
7.8e-05   	302.849   	20.9255   	
7.81e-05   	303.101   	21.1781   	
7.82e-05   	303.474   	21.0375   	
7.83e-05   	303.378   	21.0975   	
7.84e-05   	303.567   	21.0097   	
7.85e-05   	304.036   	21.4439   	
7.86e-05   	303.778   	21.3429   	
7.87e-05   	303.137   	21.5758   	
7.88e-05   	303.34   	21.3514   	
7.89e-05   	303.615   	21.4995   	
7.9e-05   	303.551   	21.9358   	
7.91e-05   	303.431   	21.6569   	
7.92e-05   	302.956   	22.0734   	
7.93e-05   	303.119   	22.1605   	
7.94e-05   	302.695   	21.7633   	
7.95e-05   	303.021   	22.1202   	
7.96e-05   	303.357   	22.1273   	
7.97e-05   	303.545   	22.1896   	
7.98e-05   	303.385   	21.6341   	
7.99e-05   	303.899   	21.5607   	
8e-05   	304.08   	21.6746   	
8.01e-05   	304.157   	21.2912   	
8.02e-05   	304.075   	21.4164   	
8.03e-05   	304.066   	22.0116   	
8.04e-05   	304.153   	21.608   	
8.05e-05   	304.012   	21.7994   	
8.06e-05   	304.26   	21.914   	
8.07e-05   	304.29   	22.5531   	
8.08e-05   	305.018   	22.7144   	
8.09e-05   	304.911   	23.3323   	
8.1e-05   	305.209   	23.1782   	
8.11e-05   	305.562   	23.2516   	
8.12e-05   	305.697   	22.9814   	
8.13e-05   	306.272   	22.9776   	
8.14e-05   	305.899   	22.8436   	
8.15e-05   	306.157   	23.2194   	
8.16e-05   	306.482   	23.675   	
8.17e-05   	306.486   	23.4389   	
8.18e-05   	306.134   	23.4774   	
8.19e-05   	305.821   	22.7998   	
8.2e-05   	306.246   	22.6776   	
8.21e-05   	306.236   	23.2836   	
8.22e-05   	306.147   	23.1427   	
8.23e-05   	305.974   	23.7338   	
8.24e-05   	305.781   	23.8614   	
8.25e-05   	305.423   	22.8074   	
8.26e-05   	305.477   	22.4963   	
8.27e-05   	306.204   	23.0739   	
8.28e-05   	306.08   	23.026   	
8.29e-05   	306.263   	23.1307   	
8.3e-05   	306.427   	21.9322   	
8.31e-05   	306.738   	22.2259   	
8.32e-05   	306.975   	21.7608   	
8.33e-05   	306.87   	21.8262   	
8.34e-05   	306.927   	22.1489   	
8.35e-05   	306.813   	22.2507   	
8.36e-05   	306.65   	22.5572   	
8.37e-05   	306.845   	22.9066   	
8.38e-05   	306.676   	22.9352   	
8.39e-05   	307.28   	23.1585   	
8.4e-05   	307.747   	23.0247   	
8.41e-05   	307.749   	23.4222   	
8.42e-05   	308.235   	23.2407   	
8.43e-05   	308.39   	23.1748   	
8.44e-05   	308.642   	23.4978   	
8.45e-05   	308.902   	23.3843   	
8.46e-05   	308.932   	23.3707   	
8.47e-05   	309.324   	24.1305   	
8.48e-05   	309.198   	24.2618   	
8.49e-05   	309.065   	24.0676   	
8.5e-05   	308.517   	24.1964   	
8.51e-05   	308.679   	23.6998   	
8.52e-05   	308.769   	23.6057   	
8.53e-05   	308.758   	23.5744   	
8.54e-05   	308.717   	23.487   	
8.55e-05   	308.601   	23.897   	
8.56e-05   	308.313   	23.4911   	
8.57e-05   	308.027   	22.9111   	
8.58e-05   	308.772   	23.1368   	
8.59e-05   	308.713   	23.5664   	
8.6e-05   	309.012   	23.5051   	
8.61e-05   	308.983   	22.5162   	
8.62e-05   	309.215   	22.932   	
8.63e-05   	309.584   	22.228   	
8.64e-05   	309.338   	22.1858   	
8.65e-05   	309.426   	22.6207   	
8.66e-05   	309.419   	22.6366   	
8.67e-05   	309.313   	22.6021   	
8.68e-05   	309.57   	23.2767   	
8.69e-05   	309.455   	22.8731   	
8.7e-05   	309.948   	22.8818   	
8.71e-05   	310.387   	22.7856   	
8.72e-05   	310.359   	23.3319   	
8.73e-05   	310.563   	23.4916   	
8.74e-05   	310.772   	23.4737   	
8.75e-05   	311.119   	23.5143   	
8.76e-05   	311.358   	23.2296   	
8.77e-05   	311.304   	23.5451   	
8.78e-05   	311.645   	23.7688   	
8.79e-05   	312.082   	24.0566   	
8.8e-05   	311.699   	23.8127   	
8.81e-05   	311.078   	24.0757   	
8.82e-05   	311.393   	23.7695   	
8.83e-05   	311.625   	23.789   	
8.84e-05   	311.559   	23.893   	
8.85e-05   	311.368   	24.0014   	
8.86e-05   	311.059   	24.1558   	
8.87e-05   	311.042   	24.5524   	
8.88e-05   	310.568   	24.2767   	
8.89e-05   	311.017   	24.4446   	
8.9e-05   	311.354   	24.4633   	
8.91e-05   	311.586   	24.3525   	
8.92e-05   	311.459   	23.5674   	
8.93e-05   	311.81   	24.1541   	
8.94e-05   	312.019   	23.9055   	
8.95e-05   	312.212   	23.4363   	
8.96e-05   	312.243   	24.2097   	
8.97e-05   	312.085   	24.671   	
8.98e-05   	312.245   	24.4076   	
8.99e-05   	312.085   	24.737   	
9e-05   	312.273   	24.3757   	
9.01e-05   	312.486   	24.8357   	
9.02e-05   	313.036   	24.927   	
9.03e-05   	313.188   	25.2231   	
9.04e-05   	313.216   	25.5634   	
9.05e-05   	313.491   	25.8447   	
9.06e-05   	313.941   	25.661   	
9.07e-05   	314.187   	25.8419   	
9.08e-05   	313.887   	26.0141   	
9.09e-05   	314.333   	26.3951   	
9.1e-05   	314.587   	27.0795   	
9.11e-05   	314.627   	26.8234   	
9.12e-05   	314.147   	27.3767   	
9.13e-05   	314.034   	27.0411   	
9.14e-05   	314.44   	26.9113   	
9.15e-05   	314.372   	27.081   	
9.16e-05   	314.268   	26.9399   	
9.17e-05   	314.143   	27.0956   	
9.18e-05   	313.848   	27.3754   	
9.19e-05   	313.703   	27.4636   	
9.2e-05   	313.731   	27.5668   	
9.21e-05   	314.372   	28.202   	
9.22e-05   	314.458   	27.7668   	
9.23e-05   	314.548   	27.414   	
9.24e-05   	314.8   	27.3048   	
9.25e-05   	315.168   	27.6568   	
9.26e-05   	315.409   	27.4953   	
9.27e-05   	315.506   	27.8302   	
9.28e-05   	315.286   	28.3048   	
9.29e-05   	315.4   	28.4464   	
9.3e-05   	315.236   	28.5353   	
9.31e-05   	315.463   	28.3342   	
9.32e-05   	315.392   	28.3996   	
9.33e-05   	316.074   	28.4458   	
9.34e-05   	316.284   	28.3887   	
9.35e-05   	316.497   	29.1553   	
9.36e-05   	316.903   	29.1607   	
9.37e-05   	317.141   	29.1554   	
9.38e-05   	317.45   	29.5695   	
9.39e-05   	317.749   	29.2869   	
9.4e-05   	317.868   	30.2159   	
9.41e-05   	318.081   	30.5429   	
9.42e-05   	318.02   	30.7945   	
9.43e-05   	317.973   	31.2964   	
9.44e-05   	317.408   	30.8653   	
9.45e-05   	317.87   	30.6265   	
9.46e-05   	317.862   	30.3298   	
9.47e-05   	317.742   	30.215   	
9.48e-05   	317.764   	30.4841   	
9.49e-05   	317.688   	30.4353   	
9.5e-05   	317.572   	30.314   	
9.51e-05   	317.294   	30.6608   	
9.52e-05   	318.045   	30.6759   	
9.53e-05   	317.844   	30.524   	
9.54e-05   	318.202   	30.0398   	
9.55e-05   	318.347   	29.5612   	
9.56e-05   	318.651   	30.0383   	
9.57e-05   	319.14   	29.8956   	
9.58e-05   	318.716   	30.1173   	
9.59e-05   	319.18   	30.6732   	
9.6e-05   	318.978   	30.1318   	
9.61e-05   	318.847   	30.4974   	
9.62e-05   	319.186   	30.7775   	
9.63e-05   	319.14   	30.6758   	
9.64e-05   	319.761   	30.5638   	
9.65e-05   	320.103   	30.2922   	
9.66e-05   	320.096   	31.0753   	
9.67e-05   	320.464   	31.2771   	
9.68e-05   	320.806   	31.233   	
9.69e-05   	321.002   	31.4626   	
9.7e-05   	321.471   	31.4511   	
9.71e-05   	321.407   	31.7644   	
9.72e-05   	321.724   	32.295   	
9.73e-05   	322.077   	32.446   	
9.74e-05   	321.879   	32.3248   	
9.75e-05   	321.458   	32.2851   	
9.76e-05   	321.469   	31.7759   	
9.77e-05   	321.837   	31.6022   	
9.78e-05   	321.849   	31.3372   	
9.79e-05   	321.729   	31.4567   	
9.8e-05   	321.468   	31.2999   	
9.81e-05   	321.455   	31.3854   	
9.82e-05   	320.963   	31.3556   	
9.83e-05   	321.549   	31.2049   	
9.84e-05   	321.994   	31.4856   	
9.85e-05   	322.271   	31.0932   	
9.86e-05   	322.2   	30.6975   	
9.87e-05   	322.582   	31.1607   	
9.88e-05   	322.749   	31.1498   	
9.89e-05   	323.016   	30.9712   	
9.9e-05   	322.805   	31.5069   	
9.91e-05   	322.88   	31.4348   	
9.92e-05   	323.033   	31.158   	
9.93e-05   	323.037   	31.7287   	
9.94e-05   	323.137   	31.4862   	
9.95e-05   	323.391   	31.9386   	
9.96e-05   	323.937   	31.7567   	
9.97e-05   	324.111   	32.0894   	
9.98e-05   	324.347   	32.1743   	
9.99e-05   	324.515   	32.2654   	
0.0001   	324.93   	32.3492   	
0.0001001   	325.149   	32.545   	
0.0001002   	324.998   	32.6641   	
0.0001003   	325.448   	32.9863   	
0.0001004   	325.838   	33.2534   	
0.0001005   	325.756   	33.0334   	
0.0001006   	325.34   	33.0575   	
0.0001007   	325.422   	32.1393   	
0.0001008   	325.611   	32.1595   	
0.0001009   	325.58   	31.965   	
0.000101   	325.577   	31.9016   	
0.0001011   	325.443   	31.598   	
0.0001012   	325.221   	32.0867   	
0.0001013   	324.97   	31.9056   	
0.0001014   	325.025   	31.8542   	
0.0001015   	325.742   	31.9434   	
0.0001016   	325.865   	31.7704   	
0.0001017   	325.841   	31.4716   	
0.0001018   	326.195   	31.792   	
0.0001019   	326.5   	31.6163   	
0.000102   	326.807   	31.7142   	
0.0001021   	326.851   	32.2773   	
0.0001022   	326.893   	32.7858   	
0.0001023   	326.938   	32.4629   	
0.0001024   	326.787   	32.6481   	
0.0001025   	326.951   	32.4805   	
0.0001026   	327.004   	32.6974   	
0.0001027   	327.722   	32.8855   	
0.0001028   	327.843   	32.805   	
0.0001029   	328.107   	32.9272   	
0.000103   	328.616   	32.8978   	
0.0001031   	328.609   	33.1962   	
0.0001032   	329.091   	33.0576   	
0.0001033   	329.255   	33.3793   	
0.0001034   	329.355   	33.8215   	
0.0001035   	329.598   	34.3854   	
0.0001036   	329.56   	34.0941   	
0.0001037   	329.531   	34.408   	
0.0001038   	329.025   	33.6672   	
0.0001039   	329.53   	33.4615   	
0.000104   	329.625   	33.0493   	
0.0001041   	329.43   	32.999   	
0.0001042   	329.34   	32.8306   	
0.0001043   	329.294   	32.7672   	
0.0001044   	329.053   	32.6589   	
0.0001045   	329.036   	32.9429   	
0.0001046   	329.894   	32.9484   	
0.0001047   	329.722   	32.8785   	
0.0001048   	329.78   	32.5896   	
0.0001049   	329.887   	32.8162   	
0.000105   	330.448   	32.8492   	
0.0001051   	330.815   	32.7633   	
0.0001052   	330.508   	33.5019   	
0.0001053   	330.966   	33.9491   	
0.0001054   	330.702   	33.8286   	
0.0001055   	330.5   	34.0579   	
0.0001056   	330.865   	34.3376   	
0.0001057   	330.816   	34.7626   	
0.0001058   	331.647   	34.6393   	
0.0001059   	331.822   	33.8853   	
0.000106   	331.953   	34.6245   	
0.0001061   	332.292   	34.545   	
0.0001062   	332.471   	34.7476   	
0.0001063   	332.993   	34.8073   	
0.0001064   	333.441   	35.0137   	
0.0001065   	333.326   	35.33   	
0.0001066   	333.667   	35.8548   	
0.0001067   	333.778   	35.7406   	
0.0001068   	333.681   	35.7521   	
0.0001069   	333.286   	35.3889   	
0.000107   	333.438   	35.1314   	
0.0001071   	333.518   	34.8904   	
0.0001072   	333.6   	34.5101   	
0.0001073   	333.539   	35.1476   	
0.0001074   	333.372   	34.961   	
0.0001075   	333.328   	34.9181   	
0.0001076   	332.907   	35.1544   	
0.0001077   	333.705   	35.0287   	
0.0001078   	333.892   	35.3537   	
0.0001079   	334.029   	35.4343   	
0.000108   	334.124   	35.2977   	
0.0001081   	334.481   	35.3955   	
0.0001082   	334.844   	35.3935   	
0.0001083   	334.935   	35.5779   	
0.0001084   	334.879   	36.3974   	
0.0001085   	334.804   	36.3126   	
0.0001086   	335.024   	36.2683   	
0.0001087   	335.211   	36.8477   	
0.0001088   	335.058   	37.1426   	
0.0001089   	335.587   	36.9602   	
0.000109   	336.112   	36.7709   	
0.0001091   	336.239   	36.9287   	
0.0001092   	336.441   	36.7445   	
0.0001093   	336.669   	37.3252   	
0.0001094   	337.028   	37.1197   	
0.0001095   	337.331   	37.0463   	
0.0001096   	337.258   	37.0325   	
0.0001097   	337.622   	37.8848   	
0.0001098   	338.092   	37.7794   	
0.0001099   	338.032   	37.5674   	
0.00011   	337.495   	37.0888   	
0.0001101   	337.703   	36.8644   	
0.0001102   	337.953   	36.9978   	
0.0001103   	337.919   	36.6894   	
0.0001104   	337.911   	37.1057   	
0.0001105   	337.628   	36.8624   	
0.0001106   	337.766   	36.712   	
0.0001107   	337.304   	36.774   	
0.0001108   	337.57   	36.8467   	
0.0001109   	338.087   	36.7975   	
0.000111   	338.355   	36.9557   	
0.0001111   	338.259   	36.8118   	
0.0001112   	338.733   	37.2443   	
0.0001113   	338.993   	36.7273   	
0.0001114   	339.286   	36.8442   	
0.0001115   	339.291   	37.7865   	
0.0001116   	339.364   	38.3448   	
0.0001117   	339.458   	37.8055   	
0.0001118   	339.317   	38.2089   	
0.0001119   	339.508   	37.9232   	
0.000112   	339.552   	38.0755   	
0.0001121   	340.418   	38.0452   	
0.0001122   	340.47   	38.2055   	
0.0001123   	340.854   	38.0664   	
0.0001124   	341.225   	38.1929   	
0.0001125   	341.287   	38.6765   	
0.0001126   	341.787   	38.291   	
0.0001127   	341.802   	37.9702   	
0.0001128   	342.044   	38.6308   	
0.0001129   	342.317   	38.9145   	
0.000113   	342.274   	38.0096   	
0.0001131   	342.148   	38.4521   	
0.0001132   	341.694   	38.3071   	
0.0001133   	342.311   	38.1132   	
0.0001134   	342.457   	38.0417   	
0.0001135   	342.306   	38.1483   	
0.0001136   	342.177   	37.7785   	
0.0001137   	342.059   	37.6684   	
0.0001138   	341.838   	37.1801   	
0.0001139   	341.752   	37.405   	
0.000114   	342.701   	37.0501   	
0.0001141   	342.65   	37.5377   	
0.0001142   	342.783   	37.0794   	
0.0001143   	342.934   	37.3728   	
0.0001144   	343.316   	37.3543   	
0.0001145   	343.696   	37.1785   	
0.0001146   	343.563   	37.9003   	
0.0001147   	343.874   	38.5713   	
0.0001148   	343.839   	38.3543   	
0.0001149   	343.596   	38.4277   	
0.000115   	343.891   	38.6724   	
0.0001151   	343.828   	38.6504   	
0.0001152   	344.588   	38.7967   	
0.0001153   	345.021   	38.5993   	
0.0001154   	345.022   	38.9638   	
0.0001155   	345.6   	39.0509   	
0.0001156   	345.648   	39.6005   	
0.0001157   	346.096   	39.3601   	
0.0001158   	346.442   	39.2185   	
0.0001159   	346.533   	39.3927   	
0.000116   	346.885   	39.4403   	
0.0001161   	346.952   	39.1999   	
0.0001162   	346.768   	39.6306   	
0.0001163   	346.45   	39.3476   	
0.0001164   	346.678   	39.1798   	
0.0001165   	346.703   	38.915   	
0.0001166   	346.765   	39.174   	
0.0001167   	346.76   	39.5171   	
0.0001168   	346.685   	39.2548   	
0.0001169   	346.525   	38.8232   	
0.000117   	346.273   	39.0767   	
0.0001171   	347.116   	38.8651   	
0.0001172   	347.129   	39.4185   	
0.0001173   	347.442   	39.6191   	
0.0001174   	347.56   	39.4332   	
0.0001175   	347.854   	39.4676   	
0.0001176   	348.298   	39.4822   	
0.0001177   	348.322   	39.9699   	
0.0001178   	348.458   	40.8277   	
0.0001179   	348.364   	41.0269   	
0.000118   	348.529   	40.8895   	
0.0001181   	348.655   	41.1176   	
0.0001182   	348.628   	41.3883   	
0.0001183   	349.208   	41.0004   	
0.0001184   	349.832   	41.4206   	
0.0001185   	349.77   	41.6313   	
0.0001186   	350.084   	41.6238   	
0.0001187   	350.334   	42.3165   	
0.0001188   	350.746   	42.0739   	
0.0001189   	351.129   	42.1515   	
0.000119   	351.144   	41.7597   	
0.0001191   	351.458   	42.3219   	
0.0001192   	351.995   	42.1862   	
0.0001193   	351.759   	42.433   	
0.0001194   	351.34   	42.314   	
0.0001195   	351.543   	41.9097   	
0.0001196   	351.9   	42.5492   	
0.0001197   	351.945   	42.3853   	
0.0001198   	351.872   	42.9175   	
0.0001199   	351.488   	42.5927   	
0.00012   	351.737   	42.4623   	
0.0001201   	351.464   	42.3901   	
0.0001202   	351.879   	42.2483   	
0.0001203   	352.221   	42.2647   	
0.0001204   	352.585   	42.5271   	
0.0001205   	352.538   	42.2441   	
0.0001206   	353.056   	42.1159   	
0.0001207   	353.337   	41.862   	
0.0001208   	353.553   	41.6844   	
0.0001209   	353.627   	42.8663   	
0.000121   	353.619   	43.2089   	
0.0001211   	353.858   	42.7162   	
0.0001212   	353.845   	43.0654   	
0.0001213   	354.155   	43.0526   	
0.0001214   	354.271   	42.8438   	
0.0001215   	355.091   	43.1037   	
0.0001216   	355.076   	43.3646   	
0.0001217   	355.424   	43.4427   	
0.0001218   	355.895   	43.8201   	
0.0001219   	356.21   	43.9592   	
0.000122   	356.745   	43.9103   	
0.0001221   	356.512   	43.6273   	
0.0001222   	356.881   	44.3648   	
0.0001223   	357.29   	44.1294   	
0.0001224   	357.357   	43.7973   	
0.0001225   	357.087   	43.9398   	
0.0001226   	356.957   	43.5629   	
0.0001227   	357.367   	43.7987   	
0.0001228   	357.542   	43.6942   	
0.0001229   	357.511   	43.9188   	
0.000123   	357.54   	43.7198   	
0.0001231   	357.328   	43.6986   	
0.0001232   	357.134   	43.6122   	
0.0001233   	357.293   	43.6805   	
0.0001234   	358.051   	43.0903   	
0.0001235   	358.13   	43.6029   	
0.0001236   	358.353   	43.3815   	
0.0001237   	358.649   	43.5269   	
0.0001238   	359.107   	43.0863   	
0.0001239   	359.41   	42.9199   	
0.000124   	359.43   	43.7991   	
0.0001241   	359.639   	44.4825   	
0.0001242   	359.663   	43.9697   	
0.0001243   	359.659   	44.2018   	
0.0001244   	359.906   	44.7916   	
0.0001245   	359.814   	44.2804   	
0.0001246   	360.577   	44.4395   	
0.0001247   	361.109   	44.6215   	
0.0001248   	361.209   	45.2041   	
0.0001249   	361.926   	45.2963   	
0.000125   	362.224   	45.7823   	
0.0001251   	362.505   	45.3745   	
0.0001252   	362.846   	45.5326   	
0.0001253   	363.152   	45.8234   	
0.0001254   	363.569   	45.6055   	
0.0001255   	363.52   	44.9751   	
0.0001256   	363.553   	45.2547   	
0.0001257   	363.155   	45.0334   	
0.0001258   	363.424   	44.8643   	
0.0001259   	363.7   	44.8783   	
0.000126   	363.738   	44.8393   	
0.0001261   	363.821   	45.0957   	
0.0001262   	363.781   	44.7668   	
0.0001263   	363.702   	44.6641   	
0.0001264   	363.564   	44.6037   	
0.0001265   	364.408   	44.5323   	
0.0001266   	364.373   	44.9137   	
0.0001267   	364.932   	45.0665   	
0.0001268   	365.024   	44.6276   	
0.0001269   	365.342   	44.6944   	
0.000127   	365.932   	44.5789   	
0.0001271   	365.755   	44.722   	
0.0001272   	366.041   	45.3711   	
0.0001273   	366.125   	45.0807   	
0.0001274   	366.179   	44.8611   	
0.0001275   	366.53   	45.1417   	
0.0001276   	366.536   	45.1695   	
0.0001277   	367.252   	44.5686   	
0.0001278   	367.75   	44.7528   	
0.0001279   	367.896   	45.2482   	
0.000128   	368.279   	45.6823   	
0.0001281   	368.587   	46.212   	
0.0001282   	369.008   	45.7127   	
0.0001283   	369.453   	45.7036   	
0.0001284   	369.591   	45.9868   	
0.0001285   	369.982   	46.3303   	
0.0001286   	370.534   	44.9772   	
0.0001287   	370.383   	45.1357   	
0.0001288   	369.923   	44.8097   	
0.0001289   	370.288   	44.5627   	
0.000129   	370.742   	45.0457   	
0.0001291   	370.844   	44.5178   	
0.0001292   	370.753   	44.5275   	
0.0001293   	370.644   	44.8896   	
0.0001294   	370.763   	44.9031   	
0.0001295   	370.365   	44.8055   	
0.0001296   	371.008   	44.3799   	
0.0001297   	371.498   	44.325   	
0.0001298   	371.899   	44.7596   	
0.0001299   	371.917   	44.6115   	
0.00013   	372.424   	44.5341   	
0.0001301   	372.841   	44.3119   	
0.0001302   	373.113   	43.8654   	
0.0001303   	373.203   	44.3358   	
0.0001304   	373.296   	44.7559   	
0.0001305   	373.655   	43.8975   	
0.0001306   	373.548   	44.1616   	
0.0001307   	373.866   	44.3315   	
0.0001308   	374.246   	44.0548   	
0.0001309   	374.916   	44.2093   	
0.000131   	375.206   	44.9494   	
0.0001311   	375.432   	45.2531   	
0.0001312   	375.891   	45.5894   	
0.0001313   	376.49   	45.527   	
0.0001314   	376.906   	45.5739   	
0.0001315   	376.814   	45.3252   	
0.0001316   	377.41   	45.7714   	
0.0001317   	377.77   	45.562   	
0.0001318   	378.026   	45.0079   	
0.0001319   	377.676   	45.0497   	
0.000132   	377.727   	44.8896   	
0.0001321   	378.347   	44.8674   	
0.0001322   	378.438   	44.4044   	
0.0001323   	378.447   	44.3703   	
0.0001324   	378.464   	44.7359   	
0.0001325   	378.368   	45.1256   	
0.0001326   	378.348   	45.0697   	
0.0001327   	378.576   	44.9949   	
0.0001328   	379.411   	44.775   	
0.0001329   	379.721   	45.212   	
0.000133   	379.899   	45.5276   	
0.0001331   	380.282   	45.5878   	
0.0001332   	380.866   	45.2111   	
0.0001333   	381.321   	44.7397   	
0.0001334   	381.553   	45.2474   	
0.0001335   	381.52   	45.7095   	
0.0001336   	381.907   	45.261   	
0.0001337   	381.87   	45.6715   	
0.0001338   	382.298   	45.7299   	
0.0001339   	382.426   	45.3863   	
0.000134   	383.292   	45.5139   	
0.0001341   	383.617   	45.8278   	
0.0001342   	383.991   	46.1598   	
0.0001343   	384.706   	46.4297   	
0.0001344   	384.934   	47.3068   	
0.0001345   	385.565   	46.6776   	
0.0001346   	386.07   	46.8077   	
0.0001347   	386.272   	46.7554   	
0.0001348   	386.674   	46.4383   	
0.0001349   	386.892   	46.0128   	
0.000135   	386.922   	46.0334   	
0.0001351   	386.609   	46.2041   	
0.0001352   	387.278   	45.6477   	
0.0001353   	387.495   	45.8001   	
0.0001354   	387.491   	45.3215   	
0.0001355   	387.657   	45.647   	
0.0001356   	387.884   	46.1424   	
0.0001357   	387.874   	46.0387   	
0.0001358   	387.751   	45.5206   	
0.0001359   	388.787   	45.4403   	
0.000136   	388.806   	45.7029   	
0.0001361   	389.227   	46.042   	
0.0001362   	389.62   	45.7956   	
0.0001363   	390.176   	45.9807   	
0.0001364   	390.863   	45.7462   	
0.0001365   	390.634   	45.9755   	
0.0001366   	391.343   	46.0963   	
0.0001367   	391.254   	46.3213   	
0.0001368   	391.325   	46.1605   	
0.0001369   	391.918   	46.2782   	
0.000137   	392.069   	46.3915   	
0.0001371   	392.887   	46.2659   	
0.0001372   	393.428   	46.2147   	
0.0001373   	393.669   	46.5115   	
0.0001374   	394.262   	46.978   	
0.0001375   	394.771   	47.3003   	
0.0001376   	395.249   	46.9457   	
0.0001377   	395.945   	46.7952   	
0.0001378   	396.048   	46.3583   	
0.0001379   	396.493   	46.8251   	
0.000138   	397.134   	46.0617   	
0.0001381   	397.086   	45.7226   	
0.0001382   	396.932   	45.6929   	
0.0001383   	397.261   	44.9977   	
0.0001384   	397.747   	44.8762   	
0.0001385   	398.002   	44.7142   	
0.0001386   	398.074   	44.655   	
0.0001387   	398.193   	45.0139   	
0.0001388   	398.303   	45.0915   	
0.0001389   	398.089   	45.0507   	
0.000139   	398.876   	44.7491   	
0.0001391   	399.504   	44.6836   	
0.0001392   	399.991   	45.0124   	
0.0001393   	400.215   	45.145   	
0.0001394   	400.82   	45.224   	
0.0001395   	401.356   	45.0029   	
0.0001396   	401.716   	44.7894   	
0.0001397   	401.794   	44.7565   	
0.0001398   	402.107   	44.9396   	
0.0001399   	402.417   	44.7123   	
0.00014   	402.758   	44.5279   	
0.0001401   	403.066   	44.8726   	
0.0001402   	403.551   	44.1424   	
0.0001403   	404.309   	44.558   	
0.0001404   	404.845   	44.649   	
0.0001405   	405.226   	44.6854   	
0.0001406   	405.719   	44.9119   	
0.0001407   	406.356   	44.5509   	
0.0001408   	406.848   	44.3522   	
0.0001409   	406.957   	43.721   	
0.000141   	407.598   	44.0717   	
0.0001411   	408.308   	43.6278   	
0.0001412   	408.415   	43.7147   	
0.0001413   	408.195   	43.0322   	
0.0001414   	408.585   	43.0489   	
0.0001415   	409.088   	42.7595   	
0.0001416   	409.327   	42.2332   	
0.0001417   	409.537   	42.1812   	
0.0001418   	409.625   	42.9123   	
0.0001419   	409.685   	43.0894   	
0.000142   	409.702   	43.5712   	
0.0001421   	410.078   	42.787   	
0.0001422   	410.946   	43.0434   	
0.0001423   	411.353   	43.3825   	
0.0001424   	411.604   	43.7536   	
0.0001425   	412.21   	43.838   	
0.0001426   	412.663   	42.9914   	
0.0001427   	413.311   	43.1729   	
0.0001428   	413.649   	42.8856   	
0.0001429   	413.965   	42.8601   	
0.000143   	414.177   	42.5343   	
0.0001431   	414.309   	42.8478   	
0.0001432   	414.814   	42.8157   	
0.0001433   	415.034   	42.5156   	
0.0001434   	415.968   	43.127   	
0.0001435   	416.375   	42.7088   	
0.0001436   	416.914   	42.3852   	
0.0001437   	417.671   	42.6492   	
0.0001438   	417.95   	42.8824   	
0.0001439   	418.735   	41.9799   	
0.000144   	419.061   	42.0263   	
0.0001441   	419.445   	41.9847   	
0.0001442   	419.955   	41.9604   	
0.0001443   	420.127   	41.9857   	
0.0001444   	420.318   	41.7142   	
0.0001445   	420.139   	42.1132   	
0.0001446   	420.967   	41.6071   	
0.0001447   	421.218   	40.9729   	
0.0001448   	421.311   	40.3185   	
0.0001449   	421.478   	41.1402   	
0.000145   	421.631   	41.0554   	
0.0001451   	421.612   	41.4852   	
0.0001452   	421.92   	40.862   	
0.0001453   	423.042   	40.8312   	
0.0001454   	423.157   	41.1953   	
0.0001455   	423.465   	41.3657   	
0.0001456   	423.879   	41.492   	
0.0001457   	424.628   	41.3203   	
0.0001458   	425.323   	41.5272   	
0.0001459   	425.169   	41.5148   	
0.000146   	425.956   	41.1429   	
0.0001461   	425.89   	41.3352   	
0.0001462   	425.977   	41.2276   	
0.0001463   	426.589   	41.4765   	
0.0001464   	426.753   	41.2678   	
0.0001465   	427.776   	41.3932   	
0.0001466   	428.286   	41.1967   	
0.0001467   	428.604   	40.6797   	
0.0001468   	429.312   	40.9059   	
0.0001469   	429.772   	41.0984   	
0.000147   	430.54   	40.2427   	
0.0001471   	431.114   	40.2351   	
0.0001472   	431.371   	39.822   	
0.0001473   	431.953   	40.1423   	
0.0001474   	432.217   	39.8223   	
0.0001475   	432.361   	39.6511   	
0.0001476   	432.245   	39.4087   	
0.0001477   	432.628   	39.2851   	
0.0001478   	432.956   	38.9134   	
0.0001479   	433.37   	38.3054   	
0.000148   	433.542   	38.2464   	
0.0001481   	433.583   	38.5952   	
0.0001482   	433.744   	38.7087   	
0.0001483   	433.71   	38.5494   	
0.0001484   	434.641   	38.8638   	
0.0001485   	435.058   	38.6015   	
0.0001486   	435.487   	38.6359   	
0.0001487   	435.954   	38.8228   	
0.0001488   	436.475   	38.5973   	
0.0001489   	437.129   	38.9305   	
0.000149   	437.432   	38.4235   	
0.0001491   	437.664   	38.0139   	
0.0001492   	437.778   	37.7907   	
0.0001493   	438.354   	37.9314   	
0.0001494   	438.737   	37.7815   	
0.0001495   	438.805   	38.0888   	
0.0001496   	439.589   	38.1308   	
0.0001497   	440.318   	37.7807   	
0.0001498   	440.687   	37.4596   	
0.0001499   	441.123   	37.9006   	
0.00015   	441.684   	37.7787   	
0.0001501   	442.283   	36.9476   	
0.0001502   	442.831   	37.0429   	
0.0001503   	443.053   	36.6343   	
0.0001504   	443.603   	36.8654   	
0.0001505   	444.345   	36.6352   	
0.0001506   	444.514   	36.6503   	
0.0001507   	444.171   	36.2305   	
0.0001508   	444.604   	36.4181   	
0.0001509   	445.154   	35.8944   	
0.000151   	445.336   	35.2779   	
0.0001511   	445.724   	35.3647   	
0.0001512   	445.5   	35.6793   	
0.0001513   	445.962   	35.1426   	
0.0001514   	445.777   	35.815   	
0.0001515   	446.29   	35.5163   	
0.0001516   	447.034   	35.6539   	
0.0001517   	447.531   	35.8493   	
0.0001518   	447.725   	36.1849   	
0.0001519   	448.462   	36.2112   	
0.000152   	449.007   	35.8574   	
0.0001521   	449.474   	35.9256   	
0.0001522   	449.659   	35.5283   	
0.0001523   	449.99   	35.2683   	
0.0001524   	450.39   	34.829   	
0.0001525   	450.523   	34.7169   	
0.0001526   	450.933   	35.1427   	
0.0001527   	451.234   	34.475   	
0.0001528   	452.323   	34.9334   	
0.0001529   	452.569   	34.5029   	
0.000153   	453.173   	34.4091   	
0.0001531   	453.851   	34.4358   	
0.0001532   	454.215   	34.5992   	
0.0001533   	454.95   	34.1586   	
0.0001534   	455.211   	33.7939   	
0.0001535   	455.672   	33.4782   	
0.0001536   	456.105   	33.2768   	
0.0001537   	456.43   	33.3975   	
0.0001538   	456.57   	33.1777   	
0.0001539   	456.373   	33.4665   	
0.000154   	457.093   	33.1272   	
0.0001541   	457.578   	32.29   	
0.0001542   	457.718   	31.9481   	
0.0001543   	457.794   	31.9838   	
0.0001544   	457.908   	31.6869   	
0.0001545   	457.91   	32.1849   	
0.0001546   	458.082   	31.9733   	
0.0001547   	459.189   	32.1135   	
0.0001548   	459.441   	32.4624   	
0.0001549   	459.849   	32.7147   	
0.000155   	460.189   	32.7537   	
0.0001551   	460.93   	32.3455   	
0.0001552   	461.507   	32.2862   	
0.0001553   	461.597   	31.7379   	
0.0001554   	462.063   	31.0706   	
0.0001555   	462.312   	30.9893   	
0.0001556   	462.335   	30.8057   	
0.0001557   	462.9   	31.0178   	
0.0001558   	463.108   	30.7939   	
0.0001559   	464.104   	30.7527   	
0.000156   	464.732   	30.8257   	
0.0001561   	464.924   	30.3755   	
0.0001562   	465.793   	30.1106   	
0.0001563   	466.129   	30.0706   	
0.0001564   	466.794   	29.303   	
0.0001565   	467.383   	29.2117   	
0.0001566   	467.761   	28.7974   	
0.0001567   	468.374   	28.2196   	
0.0001568   	468.617   	28.364   	
0.0001569   	468.738   	28.4565   	
0.000157   	468.557   	28.843   	
0.0001571   	469.033   	28.4851   	
0.0001572   	469.381   	27.8535   	
0.0001573   	469.643   	27.163   	
0.0001574   	469.83   	26.9965   	
0.0001575   	470.109   	26.8472   	
0.0001576   	470.118   	27.0901   	
0.0001577   	470.093   	26.9679   	
0.0001578   	471.154   	27.1104   	
0.0001579   	471.465   	27.34   	
0.000158   	472.007   	27.4994   	
0.0001581   	472.272   	27.4877   	
0.0001582   	472.955   	27.2293   	
0.0001583   	473.643   	27.5922   	
0.0001584   	473.749   	26.858   	
0.0001585   	474.168   	26.2089   	
0.0001586   	474.452   	26.1071   	
0.0001587   	474.752   	25.8881   	
0.0001588   	475.073   	25.5229   	
0.0001589   	475.385   	25.9725   	
0.000159   	476.171   	25.8305   	
0.0001591   	476.91   	25.825   	
0.0001592   	477.2   	25.2658   	
0.0001593   	477.742   	25.4584   	
0.0001594   	478.171   	25.1836   	
0.0001595   	478.821   	24.8304   	
0.0001596   	479.399   	24.4701   	
0.0001597   	479.704   	24.0638   	
0.0001598   	480.205   	23.6197   	
0.0001599   	480.974   	23.29   	
0.00016   	480.909   	23.7318   	
0.0001601   	480.697   	23.4167   	
0.0001602   	481.119   	23.949   	
0.0001603   	481.758   	23.2788   	
0.0001604   	481.976   	22.6609   	
0.0001605   	482.089   	22.5037   	
0.0001606   	481.938   	22.2536   	
0.0001607   	482.414   	22.0385   	
0.0001608   	482.272   	22.1069   	
0.0001609   	482.975   	22.0405   	
0.000161   	483.58   	22.3856   	
0.0001611   	484.139   	22.4395   	
0.0001612   	484.375   	22.9012   	
0.0001613   	485.055   	22.4445   	
0.0001614   	485.55   	22.3339   	
0.0001615   	485.953   	22.1152   	
0.0001616   	486.25   	21.1377   	
0.0001617   	486.523   	20.7548   	
0.0001618   	486.875   	20.8632   	
0.0001619   	487.063   	20.5341   	
0.000162   	487.619   	20.89   	
0.0001621   	488.108   	20.3091   	
0.0001622   	489.023   	20.65   	
0.0001623   	489.237   	20.3213   	
0.0001624   	489.817   	20.3166   	
0.0001625   	490.482   	19.6628   	
0.0001626   	491.044   	19.6019   	
0.0001627   	491.684   	19.4549   	
0.0001628   	491.617   	19.1612   	
0.0001629   	492.13   	18.3559   	
0.000163   	492.681   	18.0766   	
0.0001631   	492.953   	18.3636   	
0.0001632   	492.74   	18.415   	
0.0001633   	492.793   	18.9575   	
0.0001634   	493.441   	18.9648   	
0.0001635   	493.639   	18.4871   	
0.0001636   	493.814   	18.3911   	
0.0001637   	493.989   	18.3727   	
0.0001638   	493.91   	17.8611   	
0.0001639   	493.843   	18.3497   	
0.000164   	494.108   	18.1159   	
0.0001641   	495.056   	18.4121   	
0.0001642   	495.256   	18.6745   	
0.0001643   	495.6   	19.1013   	
0.0001644   	496.107   	18.8231   	
0.0001645   	496.733   	18.6023   	
0.0001646   	497.142   	18.5584   	
0.0001647   	497.326   	18.0893   	
0.0001648   	497.545   	17.1106   	
0.0001649   	497.775   	17.0698   	
