178.971	12.7165
178.891	12.5976
179.04	12.567
179.211	12.7311
179.326	12.8596
179.511	12.729
179.554	12.9497
179.918	13.0382
179.596	13.0532
179.734	13.0783
180.049	12.9911
179.989	13.0234
180.358	13.0752
180.194	13.2106
180.62	13.1601
180.361	13.3929
180.393	13.3671
180.231	13.1922
180.112	13.3442
179.796	13.4462
179.76	13.3501
180.073	13.2498
180.189	13.2993
180.421	13.231
180.602	13.0421
180.354	13.0287
180.384	13.2193
180.371	12.9261
180.423	12.9627
180.438	12.921
180.297	13.0547
180.241	12.972
180.235	13.0321
180.27	12.9862
180.253	12.7017
180.246	12.3715
179.939	12.3984
179.785	12.1591
179.831	12.1717
180.138	12.6633
180.628	12.4689
180.537	12.4771
180.562	12.4436
180.627	12.2545
180.903	12.3951
180.718	12.1518
180.762	11.9798
180.991	12.1412
181.068	11.8733
181.281	12.0571
181.329	12.2322
181.373	12.4643
181.696	12.3053
181.688	12.4809
181.642	12.5805
181.324	12.3615
181.691	12.2308
181.611	12.445
181.589	12.5998
181.384	12.8137
181.409	12.4188
181.627	12.2095
181.729	12.3424
181.51	12.5865
181.623	12.7589
181.791	13.0049
181.873	12.3583
181.786	12.4718
181.678	12.5749
182.117	12.2468
182.387	12.133
182.527	12.3678
182.664	12.0927
182.878	12.2609
182.859	12.417
182.785	12.6382
183.024	12.8563
183.124	12.7791
183.49	12.5131
183.47	12.5212
183.531	12.3881
183.551	12.8653
183.713	12.9018
183.939	13.0356
184.206	13.4332
184.341	13.4509
184.353	13.3966
184.26	13.6808
184.627	13.4688
184.598	13.3472
184.651	13.6918
184.742	13.781
184.957	13.9993
184.758	14.241
184.831	14.1279
184.774	14.2514
184.626	14.7603
184.236	14.7903
184.205	14.7311
184.22	14.5189
184.319	14.5889
184.546	14.747
184.542	14.4131
184.405	14.5255
184.515	14.6695
184.548	14.5732
184.389	14.499
184.608	14.3811
184.484	14.5066
184.42	14.8669
184.431	14.7429
184.4	14.7697
184.517	14.4684
184.374	13.8746
184.218	14.0538
184.12	13.6532
184.357	13.4663
184.624	14.1261
185.169	13.9978
185.176	14.0224
185.353	13.9666
185.35	13.6799
185.484	13.8672
185.641	13.7009
185.362	13.5583
185.387	13.4761
185.392	13.4695
185.546	13.5394
185.58	13.6467
185.83	13.6782
185.936	13.5852
186.201	13.4732
186.098	13.4014
185.972	13.321
186.337	13.3516
186.156	13.7237
186.514	13.7755
186.337	14.353
186.317	13.888
186.449	13.8784
186.506	14.0276
186.212	14.1954
186.438	14.2095
186.669	14.5642
186.736	14.1037
186.819	14.1359
186.68	14.1747
186.962	14.0504
187.458	13.7278
187.493	13.9803
187.688	14.0489
187.675	13.9081
187.594	14.3776
187.754	14.6164
187.906	14.6074
187.996	14.5881
188.078	14.7097
188.232	14.5877
188.133	14.3964
188.332	14.5307
188.303	14.6862
188.373	14.8552
188.54	15.0367
188.514	14.9589
188.659	14.8935
188.2	14.9282
188.65	14.6084
188.624	14.6623
188.743	15.0164
188.929	15.264
188.954	15.4443
188.914	15.5588
188.941	15.7504
188.914	15.4391
188.845	15.8917
188.526	15.9021
188.422	15.9318
188.212	15.4968
188.403	15.8204
188.533	15.6927
188.412	15.9863
188.227	15.9373
188.56	16.0735
188.506	15.9571
188.212	16.1361
188.325	16.0158
188.226	16.5592
188.278	16.7518
187.987	16.6754
188.124	16.8156
187.991	16.6704
187.989	16.4529
187.861	16.2993
187.727	16.0697
187.926	15.9579
188.027	16.1657
188.559	16.2573
188.838	16.4948
188.733	16.4015
188.588	16.3548
188.843	16.4162
188.831	16.4162
188.793	16.2612
188.649	15.9614
188.863	15.8135
188.906	15.5506
189.194	15.8631
189.372	15.8428
189.399	15.8062
189.83	15.6069
189.736	15.6
189.695	15.6483
189.7	15.7885
189.778	16.0014
189.982	16.1261
189.935	16.5346
189.74	16.2214
189.938	15.8248
189.964	16.0559
189.763	16.2985
189.981	16.414
190.219	16.5912
190.108	16.6425
190.272	16.3896
190.172	16.576
190.244	16.4135
190.64	16.4283
190.692	16.5412
191.126	16.6004
191.018	16.4383
191.01	16.6866
191.168	17.0092
191.124	17.2248
191.188	17.2871
191.286	17.2282
191.69	17.0356
191.47	16.9911
191.6	16.9674
191.837	17.1094
191.641	17.2326
191.887	17.1484
191.827	17.2547
191.999	17.2572
191.629	17.1956
191.877	17.1889
192.049	17.2196
192.074	17.2188
192.535	17.7001
192.388	17.8321
192.631	17.7614
192.312	17.7831
192.566	17.6084
192.418	17.5228
192.049	17.7325
192.032	17.7495
191.826	17.4129
192.029	17.349
191.923	17.346
192.111	17.3662
192.067	17.6069
192.004	17.5756
191.878	17.8604
191.855	17.6665
191.812	17.7649
191.678	17.9153
191.569	18.0834
191.35	18.2911
191.565	18.4953
191.305	18.5016
191.514	18.6211
191.296	17.9847
191.245	18.1692
191.217	17.9275
191.36	18.0176
191.788	18.403
192.248	18.7233
192.081	18.7966
192.149	18.8774
192.198	18.6071
192.497	18.8418
192.125	18.8263
191.981	18.6684
192.242	18.3719
192.415	18.3403
192.703	18.8292
192.794	18.4472
192.969	18.7264
193.174	18.3852
193.254	18.2249
193.321	18.0688
193.039	18.1628
193.327	18.3523
193.441	18.6663
193.376	18.6455
193.357	18.6516
193.362	18.3142
193.588	18.5773
193.455	18.7588
193.412	18.7044
193.62	18.8449
193.618	19.1457
193.773	18.8368
193.795	19.0666
193.678	19.1718
194.053	19.4263
194.338	19.316
194.535	19.401
194.647	19.2456
194.441	19.5489
194.627	19.8474
194.599	19.7197
194.85	19.9422
194.814	19.8009
195.02	19.85
195.037	19.7465
195.155	19.5894
195.32	19.7784
195.414	19.7991
195.619	19.8316
195.608	19.8659
195.867	19.7499
195.533	19.6624
195.573	19.9087
195.843	19.8153
195.817	19.8349
196.073	20.2736
196.071	20.5329
196.457	20.3148
196.241	20.4266
196.235	20.0674
196.194	19.9536
196.052	20.1274
195.658	19.8977
195.544	19.7647
195.759	19.4026
195.767	19.4176
195.85	19.3477
195.945	19.51
195.777	19.4568
195.759	19.9749
195.736	19.7047
195.798	19.8455
195.643	19.8671
195.706	20.256
195.579	20.3799
195.478	20.421
195.518	20.5114
195.563	20.3668
195.633	19.8977
195.169	19.758
195.128	19.6095
195.273	19.3501
195.666	20.0607
196.02	20.0926
196.04	20.2597
196.15	20.216
196.117	20.1658
196.363	20.2845
196.424	20.4591
196.153	20.1168
196.397	19.701
196.418	19.2604
196.772	19.6449
196.862	19.6173
196.939	19.7158
197.231	19.4809
197.331	19.3017
197.305	19.3365
197.067	19.3396
197.439	19.3241
197.39	19.6134
197.418	19.6213
197.374	19.9915
197.375	19.7623
197.627	19.898
197.639	19.9634
197.345	20.1402
197.564	20.2587
197.782	20.7959
197.779	20.1641
197.675	20.4072
197.651	20.6008
198.053	20.5914
198.359	20.5975
198.596	20.6355
198.799	20.5674
198.903	20.5203
198.867	20.9152
198.781	20.7504
198.946	20.946
198.945	20.8361
199.254	20.9488
199.233	20.913
199.383	20.9123
199.449	20.9533
199.511	20.8784
199.745	21.1686
200.019	21.1786
199.908	20.8844
199.941	21.0129
199.751	21.07
200.103	20.9879
200.085	20.8545
200.254	21.3864
200.476	21.5441
200.677	21.4721
200.648	21.7224
200.572	21.2843
200.575	21.2964
200.468	21.8051
200.184	21.5287
200.203	21.4787
200.272	21.1526
200.432	20.9804
200.75	20.8603
200.746	20.991
200.563	20.997
200.641	21.0676
200.739	21.1374
200.602	21.0614
200.817	20.9734
200.656	21.111
200.76	21.2838
200.618	21.3566
200.597	21.7673
200.714	21.8252
200.514	21.3614
200.352	21.2537
200.161	21.2141
200.514	20.9375
200.694	21.3958
201.308	21.2919
201.386	21.4115
201.524	21.4376
201.511	21.4915
201.829	21.4219
202.029	21.7411
201.949	21.3632
202.151	20.8103
202.157	20.6097
202.639	20.7352
202.805	20.9855
203.112	20.817
203.213	20.9448
203.467	20.3567
203.518	20.476
203.447	20.4233
203.775	20.3507
203.494	20.7133
203.824	20.7119
203.699	21.1899
203.698	20.9245
203.775	21.0584
203.917	20.8975
203.598	21.0505
203.949	20.9877
204.096	21.4556
204.176	21.0533
204.272	21.063
204.095	21.1978
204.382	21.3867
204.936	21.3698
205.047	21.4835
205.35	21.527
205.237	21.1181
205.344	21.4897
205.55	21.6058
205.587	21.8196
205.698	21.8603
205.809	21.8137
206.205	22.1055
206.058	21.9972
206.315	21.7048
206.497	21.9709
206.637	22.1852
206.817	22.2291
206.792	22.1139
207.038	22.079
206.655	22.3067
207.152	22.1471
207.226	22.0831
207.367	22.5287
207.856	22.8247
207.856	22.6898
207.899	22.9003
207.83	22.8444
207.889	22.6033
208.026	23.1015
207.691	22.9905
207.768	22.918
207.576	22.6848
208.032	22.6315
208.229	22.4255
208.365	22.5612
208.333	22.6806
208.613	22.7848
208.615	22.7592
208.496	22.9034
208.562	23.02
208.555	23.3401
208.467	23.2935
208.257	23.3723
208.577	23.5237
208.44	23.7999
208.591	23.6041
208.484	23.3605
208.361	23.7767
208.466	23.6602
208.638	23.7194
209.3	23.8279
209.61	24.3158
209.494	24.0644
209.487	23.8694
209.783	23.8248
209.935	23.9521
210.01	23.6602
210.045	23.3851
210.33	23.2843
210.46	23.0843
210.781	23.487
210.969	23.5654
211.012	23.596
211.334	23.6106
211.3	23.7511
211.374	23.7463
211.315	23.775
211.454	24.02
211.608	24.217
211.584	24.5429
211.522	24.3942
211.783	24.3973
211.746	24.581
211.65	24.631
211.781	24.8562
212.194	25.0524
212.043	24.9057
212.211	24.4422
212.152	24.8528
212.27	24.9918
212.74	25.3381
212.997	25.2953
213.459	25.2227
213.466	25.0046
213.374	25.2245
213.599	25.5925
213.579	25.6018
213.673	25.7694
213.875	25.8942
214.183	25.8654
214.142	26.021
214.302	25.7823
214.539	26.2592
214.383	26.6571
214.827	26.6568
214.773	26.7876
215.072	26.8177
214.825	27.083
215.092	27.1776
215.292	27.1998
215.366	27.4695
215.793	27.8374
215.748	27.8791
216.149	27.9396
215.833	27.9766
216.029	27.7848
215.884	28.1468
215.735	28.269
215.681	28.2642
215.746	28.0554
216.058	27.7591
216.173	28.0584
216.339	27.9026
216.549	28.0956
216.439	27.9604
216.587	28.3604
216.384	28.1789
216.479	28.3019
216.511	28.4467
216.401	28.4516
216.32	28.4796
216.52	28.6877
216.403	28.824
216.551	29.065
216.384	28.659
216.231	29.1244
216.273	29.205
216.456	28.9925
216.86	29.3824
217.521	29.6345
217.3	29.9372
217.45	29.6394
217.644	29.3687
217.948	29.3558
217.764	29.1264
217.86	29.076
218.136	28.8197
218.365	28.6298
218.581	29.0907
218.786	29.1367
218.897	29.0915
219.199	28.8021
219.281	29.0138
219.43	28.7224
219.106	28.9933
219.42	29.5511
219.508	29.7814
219.598	29.9009
219.494	30.0866
219.466	29.8361
219.824	30.2066
219.748	30.2164
219.736	30.4646
219.944	30.3215
219.997	30.4494
220.029	29.9721
220.078	30.2075
220.085	30.4321
220.668	30.6776
221.009	30.2417
221.275	30.3706
221.505	30.0156
221.344	30.1843
221.573	30.4761
221.651	30.5067
221.908	30.7925
221.965	30.616
222.296	30.6581
222.155	30.8105
222.381	30.4353
222.614	30.5976
222.771	31.0825
222.96	31.4837
223.025	31.3913
223.366	31.2762
223.218	31.263
223.3	31.7907
223.638	31.696
223.66	31.536
223.972	31.9354
223.997	32.0947
224.403	32.2958
224.302	32.4524
224.291	32.3605
224.133	32.4702
224.053	32.8261
223.859	32.6062
223.886	32.4319
224.071	32.0302
224.267	32.1431
224.6	31.9238
224.723	32.0483
224.647	31.9518
224.665	32.1502
224.69	31.9441
224.722	32.4577
224.674	32.4667
224.685	32.2427
224.651	32.3286
224.618	32.3964
224.634	32.4483
224.66	32.5129
224.682	32.2637
224.362	32.4095
224.374	32.5824
224.52	32.2626
224.899	32.8305
225.392	32.9256
225.438	33.2201
225.535	32.8948
225.59	32.5714
225.724	32.6197
225.856	32.6718
225.733	32.2239
225.891	32.2189
226.018	32.1792
226.331	32.3173
226.494	32.5818
226.761	32.6896
226.97	32.552
227.091	32.4868
227.017	32.3112
226.946	32.5579
227.369	32.9226
227.172	33.2505
227.482	33.0405
227.316	33.1644
227.401	32.8888
227.609	33.2225
227.588	33.0301
227.351	33.4343
227.581	33.3135
227.817	33.6054
227.73	33.0134
227.79	33.0131
227.824	33.3025
228.269	33.4747
228.646	33.1227
228.944	33.0508
229.163	32.94
229.227	33.004
229.174	33.5019
229.371	33.4759
229.489	33.6419
229.725	33.4743
230.057	33.5451
230.122	33.5028
230.191	33.3905
230.332	33.3146
230.519	33.7579
230.755	34.0366
231.07	33.9179
230.976	33.9623
231.172	33.9543
230.917	34.2638
231.322	34.1274
231.234	34.2713
231.497	34.426
231.756	34.6615
231.938	34.583
231.961	34.8691
231.957	34.5308
231.848	34.4264
231.868	35.0287
231.599	34.752
231.625	34.447
231.582	34.0948
231.858	33.9582
232.137	33.9797
232.149	33.9883
231.955	33.914
232.145	34.0714
232.228	33.8152
232.021	33.956
232.255	33.89
232.124	33.7634
232.246	33.6375
232.146	33.6513
232.299	33.7446
232.316	33.9508
232.127	33.6505
231.939	33.4159
231.857	33.7646
232.098	33.6766
232.275	33.8334
232.937	33.7555
233.082	34.312
233.129	34.0798
232.966	33.9163
233.314	33.8476
233.379	33.8891
233.372	33.7264
233.477	33.2829
233.504	33.4497
233.905	33.5443
234.095	33.4312
234.402	33.3321
234.461	33.5261
234.783	33.368
234.736	33.3464
234.738	33.3723
234.788	33.6734
234.744	33.9575
235.06	33.918
235.036	34.2194
234.929	33.7815
235.088	33.979
235.267	33.8326
234.896	34.2336
235.144	34.1034
235.398	34.1083
235.403	33.9582
235.485	33.8071
235.334	34.1476
235.608	34.2656
236.117	34.3759
236.095	34.3115
236.424	34.3096
236.379	33.9384
236.469	34.5146
236.593	34.5025
236.707	34.6006
236.944	34.5344
237.134	34.5145
237.532	34.4455
237.312	34.5529
237.676	34.5566
237.82	34.8952
237.871	34.9561
238.106	35.0038
238.203	35.043
238.302	34.9035
238.026	35.2368
238.466	35.1268
238.607	35.0885
238.618	35.452
239.146	35.8331
239.06	35.6024
239.185	35.6008
239.097	35.3986
239.124	35.3176
239.11	35.7617
238.803	35.5051
238.803	35.0842
238.651	34.7903
239.036	34.5322
239.081	34.7052
239.375	34.4249
239.289	34.381
239.465	34.3199
239.454	34.2974
239.348	34.1425
239.355	34.2335
239.311	34.2892
239.297	34.0403
238.99	34.1964
239.36	34.2555
239.145	34.5991
239.367	34.4834
239.19	34.1448
239.132	34.3997
239.237	34.3392
239.312	34.3805
239.88	34.0775
240.278	34.4496
240.147	34.2775
240.213	34.1605
240.46	34.0319
240.517	34.0434
240.5	33.9959
240.493	33.8718
240.848	33.7609
240.837	33.7198
241.188	33.7647
241.289	33.6951
241.565	33.529
241.848	33.5513
241.922	33.7429
241.993	33.6986
241.871	33.956
242.057	34.2075
242.21	34.3222
242.162	34.2934
242.081	34.1018
242.305	34.066
242.382	34.1258
242.251	34.2216
242.331	34.4245
242.655	34.4074
242.525	34.1726
242.8	33.9836
242.768	34.3913
242.815	34.2433
243.298	34.7621
243.618	34.5133
243.941	34.3661
244.025	33.8434
243.956	34.1357
244.214	34.3723
244.129	34.3162
244.331	34.1044
244.55	34.2954
244.873	34.04
244.751	34.3523
244.957	34.0844
245.271	34.4612
245.355	34.5401
245.689	34.4032
245.691	34.594
246.022	34.5282
245.723	34.4635
245.953	34.5415
246.156	34.8149
246.259	34.9102
246.568	35.1844
246.577	35.3779
246.979	35.3901
246.673	35.1285
246.863	34.9337
246.848	35.1513
246.609	35.1773
246.458	34.7492
246.471	34.3085
246.864	34.0914
246.933	34.2302
247.095	33.9651
247.327	33.8469
247.245	33.5675
247.331	33.5889
247.24	33.2795
247.351	33.6649
247.352	33.4849
247.272	33.4105
247.324	33.2471
247.316	33.2911
247.32	33.3103
247.426	33.1697
247.357	32.9411
247.227	33.087
247.167	33.1324
247.403	33.2058
247.734	33.1972
248.334	33.194
248.177	33.1999
248.265	33.0428
248.343	32.9394
248.686	32.6565
248.616	32.4356
248.677	32.2669
248.934	32.4194
249.091	32.4201
249.329	32.4893
249.469	32.3475
249.635	32.196
250.07	31.8978
250.108	32.1953
250.184	32.0284
249.984	32.4247
250.364	32.8198
250.378	32.965
250.508	32.8062
250.39	32.8558
250.438	32.3568
250.747	32.5386
250.85	32.2224
250.721	32.5929
250.912	32.4816
251.042	32.5881
251.193	32.1152
251.206	32.5877
251.142	32.5801
251.727	32.792
251.953	32.3515
252.312	32.1959
252.577	31.682
252.6	31.7638
252.711	32.1104
252.786	32.2129
253.055	32.2077
253.178	31.8235
253.58	31.7721
253.566	31.864
253.678	31.875
253.866	31.9647
254.014	31.926
254.379	31.9791
254.563	32.0511
254.794	31.8259
254.753	32.0012
254.751	32.1153
255.162	32.3132
255.156	32.3607
255.376	32.4065
255.398	32.6587
255.792	32.489
255.68	32.394
255.695	32.1954
255.693	32.0077
255.614	32.2321
255.318	31.5952
255.378	31.526
255.576	31.2267
255.824	31.2624
256.076	31.0182
256.175	30.9008
256.108	30.5216
256.262	30.5357
256.321	30.2159
256.245	30.5864
256.396	30.6441
256.405	30.3766
256.311	30.1043
256.322	30.1519
256.28	30.0671
256.471	30.1602
256.396	29.6529
256.193	29.8266
256.139	29.9821
256.314	29.9349
256.775	30.0796
257.207	29.8575
257.203	29.8874
257.372	29.8194
257.404	29.6598
257.615	29.7335
257.821	29.7406
257.743	29.284
257.911	29.2035
257.933	29.3813
258.369	29.2899
258.391	29.418
258.653	29.1861
258.903	29.0935
259.053	28.9418
258.982	28.7362
258.909	29.1235
259.315	29.1735
259.132	29.4713
259.484	29.5769
259.264	29.7148
259.362	29.3846
259.557	29.4182
259.565	29.175
259.324	29.3974
259.561	29.5053
259.79	29.5394
259.858	29.4013
259.878	29.4518
259.786	29.5409
260.116	29.6351
260.621	29.2018
260.859	29.1416
261.032	29.0602
261.151	28.4361
261.117	28.9187
261.323	29.0523
261.322	28.7916
261.648	28.6632
261.897	28.7778
262.048	28.7686
262.031	29.0713
262.24	28.9374
262.477	28.8479
262.705	28.6628
263.039	28.5939
262.895	28.4738
263.175	28.4312
262.852	28.5691
263.296	28.7714
263.21	29.0177
263.421	29.1305
263.679	29.3448
263.86	29.1994
263.799	29.0474
263.837	28.801
263.849	28.7174
263.765	28.9143
263.468	28.4278
263.464	28.3361
263.442	28.197
263.748	28.0445
263.93	28.0504
264.016	27.8104
263.84	27.436
264.141	27.412
264.27	27.1974
264	27.3393
264.239	27.4874
264.117	27.3294
264.133	26.8802
264.061	27.1041
264.188	26.8546
264.062	26.9862
263.997	26.6513
263.88	26.2748
263.78	26.8901
263.934	26.793
264.088	26.6751
264.691	26.3615
264.938	26.4746
264.888	26.3859
264.813	26.4368
265.137	26.498
265.236	26.2919
265.266	25.7832
265.277	25.7888
265.429	25.9287
265.652	26.1554
265.801	25.8013
266.017	25.6743
266.144	25.7013
266.473	25.531
266.415	25.519
266.459	25.7444
266.421	25.9385
266.547	26.2385
266.729	26.4829
266.677	26.7588
266.543	26.1663
266.661	26.3239
266.882	26.073
266.465	26.0606
266.836	26.2529
267.029	26.0693
266.938	26.0307
267.103	25.8796
266.968	26.0931
267.146	25.7149
267.546	25.6791
267.638	25.7576
268.057	25.721
268.096	25.0756
268.076	25.6059
268.361	25.6307
268.365	25.5304
268.503	25.3045
268.683	25.3538
269.136	25.3508
268.975	25.788
269.228	25.8214
269.424	25.5864
269.456	25.4629
269.765	25.2838
269.767	25.2747
269.926	25.2147
269.643	25.1155
269.958	25.1917
270.194	25.4184
270.161	25.6492
270.613	25.7812
270.472	25.7148
270.658	25.4449
270.416	25.0329
270.527	25.0298
270.539	25.3355
270.183	25.3939
270.177	25.0358
270.048	24.878
270.315	24.6185
270.35	24.7533
270.697	24.519
270.661	24.5267
270.809	24.5708
270.74	24.2149
270.685	24.2251
270.651	24.3997
270.717	24.1857
270.672	23.7725
270.453	23.8362
270.738	23.4786
270.437	23.7644
270.634	23.3633
270.425	23.0035
270.363	23.4168
270.391	23.3119
270.486	23.3142
270.865	22.8773
271.33	22.7613
271.251	22.8588
271.318	23.0159
271.45	22.8784
271.695	22.7289
271.514	22.1577
271.486	22.2795
271.839	22.1993
271.902	22.2403
272.216	22.2121
272.258	22.0004
272.433	21.9655
272.649	21.8485
272.751	22.0384
272.766	22.2144
272.482	22.6622
272.689	23.0122
272.749	23.1584
272.752	23.3603
272.789	23.0545
272.877	22.9004
273.002	22.7142
272.835	22.6269
272.846	23.1929
273.09	22.977
273.048	22.8393
273.207	22.5794
273.147	23.0261
273.187	22.328
273.534	22.442
273.876	22.5036
274.225	22.5005
274.318	22.2102
274.176	22.2173
274.395	22.4943
274.26	22.5039
274.529	22.3112
274.652	22.6128
274.952	22.506
274.896	23.0952
275.033	22.938
275.176	22.8272
275.349	22.585
275.567	22.5064
275.624	22.6928
275.938	22.4232
275.599	22.1445
275.742	22.2999
276.008	22.5944
275.97	22.635
276.266	22.4895
276.232	22.6236
276.651	22.3093
276.366	22.1883
276.34	22.2526
276.233	22.4793
276.107	22.2019
275.819	21.8697
275.773	21.8546
276.058	21.4207
276.17	21.6218
276.337	21.5835
276.524	21.6446
276.342	21.2919
276.412	21.1805
276.344	21.1595
276.409	21.318
276.429	21.3732
276.272	21.2072
276.257	21.0926
276.191	20.9858
276.203	20.7426
276.222	20.7572
276.208	20.1646
275.965	20.3955
275.85	20.4886
276.026	20.3919
276.39	20.2283
276.842	20.1092
276.709	20.0899
276.798	20.4815
276.839	20.5476
277.104	20.4829
276.99	20.1399
277.032	19.9515
277.219	20.1046
277.319	20.0987
277.48	19.86
277.652	19.7579
277.691	19.4175
278.031	19.6254
278.088	19.5189
278.069	19.6061
277.781	20.2918
278.144	20.525
278.14	20.9021
278.216	21.1599
278.063	21.2959
278.066	20.9842
278.265	20.9373
278.372	20.8664
278.077	20.9841
278.189	21.1429
278.368	21.1169
278.415	20.9264
278.332	21.1009
278.213	20.6241
278.715	20.7753
278.973	20.6007
279.155	20.7964
279.278	20.7844
279.466	20.5705
279.521	20.8502
279.393	20.9401
279.608	20.9168
279.683	20.8245
280.015	20.9734
279.982	21.3514
280.086	21.2189
280.147	21.261
280.282	21.0224
280.509	21.2456
280.702	21.5258
280.853	20.9927
280.821	20.685
280.64	20.6667
280.966	21.1024
280.951	21.3662
281.048	21.1911
281.19	21.543
281.39	21.1507
281.203	21.2627
281.246	21.2153
281.204	21.4762
281.04	21.4666
280.648	21.1045
280.753	21.0796
280.729	20.5831
280.915	20.7416
281.187	20.7866
281.226	20.8978
281.043	20.7558
281.118	20.4844
281.253	20.7384
281.056	20.798
281.201	21.0309
281.046	20.8908
280.971	20.6356
280.974	20.4387
280.886	20.3118
280.963	20.3176
280.785	19.8261
280.628	19.6642
280.486	19.9558
280.651	19.911
280.918	19.9756
281.414	19.8426
281.369	19.7287
281.466	19.8671
281.471	19.741
281.606	19.7819
281.726	19.7127
281.603	19.1352
281.721	19.133
281.695	19.1137
282.018	18.9914
282.077	18.7871
282.319	18.6306
282.385	18.6393
282.626	18.3134
282.492	18.4824
282.328	19.0434
282.696	19.1312
282.483	19.3677
282.818	19.5664
282.591	20.1967
282.55	19.5335
282.644	19.4706
282.586	19.4442
282.297	19.613
282.501	19.7048
282.671	19.4789
282.704	19.5498
282.716	19.579
282.59	19.242
282.773	19.0375
283.276	18.7342
283.343	19.1265
283.526	19.2161
283.578	18.9358
283.524	19.4096
283.716	19.4
283.772	19.4643
283.935	19.3071
284.048	19.4381
284.274	19.6829
284.177	19.9644
284.453	19.8376
284.536	19.3932
284.767	19.6402
284.921	19.5935
284.838	19.583
285.066	19.4787
284.621	19.4898
285.054	19.6898
285.008	20.0488
285.169	19.8258
285.391	19.8779
285.498	20.0541
285.41	19.5872
285.375	19.7314
285.35	19.7604
285.277	19.8649
284.901	19.5754
284.841	19.3782
284.713	19.208
285.009	18.7433
285.172	19.0523
285.182	19.219
285.014	19.1165
285.373	19.1877
285.331	18.9922
285.038	19.2927
285.148	19.2269
285.085	19.0624
285.11	18.8367
284.823	19.0486
284.973	18.9197
284.794	18.902
284.749	18.3666
284.576	18.1558
284.481	18.2894
284.608	18.1218
284.696	18.1735
285.178	17.8048
285.427	17.5142
285.352	17.6698
285.186	17.7484
285.407	17.8853
285.452	17.9547
285.541	17.4491
285.505	17.1578
285.688	17.2438
285.78	17.4207
286.026	17.099
286.111	17.0743
286.114	17.1271
286.496	16.8998
286.404	17.0285
286.353	17.3593
286.294	17.6606
286.359	18.0726
286.497	18.1946
286.457	18.7616
286.193	18.1572
286.348	18.0069
286.407	18.0285
286.129	18.0916
286.296	18.2503
286.516	18.1702
286.396	18.3828
286.54	18.2486
286.365	18.0664
286.438	17.6722
286.826	17.4037
286.887	17.7547
287.28	17.7073
287.284	17.7846
287.225	18.0126
287.401	18.1241
287.355	18.3181
287.495	18.2489
287.628	18.4061
287.975	18.257
287.769	18.5215
287.965	18.4241
288.232	18.2502
288.128	18.118
288.45	18.0617
288.403	18.1931
288.634	18.3453
288.247	18.2598
288.505	18.3378
288.643	18.9095
288.587	18.7534
289.062	18.583
288.792	18.7408
289.072	18.076
288.743	18.0331
288.941	17.9361
288.788	18.1835
288.379	18.0439
288.373	17.9948
288.178	17.8699
288.436	17.2762
288.421	17.3172
288.76	17.6496
288.748	17.5168
288.662	17.6062
288.6	17.3111
288.633	17.615
288.519	17.4234
288.546	17.433
288.391	17.3492
288.187	17.4503
288.414	17.3483
288.094	17.2015
288.201	17.0666
287.986	16.7069
287.861	16.7582
287.808	16.4584
287.872	16.7189
288.256	16.443
288.74	16.3261
288.512	16.3629
288.558	16.5908
288.657	16.5273
288.915	16.7078
288.609	16.2445
288.556	15.8712
288.841	15.8141
288.972	16.0315
289.17	15.7418
289.224	15.7385
289.304	15.8471
289.488	15.6966
289.496	15.7313
289.536	15.9156
289.192	16.1516
289.386	16.5796
289.443	16.8587
289.39	17.1726
289.315	17.0664
289.298	16.671
289.45	16.4918
289.252	16.6184
289.2	16.7465
289.376	16.5472
289.315	16.6902
289.435	16.5552
289.413	16.6293
289.267	16.2841
289.689	15.9641
289.993	15.7966
290.171	15.8327
290.335	15.8191
290.13	15.9084
290.32	16.4877
290.185	16.3161
290.44	16.4128
290.487	16.3776
290.674	16.3283
290.643	16.7046
290.763	16.4305
290.866	16.4628
290.954	16.0966
291.192	16.0491
291.207	16.4617
291.491	16.1484
291.209	16.0348
291.214	16.1947
291.471	16.5297
291.375	16.5524
291.633	16.4907
291.559	16.3897
291.889	15.7773
291.596	15.5903
291.58	15.6944
291.504	15.7707
291.344	15.5523
290.931	15.53
290.865	15.5713
291.104	15.2539
291.138	15.1695
291.259	15.4989
291.475	15.5175
291.277	15.3458
291.19	15.2872
291.203	15.3032
291.222	15.097
291.085	15.1514
291.079	15.0471
290.941	15.3399
290.828	15.3121
290.823	15.1063
290.792	15.069
290.785	14.798
290.366	14.7581
290.321	14.519
290.389	14.6152
290.739	14.6219
291.12	14.6282
291.067	14.4358
291.091	14.6348
291.07	14.6067
291.316	14.7897
291.323	14.8056
291.09	14.5182
291.31	14.4165
291.3	14.5957
291.569	14.1649
291.565	14.1151
291.65	14.1402
291.888	14.0269
291.941	13.7692
291.809	13.9387
291.548	14.2165
291.906	14.3249
291.792	14.7568
291.86	15.0721
291.73	15.465
291.658	14.9191
291.849	14.9216
291.815	14.9826
291.504	15.1
291.643	15.2808
291.81	15.0794
291.724	15.1636
291.647	15.4159
291.553	15.3305
291.912	15.1043
292.154	14.968
292.333	15.0431
292.504	14.9565
292.596	15.0448
292.518	15.6946
292.403	15.5878
292.605	15.6299
292.663	15.7529
292.97	15.721
292.912	16.1418
293.008	15.9772
293.035	16.1169
293.123	15.5032
293.356	15.6382
293.616	15.7774
293.538	15.5766
293.55	15.6831
293.268	15.4863
293.587	15.6512
293.481	15.7409
293.606	16.0594
293.719	15.86
293.898	15.629
293.737	15.4032
293.617	15.2597
293.608	15.3533
293.471	15.2586
293.1	15.3218
293.039	15.3299
293.058	15.1761
293.126	14.9583
293.385	14.9986
293.355	15.1225
293.178	15.1826
293.227	14.9642
293.292	14.9873
293.106	14.7953
293.207	14.8139
293.026	14.809
293.042	15.1572
292.848	15.0673
292.837	15.2515
292.86	14.9977
292.619	14.8083
292.421	14.8097
292.119	14.7419
292.422	14.7043
292.508	14.8006
293.02	14.5854
292.961	14.2826
293.036	14.2901
292.962	14.443
293.107	14.4469
293.224	14.8761
293.042	14.5734
293.101	14.6416
293.001	14.6085
293.388	14.5314
293.417	14.2291
293.614	14.4538
293.606	14.4492
293.781	14.2451
293.716	14.3999
293.587	14.7001
293.763	14.6964
293.446	15.0422
293.782	15.1157
293.6	15.8944
293.522	15.3587
293.528	15.2558
293.568	15.1852
293.127	15.5089
293.381	15.4995
293.416	15.2593
293.493	15.4374
293.526	15.6961
293.26	15.3969
293.464	15.0116
293.878	14.9104
293.899	15.2417
294.125	15.2003
294.119	15.1923
294.114	15.7731
294.231	15.6496
294.232	15.7835
294.36	15.5598
294.429	15.8971
294.738	15.9417
294.532	16.0713
294.811	16.4366
294.899	16.1639
294.975	16.0698
295.083	15.9274
295.043	15.8528
295.203	15.9481
294.756	15.675
295.13	15.8473
295.139	16.0584
295.177	16.2548
295.532	15.785
295.435	16.0151
295.36	15.5316
295.191	15.6614
295.141	15.4474
295.155	15.4145
294.733	15.4151
294.692	15.5888
294.401	15.6099
294.706	15.2028
294.77	15.1132
294.919	15.4401
294.763	15.5037
294.972	15.2938
294.825	15.2748
294.635	15.0885
294.665	14.9381
294.611	15.2011
294.459	15.3246
294.148	15.4814
294.38	15.44
294.126	15.3665
294.176	15.1497
293.982	14.8371
293.785	14.6621
293.8	14.5128
293.84	14.6848
294.394	14.4554
294.609	13.9789
294.348	13.9902
294.278	14.2147
294.468	14.3258
294.542	14.6679
294.477	14.6402
294.443	14.5201
294.601	14.4316
294.627	14.6511
294.821	14.4751
294.896	14.2813
294.871	14.3906
295.161	14.358
295.053	14.3851
295.044	14.5685
294.891	14.6839
294.956	14.917
294.977	14.9748
294.874	15.6377
294.706	15.5035
294.902	15.3955
294.817	15.3203
294.645	15.5077
294.657	15.6349
294.96	15.4259
294.732	15.7205
294.839	15.6334
294.676	15.5846
294.714	15.5231
295.074	14.8829
295.223	15.1623
295.588	15.4015
295.541	15.3271
295.41	15.5627
295.584	15.6939
295.468	15.802
295.556	15.9222
295.664	15.894
295.882	15.9557
295.81	15.9937
295.932	16.1966
296.18	15.9617
296.017	15.8884
296.363	15.7865
296.261	15.7245
296.484	15.521
296.151	15.3415
296.313	15.3315
296.406	15.6126
296.351	15.7971
296.725	15.6522
296.543	15.8617
296.832	15.4923
296.402	15.6935
296.508	15.5751
296.35	15.2694
296.027	15.3033
295.887	15.4816
295.809	15.4623
296.01	14.9618
295.987	14.5779
296.047	14.8652
296.206	14.7742
295.999	14.9395
296.026	14.8409
295.872	14.8372
295.863	14.447
295.89	14.6605
295.656	14.8783
295.529	15.0895
295.64	14.924
295.379	14.9666
295.435	14.9486
295.216	14.8594
295.003	14.6995
294.935	14.2363
295.034	14.4629
295.317	14.3862
295.891	14.3576
295.582	14.2264
295.582	14.4302
295.666	14.1901
295.857	14.3942
295.568	14.434
295.553	14.4379
295.706	14.4903
295.854	14.8123
295.999	14.457
296.081	14.5227
296.07	14.6821
296.292	14.7978
296.288	14.6643
296.302	14.6892
295.91	14.7496
296.144	14.7182
296.152	14.9482
296.119	15.319
295.9	15.4806
295.852	15.2826
296.061	15.1931
295.93	15.3829
295.842	15.1917
295.916	15.0792
295.962	15.1773
295.869	15.3402
295.808	15.3984
295.703	15.4013
296.17	14.8633
296.394	15.0873
296.556	15.2494
296.715	15.074
296.477	15.117
296.65	15.3142
296.573	15.1838
296.764	15.1711
296.737	15.3533
296.997	15.2511
296.78	15.3674
296.91	15.5873
297.036	15.4524
297.13	14.9236
297.282	14.7775
297.281	15.0627
297.523	14.8504
297.272	14.4347
297.257	14.4096
297.542	14.4555
297.463	14.8318
297.615	14.8452
297.547	14.7889
297.836	14.4817
297.604	14.7389
297.499	14.8149
297.291	14.4175
297.12	14.5232
296.792	14.616
296.73	14.5871
296.794	14.4519
296.875	14.0911
297.088	14.2532
297.134	14.199
296.988	14.3772
296.93	14.3251
296.884	14.3622
296.873	14.044
296.741	14.3011
296.701	14.4319
296.543	14.8203
296.406	14.8133
296.341	14.7306
296.295	14.751
296.27	14.9614
295.877	14.9871
295.753	14.5126
295.846	14.47
296.14	14.4797
296.589	14.5689
296.462	14.4745
296.505	14.7957
296.518	14.7129
296.599	14.7832
296.68	15.0054
296.519	14.8696
296.582	15.1138
296.577	14.829
296.809	14.6414
296.838	14.1932
297.003	14.4573
297.131	14.7346
297.144	14.6772
296.967	14.9248
296.838	14.7809
297.17	14.4657
296.881	14.4726
297.075	14.744
296.838	15.1654
296.774	14.8373
296.941	14.784
296.849	15.1341
296.533	14.9746
296.63	15.0983
296.787	14.8979
296.695	14.8435
296.61	15.0354
296.546	14.9736
296.87	14.5597
297.143	14.9061
297.332	15.2267
297.43	14.9639
297.496	14.7032
297.306	14.6879
297.435	14.4358
297.41	14.3502
297.586	14.3454
297.834	14.5015
297.779	14.8004
297.766	14.8317
297.863	14.7712
297.97	14.0696
298.124	14.2245
298.336	14.3106
298.192	14.1162
298.296	14.1624
297.954	14.1087
298.263	14.21
298.121	14.4981
298.241	14.9924
298.41	14.7705
298.483	15.2069
298.421	15.2397
298.325	15.3707
298.159	15.1289
298.082	14.8888
297.705	15.0867
297.672	15.0701
297.574	15.1921
297.704	14.7266
297.921	14.8422
297.927	14.7248
297.713	14.8103
297.795	14.6331
297.814	14.4387
297.614	14.2081
297.694	14.1621
297.479	14.4288
297.497	14.8145
297.28	14.6036
297.326	14.6743
297.226	14.3135
297.011	14.5475
296.758	14.754
296.544	14.2471
296.698	14.133
296.79	14.1843
297.325	14.4406
297.414	14.1895
297.356	14.3482
297.189	14.4767
297.451	14.2724
297.458	14.3004
297.329	14.4717
297.37	14.8983
297.295	14.7902
297.582	14.7641
297.628	14.6216
297.825	14.9117
297.815	14.9455
298.093	15.2584
297.93	15.5415
297.862	15.4058
297.864	15.4021
297.697	15.0622
297.886	15.0405
297.793	15.5964
297.594	15.5201
297.714	15.5867
297.771	15.9396
297.29	15.7984
297.455	15.9235
297.615	15.5705
297.6	15.8714
297.597	15.838
297.369	15.604
297.545	15.4806
297.922	15.5705
297.911	15.7096
298.202	15.6317
298.122	15.4974
298.143	15.0598
298.177	14.9061
298.194	14.8695
298.304	15.1558
298.447	14.8943
298.751	14.9538
298.491	15.0381
298.796	14.8991
298.801	14.4728
298.846	14.3398
298.99	14.4573
298.994	14.343
299.015	14.4787
298.687	14.0624
299.039	14.2276
299.028	14.3284
298.993	14.7858
299.415	14.7338
299.233	15.2539
299.23	15.1265
298.999	15.1636
298.992	15.0861
298.978	14.8086
298.551	15.016
298.463	15.0555
298.202	15.0383
298.509	15.0206
298.484	14.5255
298.724	14.8247
298.537	14.583
298.682	14.3748
298.591	14.365
298.407	14.1522
298.324	14.021
298.329	14.2235
298.178	14.2657
297.786	14.5723
298.045	14.4906
297.752	14.3695
297.886	14.4649
297.605	14.6241
297.484	14.1274
297.479	14.0952
297.443	14.3156
297.897	14.4387
298.143	14.3915
297.917	14.3018
297.914	14.2067
298.067	14.2794
298.171	14.4814
298.066	14.3924
297.928	14.5279
298.194	14.4904
298.045	14.4476
298.296	14.1649
298.354	14.2286
298.446	14.6258
298.63	15.0474
298.619	15.0369
298.566	14.6307
298.306	14.4228
298.375	14.2809
298.437	14.2589
298.292	14.5263
298.132	14.5572
298.338	14.6763
298.31	14.8762
298.121	15.0166
298.007	15.0115
298.284	14.7305
298.08	15.2056
298.252	15.1364
298.093	15.1115
298.053	15.3796
298.418	15.0831
298.618	15.0176
298.896	14.9831
298.92	14.8776
298.782	14.5833
298.935	14.5899
298.719	14.6657
298.865	14.967
298.967	14.8675
299.191	14.8239
299.023	14.7275
299.145	14.8993
299.347	14.4133
299.311	14.081
299.533	14.4505
299.477	14.4265
299.68	14.5466
299.291	14.218
299.379	14.1617
299.572	14.0197
299.602	14.2614
299.765	14.3407
299.71	14.6689
299.976	14.6519
299.575	14.8245
299.642	14.7977
299.498	14.6402
299.175	14.7247
298.946	14.7497
298.809	15.089
299.069	15.0547
299.046	14.6128
299.119	14.7515
299.259	14.5161
299.109	14.3348
299.083	14.3716
298.924	14.2502
298.926	14.2419
298.851	14.5018
298.707	14.4383
298.651	14.7851
298.513	14.6137
298.379	14.3825
298.408	14.5736
298.246	14.8603
298.031	14.7646
297.843	14.692
297.987	14.7992
298.241	14.9381
298.744	15.0404
298.469	15.0041
298.499	15.0503
298.474	15.0518
298.699	15.0108
298.531	15.0446
298.506	15.1547
298.621	15.1541
298.676	15.1085
298.836	14.835
298.849	14.8071
298.917	15.1238
299.226	15.725
299.156	15.2602
299.149	15.4553
298.824	15.2684
299.093	15.0003
298.952	15.056
299.01	15.0293
298.784	15.1688
298.678	15.0798
298.915	14.949
298.835	15.2747
298.642	14.9467
298.68	14.9673
298.716	15.0864
298.748	15.225
298.627	15.2409
298.475	15.1212
298.922	14.7536
299.086	15.3776
299.365	15.3229
299.479	15.4187
299.376	15.2717
299.413	14.9248
299.355	14.9611
299.528	14.8717
299.507	15.2657
299.822	15.1777
299.677	15.0893
299.664	15.1232
299.784	15.0871
299.835	14.7875
300.058	14.9902
300.138	15.1116
300.253	15.0956
300.114	14.8962
299.996	14.9082
300.301	14.5176
300.19	14.5291
300.316	14.64
300.222	14.8347
300.515	15.2519
300.259	15.4318
300.212	15.383
300.097	15.4109
299.908	15.2665
299.491	15.3708
299.505	15.5847
299.587	15.4609
299.679	15.3741
299.874	15.4692
299.846	15.1548
299.684	15.1908
299.722	15.019
299.649	14.8735
299.497	14.7589
299.537	15.0601
299.456	14.909
299.223	14.9391
299.167	15.0814
299.04	14.7303
299.098	14.567
298.944	14.9562
298.634	14.9819
298.472	14.7907
298.572	14.9758
298.88	14.8186
299.276	15.1804
299.163	15.1109
299.229	15.2793
299.145	15.3369
299.284	15.2648
299.435	15.5359
299.209	15.8091
299.279	15.8956
299.197	15.6823
299.548	15.5894
299.503	15.2931
299.614	15.5886
299.808	15.7573
299.874	15.6075
299.712	15.7384
299.528	15.3119
299.84	15.1955
299.609	14.7512
299.8	14.7691
299.486	14.9384
299.492	14.9212
299.583	14.5741
299.481	15.0396
299.1	14.9492
299.283	14.6801
299.462	14.6302
299.386	14.7372
299.293	15.0543
299.133	15.0422
299.405	15.0255
299.779	15.2857
299.92	15.2864
300.012	15.2414
300.057	15.289
299.897	14.9056
300.015	14.9307
299.986	14.9808
300.195	15.044
300.351	14.8373
300.403	14.7357
300.284	14.6993
300.412	14.7259
300.575	14.5427
300.684	14.5008
300.944	14.6867
300.707	14.6423
300.862	14.7147
300.455	14.5955
300.848	14.4813
300.672	14.1533
300.751	14.1859
300.932	14.2584
301.025	14.7243
300.902	14.8278
300.826	15.0148
300.753	15.1339
300.619	14.9177
300.229	15.3397
300.129	15.6279
300.009	15.631
300.235	15.8942
300.355	15.4711
300.368	15.3389
300.084	15.325
300.293	15.173
300.359	15.1833
300.008	15.0016
300.151	14.9877
299.955	14.9669
299.894	14.7839
299.74	14.9875
299.752	14.9652
299.597	14.6942
299.444	14.954
299.207	15.2335
299.001	14.9224
299.099	15.1799
299.188	15.0357
299.702	15.4572
299.85	15.1997
299.735	15.3898
299.594	15.4373
299.826	15.5067
299.824	15.6627
299.804	15.879
299.742	16.0714
299.8	15.5951
299.943	15.5699
300.073	15.5058
300.19	15.5361
300.255	15.6767
300.506	15.9289
300.337	15.8849
300.329	15.4534
300.217	15.6316
300.199	15.425
300.336	15.2185
300.213	15.1398
300.007	15.3882
300.023	15.2717
300.178	15.5008
299.718	15.329
299.941	15.1049
300.08	15.3035
299.911	15.3711
299.965	15.6958
299.752	15.4298
299.88	15.6145
300.201	15.7173
300.215	15.7182
300.587	15.8594
300.519	16.1038
300.478	15.543
300.658	15.3238
300.564	15.4728
300.637	15.5819
300.744	15.4596
301.142	15.2607
300.876	15.1899
301.079	15.2877
301.218	15.2709
301.152	15.1393
301.377	15.5702
301.341	15.215
301.455	15.2009
301.061	15.1993
301.332	15.1608
301.451	14.9131
301.392	14.8052
301.729	14.4627
301.512	14.9216
301.588	14.9247
301.352	15.4384
301.371	15.6025
301.315	15.5158
300.889	15.5755
300.828	15.8848
300.605	16.2352
300.834	16.4902
300.809	16.1855
301.065	16.0598
300.981	16.0837
301.023	15.7894
300.929	15.9135
300.772	16.0312
300.688	15.977
300.678	16.0804
300.555	15.8379
300.317	15.8404
300.506	15.7817
300.11	15.5867
300.295	15.7854
300.006	16.116
299.846	15.7909
299.821	15.8593
299.838	15.9339
300.177	16.1039
300.572	16.1623
300.408	16.0056
300.404	16.1706
300.494	16.2172
300.665	16.4646
300.424	16.4357
300.326	16.7646
300.596	16.4495
300.585	16.3212
300.824	16.2431
300.824	16.5301
300.928	16.5516
301.121	16.6701
301.141	16.5944
301.068	16.2069
300.76	15.9254
300.885	15.6673
300.858	15.4149
300.802	15.3053
300.79	15.4386
300.81	15.8441
300.845	15.8987
300.606	15.9558
300.58	15.6054
300.727	15.7538
300.623	15.9826
300.733	16.0359
300.616	15.853
300.592	16.1561
300.862	16.0166
301.153	16.1926
301.427	16.4377
301.442	16.9004
301.232	16.6212
301.435	16.184
301.223	16.0232
301.437	16.2228
301.517	15.9672
301.794	15.8718
301.652	15.5176
301.682	15.6371
301.805	15.7724
301.946	15.8942
302.077	16.126
302.052	15.9487
302.299	15.6696
301.905	15.8887
302.007	15.6158
302.242	15.3077
302.148	14.9964
302.345	14.6231
302.289	14.7932
302.612	14.879
302.258	15.1534
302.181	15.3728
302.011	15.3324
301.85	15.6017
301.459	16.2616
301.408	16.591
301.648	16.8986
301.691	16.6512
301.778	16.7464
301.895	16.649
301.715	16.6045
301.723	16.782
301.548	16.9942
301.582	16.8415
301.533	16.8179
301.366	16.6634
301.272	16.526
301.163	16.3734
301.086	16.255
301.101	16.4093
301.013	16.5816
300.713	16.4571
300.552	16.3492
300.699	16.7645
300.965	16.6613
301.354	16.7828
301.188	16.6
301.236	16.8752
301.202	16.7077
301.424	16.7705
301.261	16.8393
301.239	17.2837
301.39	16.9959
301.446	16.9856
301.575	16.9365
301.666	17.1369
301.648	17.2131
301.936	17.3479
301.932	17.2851
301.88	17.2066
301.521	16.7625
301.829	16.5591
301.797	16.1916
301.802	15.9443
301.618	15.9578
301.511	16.3635
301.702	16.2033
301.736	16.1946
301.403	16.1696
301.473	16.2112
301.583	16.5683
301.585	16.8289
301.437	16.7535
301.276	16.8983
301.739	16.7911
301.943	17.0471
302.111	17.1093
302.197	17.5843
302.323	17.4102
302.336	16.9264
302.138	16.7498
302.339	16.6011
302.346	16.5343
302.63	16.6173
302.517	16.0745
302.63	16.112
302.643	16.3007
302.716	16.3855
302.894	16.369
303.066	16.3192
303.188	16.1822
303.066	16.2407
302.858	16.3288
303.139	16.0338
303.064	15.6779
303.133	15.3798
303.199	15.1837
303.361	15.5632
303.14	15.7105
303.156	16.0925
303.041	16.319
302.826	16.5366
302.424	16.9575
302.442	17.0931
302.407	17.3967
302.572	17.7612
302.767	17.9021
302.779	17.857
302.554	17.8904
302.62	18.051
302.708	18.3558
302.468	18.0973
302.555	17.9514
302.379	17.934
302.269	17.9552
302.227	17.7329
302.077	17.7851
302.128	17.733
301.91	17.7299
301.705	17.5734
301.508	17.4214
301.63	17.5912
301.893	17.5087
302.331	17.7799
302.246	17.4314
302.299	17.5574
302.317	17.4556
302.369	17.8504
302.463	17.6193
302.296	17.9759
302.385	17.7504
302.327	17.47
302.583	17.6661
302.623	17.4301
302.805	17.4192
302.894	17.3363
303.025	17.6366
302.878	17.7948
302.672	17.3849
303.008	16.9531
302.708	16.5479
303.028	16.5382
302.771	16.2212
302.693	16.7795
302.714	16.8312
302.65	17.002
302.297	16.8973
302.5	16.7144
302.613	17.1838
302.597	17.2846
302.619	17.3358
302.415	17.3616
302.547	17.5018
303.046	17.5509
303.054	17.4949
303.217	17.575
303.22	17.7485
303.132	17.399
303.293	17.1094
303.342	17.0304
303.438	17.0492
303.514	17.1477
303.734	17.1157
303.587	16.8621
303.824	17.1076
303.858	17.2902
304.079	17.2395
304.168	17.5729
304.054	17.32
304.262	17.3303
303.781	17.6488
304.14	17.3801
304.084	17.2016
304.226	16.6819
304.402	16.4116
304.448	16.6727
304.326	16.738
304.274	17.1621
304.174	17.5646
304.088	17.2077
303.636	17.6663
303.592	17.6749
303.424	17.7667
303.672	18.4571
303.817	18.4675
303.812	18.6541
303.646	18.5758
303.919	18.659
303.85	18.7766
303.538	18.6697
303.63	18.3537
303.502	18.2864
303.47	18.4065
303.202	18.1434
303.334	18.2763
303.089	17.9267
303.046	18.0914
302.805	18.0062
302.716	17.6612
302.791	17.8365
302.826	17.9318
303.279	18.1193
303.514	17.9681
303.394	17.9613
303.19	17.7459
303.418	18.0899
303.43	18.1618
303.474	18.4264
303.41	18.2112
303.558	18.2014
303.641	17.8414
303.82	17.8456
303.871	17.8397
303.862	17.8384
304.199	17.9494
304.09	18.1033
303.992	18.0175
303.932	17.5048
303.969	17.525
304.063	17.5029
303.997	17.2292
303.675	17.7236
303.838	17.7854
303.874	17.858
303.526	18.0214
303.678	17.818
303.883	18.009
303.71	17.9846
303.82	18.1456
303.639	17.8646
303.7	18.3051
304.033	18.127
304.072	17.9069
304.473	18.0247
304.447	18.3893
304.349	18.2429
304.492	18.211
304.432	17.9508
304.554	17.7164
304.648	17.7283
304.928	17.8947
304.744	17.7604
304.884	17.9715
305.14	18.1748
305.007	18.26
305.324	18.4116
305.209	18.1539
305.391	18.144
305.02	18.4902
305.232	18.5893
305.351	18.2295
305.254	17.8827
305.698	17.554
305.432	17.6339
305.682	17.7678
305.318	18.4327
305.487	18.4782
305.288	18.3711
304.921	18.7812
304.872	18.7451
304.636	18.7516
304.87	19.3724
304.812	19.4488
305.143	19.6643
305.091	19.4717
305.02	19.5981
304.945	19.6646
304.944	19.636
304.827	19.5743
304.841	19.534
304.691	19.8227
304.429	19.6447
304.675	19.5572
304.312	19.3239
304.431	19.3237
304.146	19.3609
304.031	19.1334
303.98	19.3289
304.034	19.376
304.392	19.4143
304.877	19.3309
304.634	19.3246
304.672	18.963
304.744	19.4286
304.976	19.5243
304.652	19.5967
304.595	19.2402
304.866	19.3328
304.942	19.0277
305.167	19.0142
305.183	19.0518
305.218	19.0073
305.406	19.0282
305.394	19.281
305.46	19.2812
305.07	18.9278
305.203	18.9654
305.294	19.0726
305.229	19.0485
305.141	19.0175
305.057	19.2148
305.261	19.1899
305.006	19.1856
304.964	18.9461
305.127	19.0236
305.072	18.7868
305.176	18.98
305.105	18.6883
304.976	19.0549
305.33	19.1595
305.654	19.0154
305.794	18.7482
305.945	19.2358
305.739	18.9572
305.911	18.8727
305.765	18.6238
306.006	18.4162
306.045	18.3281
306.217	18.2397
306.157	17.8954
306.239	17.97
306.352	18.1856
306.413	18.5126
306.61	18.5126
306.62	18.4542
306.894	18.5901
306.597	18.8975
306.579	18.8478
306.843	18.4157
306.741	18.2271
307.012	18.1098
306.867	18.2638
307.188	18.4594
306.895	18.7968
306.84	18.6462
306.746	18.6158
306.571	18.6327
306.163	18.6739
306.088	18.2774
306.328	18.8565
306.297	19.13
306.451	19.0997
306.646	19.0487
306.432	19.2165
306.337	19.2306
306.368	19.5045
306.363	19.3788
306.215	19.438
306.172	19.4778
306.06	19.4524
305.911	19.6712
305.897	19.69
305.858	19.3821
305.887	19.309
305.452	18.9367
305.37	19.1813
305.435	19.483
305.783	19.4542
306.172	19.5746
306.082	19.4661
306.068	19.4689
306.08	19.5133
306.295	19.689
306.302	19.5829
306.055	19.795
306.308	19.8923
306.257	19.66
306.498	19.3143
306.51	19.4869
306.59	19.5418
306.842	19.7669
306.856	19.971
306.715	20.3056
306.443	20.0031
306.801	20.1247
306.689	19.9647
306.775	19.9819
306.663	19.8933
306.544	20.0453
306.709	19.9964
306.693	19.8479
306.355	19.7277
306.501	19.5503
306.643	19.4802
306.56	19.4403
306.482	19.2755
306.379	19.3013
306.754	19.5714
306.957	19.6263
307.167	19.3243
307.295	19.8097
307.357	19.8405
307.307	19.7708
307.195	19.7254
307.407	19.4535
307.419	19.4685
307.723	19.3344
307.672	19.2239
307.752	19.1716
307.744	19.2786
307.845	19.7605
308.117	19.3563
308.309	19.566
308.225	19.9408
308.218	19.8835
307.95	20.0546
308.262	19.7402
308.149	19.6896
308.266	19.5414
308.368	19.6768
308.543	19.8798
308.382	19.9758
308.284	20.0683
308.265	19.8908
308.119	19.9168
307.701	20.2089
307.642	19.7593
307.686	19.9003
307.737	20.2363
307.965	20.4177
307.98	20.5351
307.805	20.8295
307.865	20.9063
307.921	20.8166
307.719	20.8105
307.866	20.5986
307.669	20.6032
307.667	20.8299
307.5	20.725
307.446	20.8605
307.505	20.7347
307.257	20.4989
307.038	20.3894
306.763	20.3462
307.064	20.6423
307.159	20.8535
307.659	20.8109
307.618	20.8212
307.723	20.8195
307.616	20.5982
307.749	20.9106
307.857	20.492
307.693	21.1591
307.732	21.2251
307.664	21.0507
308.036	20.9328
308.099	21.1578
308.249	21.2116
308.247	21.2423
308.474	21.4289
308.398	21.5954
308.245	21.4714
308.453	21.5614
308.129	21.5264
308.473	21.5684
308.262	21.1085
308.206	21.5127
308.247	21.3417
308.275	21.406
307.836	21.0417
308.125	20.8668
308.156	20.9058
308.201	20.4976
308.237	20.6302
307.99	20.2751
308.157	20.5696
308.603	20.7964
308.611	20.5414
308.874	20.5072
308.841	21.0669
308.813	20.7234
308.955	20.7732
308.963	20.4038
309.122	20.4712
309.154	20.4012
309.468	20.5023
309.259	20.206
309.521	20.1525
309.617	20.6172
309.683	20.6554
309.838	20.554
309.796	20.8081
309.926	20.9659
309.433	21.3374
309.846	21.2847
309.89	20.9843
309.909	20.7506
310.229	20.8981
310.167	20.9567
310.097	21.0476
309.948	21.2763
309.847	21.2035
309.892	21.0351
309.467	21.2116
309.432	21.0916
309.168	20.7245
309.461	21.1376
309.558	21.3698
309.681	21.5331
309.517	21.5829
309.748	21.8462
309.614	21.8537
309.448	21.8423
309.447	21.7414
309.389	21.6217
309.301	21.8396
308.997	21.564
309.206	21.897
308.954	21.6418
309.041	21.48
308.825	21.6715
308.635	21.4749
308.664	21.6374
308.693	22.0503
309.282	22.2294
309.469	22.2015
309.231	22.2817
309.189	21.9835
309.403	22.0325
309.473	22.0128
309.423	22.3293
309.451	22.2699
309.549	22.6872
309.609	22.4422
309.809	22.609
309.901	22.9056
309.899	23.0304
310.181	22.9775
310.081	23.4512
310.138	23.5377
309.954	23.5416
310.033	23.3653
310.081	23.3586
310.04	22.8947
309.84	23.2796
310.022	23.2098
309.957	23.1649
309.792	23.1773
309.809	22.8644
310.091	22.9828
309.946	22.4818
310.052	22.5691
309.877	22.2579
309.874	22.2769
310.303	22.6133
310.503	22.5928
310.803	22.5319
310.765	22.9633
310.67	22.5952
310.812	22.7139
310.704	22.5889
310.805	22.2203
310.935	21.9884
311.208	21.9882
311.079	21.886
311.201	21.8053
311.503	22.0557
311.296	22.3486
311.634	22.1464
311.57	22.2116
311.792	22.2056
311.471	22.6655
311.636	22.3493
311.739	22.3984
311.684	22.2223
312.073	22.4391
311.875	22.1996
312.201	22.3277
311.749	22.5926
311.905	22.589
311.73	22.4795
311.415	22.1417
311.257	22.3344
311.207	21.8651
311.417	22.2397
311.399	22.4907
311.518	22.6287
311.653	22.5688
311.461	22.9675
311.484	23.0591
311.36	23.0625
311.368	22.9852
311.361	22.9369
311.182	23.0549
311.042	22.9425
311.188	23.0491
310.898	23.2399
310.966	22.9209
310.783	23.0124
310.584	23.0233
310.538	23.1998
310.66	23.3724
310.964	23.4778
311.527	23.2482
311.23	23.4481
311.278	23.0752
311.339	23.1788
311.555	23.2191
311.282	23.1465
311.265	23.2366
311.422	23.8076
311.592	23.4875
311.771	23.5584
311.854	23.8471
311.877	24.1403
312.142	23.9879
312.075	24.454
312.152	24.6797
311.789	24.4981
312.032	24.379
312.047	24.7295
312.01	24.6591
311.811	24.7531
311.807	24.8721
312.026	24.8799
311.919	24.9145
311.82	24.658
311.95	24.6324
311.959	24.2539
311.928	24.2275
311.869	23.9668
311.794	24.2057
312.266	24.5207
312.502	24.4571
312.691	24.4026
312.816	24.7391
312.652	24.6083
312.795	24.3791
312.791	24.2008
312.986	24.0101
312.95	23.7254
313.236	23.5954
313.013	23.7417
313.157	23.497
313.255	23.5384
313.374	23.953
313.543	23.7614
313.588	23.8227
313.845	24.1472
313.608	24.5488
313.631	24.4652
313.952	24.5028
313.804	24.2531
313.99	24.1538
313.947	24.1235
314.25	24.3434
314.056	24.3747
313.925	24.3766
313.781	24.3439
313.612	23.9302
313.302	24.2179
313.227	23.6359
313.344	23.8648
313.464	23.9137
313.626	23.9437
313.728	24.1577
313.569	24.3944
313.55	24.4154
313.516	24.5425
313.471	24.4222
313.419	24.2567
313.39	24.3326
313.232	24.3425
313.127	24.3409
313.076	24.6553
313.067	24.4351
313.063	24.3106
312.652	24.0849
312.55	24.2803
312.64	24.4198
313.004	24.5552
313.381	24.4868
313.325	24.4428
313.389	24.3616
313.408	24.1753
313.519	24.5032
313.624	24.3253
313.503	24.44
313.52	24.9535
313.573	24.8766
313.808	24.855
313.858	25.0993
314.04	25.268
314.182	25.1087
314.225	25.7657
314.102	26.03
313.96	26.0633
314.295	26.0588
314.087	26.1642
314.269	26.5172
314.057	26.2708
314.028	26.4724
314.201	26.6144
314.127	26.4341
313.859	26.5382
313.96	26.2914
314.201	26.4026
314.107	25.9547
314.022	26.1559
313.971	26.01
314.378	26.4349
314.622	26.3892
314.799	26.3169
314.946	26.4357
315.049	26.6574
314.889	26.2154
315.001	26.2126
315.051	26.0756
315.215	25.8264
315.492	25.5385
315.461	25.697
315.441	25.507
315.59	25.1814
315.692	25.6664
315.833	25.6125
316.104	25.8983
316.003	26.0128
316.123	26.181
315.772	26.4873
316.129	26.449
316.005	26.457
316.157	26.3389
316.355	26.308
316.425	26.3941
316.388	26.5059
316.326	26.3841
316.161	26.4331
316.118	26.0313
315.768	26.2141
315.75	26.093
315.664	25.9054
315.791	26.0045
316.058	25.8707
316.057	25.9847
315.88	26.5612
315.983	26.6481
316.032	26.5456
315.854	26.6945
315.951	26.3874
315.798	26.5575
315.823	26.8356
315.649	26.6276
315.664	26.7029
315.595	26.9184
315.433	26.7251
315.208	26.838
315.021	26.8592
315.18	27.0132
315.31	27.2168
315.91	26.962
315.954	27.0598
315.96	26.9054
315.804	26.7005
316.1	26.6984
316.121	26.7057
316.01	26.5624
316.091	26.8649
316.058	26.9704
316.361	26.7804
316.428	27.1219
316.664	27.3317
316.702	27.4259
316.961	27.6864
316.846	28.1741
316.793	28.2542
316.836	28.2536
316.691	28.3327
316.906	28.7052
316.858	28.5129
316.681	28.6488
316.828	28.4627
316.906	28.5596
316.445	28.4795
316.686	28.3122
316.832	28.2209
316.808	27.6233
316.862	27.9636
316.673	27.9857
316.818	28.361
317.25	28.6536
317.307	28.292
317.634	28.174
317.564	28.4416
317.602	28.2014
317.669	28.211
317.707	28.0904
317.813	27.6871
318.008	27.7801
318.336	28.0118
318.076	27.692
318.368	27.3282
318.461	27.7684
318.51	28.0513
318.679	28.1472
318.704	28.1706
318.804	27.9528
318.471	28.5405
318.838	28.3354
318.864	28.2176
318.861	28.0408
319.293	28.4332
319.159	28.3678
319.16	28.406
318.946	28.273
318.989	28.3753
318.989	27.9646
318.579	27.9766
318.52	28.038
318.316	27.5352
318.609	27.9306
318.635	27.8244
318.891	27.9265
318.754	28.2163
318.932	28.6553
318.849	28.5852
318.701	28.7841
318.661	28.6742
318.701	28.6115
318.573	28.9128
318.216	28.7279
318.529	28.9661
318.257	28.9249
318.369	28.8707
318.16	29.0095
318.047	28.8429
318.111	29.0082
318.097	29.4097
318.538	29.2377
318.847	29.3685
318.666	29.4827
318.684	29.1985
318.863	29.1572
319.005	29.233
318.926	29.1386
318.843	29.1988
319.147	29.3923
319.048	29.1681
319.312	29.2479
319.39	29.4872
319.512	29.5056
319.75	29.601
319.795	30.3567
319.778	30.4325
319.538	30.333
319.674	30.1144
319.735	30.633
319.637	30.5959
319.477	30.5318
319.757	30.4275
319.739	30.4561
319.588	30.4728
319.519	30.31
319.844	30.1619
319.68	29.697
319.884	29.853
319.779	29.93
319.761	30.2274
320.138	30.4133
320.362	30.2542
320.67	30.1449
320.749	30.3506
320.603	30.1226
320.773	30.119
320.648	30.019
320.827	29.6176
320.937	29.6452
321.178	29.6781
321.062	29.6209
321.237	29.3433
321.42	29.3963
321.419	29.9098
321.675	30.1874
321.659	30.026
321.917	29.9647
321.537	30.372
321.661	30.3419
321.881	30.4639
321.941	30.2066
322.128	30.3776
322.118	30.501
322.438	30.5879
322.057	30.6347
322.128	30.5443
322.023	30.4037
321.741	30.3183
321.537	30.589
321.427	29.9456
321.727	30.1427
321.762	29.9849
321.86	30.2079
322.046	30.3031
321.927	30.8312
321.951	31.0843
321.817	31.0753
321.825	31.389
321.84	30.9821
321.718	31.1139
321.688	31.2372
321.575	31.3482
321.471	31.7668
321.552	31.5511
321.44	31.3496
321.236	31.3686
321.129	31.6962
321.297	32.0287
321.6	32.2014
322.143	32.0218
321.892	32.0749
321.944	31.9796
321.999	31.6394
322.235	31.7138
322.118	31.4031
322.097	31.2437
322.289	31.5097
322.389	31.3056
322.582	31.4087
322.619	31.6735
322.733	31.7237
323.038	31.8797
323.021	32.5439
323.056	32.6946
322.77	32.4572
323.084	32.3672
323.015	32.9858
323.096	32.963
322.895	32.768
322.844	32.5574
323.153	32.7476
323.089	32.5623
322.953	32.6105
323.024	32.4609
323.087	32.077
323.162	31.9389
323.086	32.2452
322.942	32.6048
323.484	32.6993
323.681	32.4714
323.95	32.4911
324.138	32.5862
324.076	32.3943
324.142	32.3993
324.094	32.4091
324.305	32.1609
324.3	31.8831
324.695	31.7579
324.545	31.9657
324.564	31.7502
324.766	31.5168
324.815	32.2023
325.06	32.1452
325.179	32.3384
325.327	32.2806
325.271	32.4924
325.17	32.8837
325.498	32.7729
325.416	32.6081
325.586	32.8081
325.563	32.9865
325.849	33.0099
325.663	33.1616
325.677	33.1468
325.557	33.1231
325.427	33.0872
325.076	33.2295
325.122	32.8364
325.202	32.665
325.362	32.5877
325.57	32.2754
325.624	32.7101
325.49	33.0866
325.516	33.322
325.527	33.3845
325.405	33.6107
325.444	33.4373
325.425	33.1707
325.271	33.5492
325.287	33.4737
325.151	33.6402
325.223	33.62
325.132	33.294
324.866	33.4267
324.766	33.5248
324.877	33.902
325.236	34.219
325.699	33.9776
325.616	33.86
325.735	33.8607
325.705	33.3766
325.889	33.7137
326.076	33.5234
325.882	33.0571
326.004	33.6705
325.969	33.4582
326.33	33.2765
326.335	33.7501
326.52	33.5637
326.756	33.7487
326.839	34.2902
326.74	34.3904
326.6	34.4918
326.996	34.4567
326.744	34.6845
326.994	34.7541
326.733	34.8217
326.789	34.6898
326.948	34.8968
326.836	34.806
326.568	34.965
326.777	34.8444
327.014	34.7777
326.982	34.2763
326.917	34.6608
326.867	34.7782
327.149	34.8683
327.568	34.7362
327.743	34.766
327.859	34.687
327.932	34.8464
327.848	34.8715
328.028	35.0696
328	34.5493
328.268	34.4335
328.473	34.2798
328.565	34.5551
328.51	34.2057
328.671	34.0928
328.853	34.6538
329.046	35.0058
329.323	35.2656
329.151	35.0673
329.323	35.1173
329.003	35.3522
329.425	34.9776
329.313	35.1574
329.451	35.1161
329.656	35.2704
329.842	35.381
329.741	35.6436
329.716	35.6302
329.659	35.391
329.611	35.3184
329.249	35.7414
329.182	35.3133
329.115	35.1017
329.387	35.2354
329.603	35.0451
329.62	35.3479
329.408	35.7205
329.673	35.9968
329.759	35.7667
329.447	35.9509
329.676	35.7385
329.48	35.6749
329.506	35.8065
329.378	35.4992
329.469	35.5228
329.329	35.7563
329.23	35.3918
329.051	35.5621
328.904	35.4458
329.038	35.7505
329.191	36.2125
329.736	35.9746
329.927	36.1568
329.869	35.6618
329.752	35.3921
330.032	35.5814
330.11	35.5047
330.109	35.1073
330.099	35.1983
330.209	35.4608
330.385	35.1647
330.594	35.4278
330.712	35.5942
330.834	35.6244
331.144	35.7711
331.019	36.0942
331.047	36.1503
330.972	36.2214
331.012	36.2435
331.187	36.3639
331.131	36.6599
330.968	36.5314
331.044	36.6233
331.264	36.8079
330.869	36.8663
331.106	36.8633
331.292	36.7095
331.217	36.1744
331.284	36.4415
331.115	36.4087
331.294	36.7813
331.674	36.7888
331.735	36.7891
332.145	36.6573
332.152	37.0637
332.124	36.8433
332.331	37.0686
332.296	36.7169
332.438	36.6151
332.562	36.7149
333.018	36.9074
332.792	36.6234
333.052	36.5629
333.25	36.9101
333.239	37.1983
333.482	37.531
333.53	37.4447
333.661	37.304
333.309	37.486
333.645	37.2277
333.821	37.2498
333.799	37.0435
334.182	37.1576
333.994	37.2633
334.15	37.1606
333.983	37.5442
334.03	37.3979
334.034	37.3243
333.651	37.6126
333.645	37.4775
333.444	37.1778
333.734	37.1547
333.771	37.0689
334.078	37.1703
334.032	37.3748
334.061	37.7046
334.084	37.6554
333.942	37.9014
333.915	37.7551
333.929	37.7644
333.896	37.7858
333.708	37.629
333.93	37.636
333.576	37.6105
333.804	37.5306
333.556	37.3057
333.456	37.3865
333.459	37.2915
333.531	37.9672
333.949	37.8055
334.379	37.7221
334.246	37.6123
334.287	37.2486
334.426	37.2413
334.61	37.4592
334.42	36.8995
334.406	36.4965
334.7	36.8185
334.72	36.4012
335.018	36.5242
335.032	36.6472
335.224	36.7061
335.45	36.7519
335.492	37.2708
335.494	37.2169
335.244	37.1398
335.358	37.0684
335.415	37.539
335.386	37.5691
335.444	37.4985
335.496	37.4557
335.589	37.7122
335.383	37.9132
335.43	37.7449
335.636	37.6987
335.567	37.3158
335.746	37.2438
335.671	37.6738
335.674	37.9299
335.992	38.0258
336.326	37.8013
336.664	37.8474
336.696	38.0537
336.568	37.9493
336.812	38.3438
336.657	38.0872
336.871	38.2136
337.023	38.3382
337.354	38.3787
337.223	38.2393
337.335	38.2757
337.499	38.3651
337.651	38.8099
337.896	38.9038
337.878	39.1747
338.194	38.8663
337.832	38.9226
337.994	38.8145
338.283	38.7169
338.258	38.498
338.493	38.6482
338.507	38.9078
338.845	39.0014
338.575	39.113
338.584	38.6575
338.426	38.8491
338.282	38.9798
337.939	39.0684
337.969	38.6264
338.268	38.6753
338.324	38.5639
338.472	38.6109
338.664	38.566
338.521	38.9759
338.545	39.3083
338.457	39.1061
338.489	39.2616
338.519	39.1204
338.341	39.117
338.317	39.2328
338.263	39.218
338.226	39.3812
338.3	39.0738
338.234	38.6709
337.981	38.5771
337.925	38.6889
338.066	38.8929
338.394	39.2259
338.826	39.1148
338.665	38.9749
338.793	38.7107
338.803	38.3686
339.049	38.4653
338.927	37.9621
338.99	37.6623
339.152	38.0323
339.272	37.4701
339.429	37.651
339.531	37.8119
339.568	38.0427
339.964	37.7482
339.95	38.0458
339.919	38.0384
339.635	37.8094
340.013	37.9667
339.996	38.2107
340.07	38.2412
339.89	38.2538
339.869	38.0861
340.08	38.3149
340.147	38.2682
339.899	38.5312
340.004	38.3611
340.158	38.3074
340.155	37.9311
340.127	38.2124
339.987	38.6067
340.498	38.5414
340.743	38.2521
340.963	38.5095
341.133	38.6199
341.252	38.6405
341.306	38.901
341.15	38.8637
341.395	39.2717
341.435	38.9609
341.767	39.0658
341.707	39.1254
341.886	39.0761
341.935	39.2572
342.057	39.6206
342.304	39.6286
342.517	40.0179
342.69	39.7133
342.576	39.4386
342.461	39.7927
342.769	39.5932
342.761	39.3794
342.842	39.5023
342.993	39.6103
343.235	39.9315
343.062	40.1126
343.145	39.7954
343.044	39.8012
342.912	40.2724
342.554	40.2126
342.588	40.0509
342.607	39.9681
342.817	40.0356
343.067	39.9857
343.106	40.1314
342.914	40.6112
343.053	40.8395
343.148	40.7181
342.971	40.7995
343.112	40.5784
343.012	40.5367
342.906	40.9288
342.923	40.8389
342.805	41.0092
342.923	41.029
342.772	40.3716
342.574	40.3687
342.432	40.2273
342.609	40.199
342.922	40.6906
343.375	40.3834
343.331	40.4463
343.457	40.3312
343.509	39.8852
343.594	40.1552
343.755	39.7438
343.604	39.4056
343.765	39.4352
343.715	39.2024
344.034	39.1155
344.115	39.3197
344.365	39.3459
344.503	39.2874
344.654	39.4025
344.588	39.2362
344.426	39.2089
344.785	39.1945
344.524	39.5109
344.887	39.3619
344.691	39.7141
344.612	39.4333
344.737	39.5645
344.698	39.561
344.416	39.6494
344.633	39.6421
344.857	39.8394
344.881	39.3455
344.905	39.5255
344.755	39.872
344.928	39.9589
345.482	39.5785
345.525	39.8076
345.706	39.9123
345.794	39.7708
345.742	40.0858
345.923	40.3024
346.027	40.1723
346.188	39.9385
346.336	40.1581
346.57	40.2199
346.506	39.874
346.77	39.8471
346.889	40.2654
347.122	40.5314
347.241	40.6335
347.211	40.5218
347.472	40.2415
347.048	40.3997
347.433	40.221
347.42	40.2384
347.639	40.3304
347.832	40.658
347.938	40.7164
347.864	41.0285
347.83	41.15
347.822	40.6399
347.759	41.2013
347.37	41.2803
347.359	41.1676
347.238	40.7535
347.576	41.1332
347.737	41.0874
347.81	41.31
347.633	41.5444
347.967	41.9049
347.943	41.7748
347.672	41.9485
347.813	41.8185
347.727	42.2145
347.747	42.4616
347.553	42.147
347.711	42.412
347.526	42.5044
347.495	42.1888
347.363	41.9501
347.288	41.9079
347.369	41.9221
347.487	42.4015
348.031	42.125
348.279	42.5113
348.171	42.4058
348.061	42.0156
348.348	42.0016
348.409	41.9812
348.478	41.7584
348.47	41.4621
348.661	41.4109
348.786	40.989
349.018	41.2974
349.133	41.3717
349.176	41.3688
349.554	41.2251
349.474	41.3442
349.471	41.2507
349.429	41.3079
349.533	41.243
349.688	41.4677
349.689	41.7626
349.417	41.5445
349.607	41.2647
349.697	41.5496
349.41	41.5839
349.586	41.55
349.855	41.7351
349.734	41.5492
349.912	41.5317
349.738	41.7442
349.865	41.8534
350.245	41.9793
350.349	42.0845
350.814	42.1866
350.816	42.1307
350.785	42.1945
350.979	42.4354
350.964	42.4969
351.136	42.2838
351.258	42.4624
351.665	42.4053
351.502	42.2936
351.702	42.2025
352.002	42.4528
351.946	42.738
352.309	42.6412
352.237	42.5939
352.47	42.5349
352.156	42.6041
352.433	42.5625
352.595	42.5672
352.535	42.5098
353.067	43.0549
352.864	43.0089
353.169	43.0155
352.853	43.1726
353.091	42.9184
352.933	42.938
352.621	43.0777
352.647	43.037
352.439	42.6818
352.729	42.7617
352.699	42.8536
353.092	42.905
353.104	43.2961
353.101	43.5052
353.079	43.6454
353.082	43.4751
353.037	43.3954
353.122	43.4143
352.945	43.515
352.783	43.7366
353.066	44.0141
352.789	44.1765
352.975	44.1703
352.687	43.4711
352.637	43.6065
352.63	43.5234
352.765	43.8529
353.166	44.0875
353.704	44.4496
353.532	44.3895
353.577	44.1768
353.69	43.8243
354.008	43.9795
353.735	43.8514
353.739	43.5652
354.06	43.4062
354.172	43.0475
354.444	43.6225
354.51	43.3644
354.637	43.6264
354.855	43.3276
354.951	43.4046
355.046	43.193
354.672	43.0478
354.89	43.1569
355.011	43.5351
355.035	43.4783
354.969	43.4656
354.977	43.0949
355.235	43.4278
355.019	43.5302
355.039	43.2693
355.269	43.4361
355.27	43.5881
355.39	43.3143
355.383	43.5753
355.328	43.8367
355.736	44.3005
356.064	44.0491
356.311	44.1043
356.507	44.0954
356.37	44.2499
356.588	44.4644
356.501	44.3759
356.843	44.3513
356.894	44.248
357.156	44.3128
357.163	44.1198
357.281	43.9053
357.457	44.0779
357.584	44.3855
357.888	44.411
357.927	44.3023
358.237	44.2669
358.001	44.1847
358.072	44.2742
358.401	44.2775
358.349	44.2884
358.694	44.6335
358.593	44.8081
359.009	44.7497
358.747	44.907
358.756	44.4853
358.707	44.297
358.618	44.5808
358.272	44.4263
358.229	44.0051
358.525	43.8102
358.577	43.8245
358.795	43.8879
359.026	44.097
358.879	44.2721
358.863	44.8936
358.932	44.6565
358.979	44.7206
358.907	44.6095
358.884	44.9117
358.876	45.0581
358.761	45.0346
358.804	45.4287
358.818	45.1053
358.899	44.5341
358.523	44.3098
358.499	44.1587
358.62	44.0143
359.016	44.8085
359.461	44.6847
359.399	44.7332
359.464	44.5952
359.539	44.3922
359.829	44.5117
359.856	44.4426
359.692	44.0941
359.983	43.7763
359.993	43.2514
360.284	43.6318
360.345	43.6539
360.493	43.6933
360.78	43.2744
360.849	43.2675
360.798	43.276
360.576	43.178
360.976	43.1209
360.933	43.2894
361.067	43.1834
361.024	43.4036
360.934	43.2306
361.158	43.4979
361.214	43.3743
360.928	43.4438
361.124	43.4342
361.318	43.916
361.317	43.2554
361.267	43.4132
361.237	43.7065
361.687	43.8191
361.972	43.762
362.22	43.9119
362.4	43.8599
362.509	43.7924
362.548	44.0255
362.499	43.8189
362.738	44.0275
362.838	43.6994
363.212	43.7648
363.209	43.7248
363.344	43.6188
363.42	43.7077
363.623	43.8532
363.934	44.0983
364.172	43.9445
364.185	43.8118
364.206	43.8934
364.031	44.067
364.387	43.9813
364.357	43.8642
364.533	44.3156
364.73	44.4677
364.961	44.3953
364.872	44.7848
364.842	44.3865
364.902	44.2359
364.756	44.7717
364.426	44.613
364.463	44.5359
364.545	44.2317
364.671	44.1972
364.967	44.0663
365.046	44.3316
364.915	44.3942
365.063	44.5934
365.148	44.5189
364.998	44.4194
365.251	44.154
365.071	44.2377
365.106	44.4381
365.014	44.3103
365.044	44.8572
365.121	44.9001
364.932	44.3318
364.814	44.0551
364.564	43.9103
364.945	43.6831
365.078	44.2888
365.632	44.0746
365.638	44.2045
365.815	44.1975
365.775	44.0021
365.957	44.0876
366.151	44.1878
365.987	43.8573
366.137	43.2796
366.125	43.1602
366.535	43.2212
366.629	43.6002
366.86	43.3473
366.887	43.3234
367.253	42.7898
367.195	42.8703
367.091	42.9255
367.375	42.7552
367.099	43.0691
367.481	42.9562
367.34	43.1629
367.353	42.9695
367.451	43.0618
367.518	42.8635
367.155	42.9468
367.497	42.8041
367.605	43.3032
367.686	42.5267
367.784	42.4709
367.594	42.6689
367.836	43.0502
368.29	43.0761
368.425	43.2025
368.694	43.1206
368.721	42.7037
368.801	43.0052
368.989	43.0633
369.077	43.1078
369.272	42.8711
369.361	42.7874
369.713	43.0569
369.616	42.8869
369.926	42.5422
370.067	42.8891
370.264	43.1027
370.442	43.0442
370.493	42.8694
370.667	42.8424
370.266	43.0839
370.745	43.0324
370.813	42.885
370.94	43.1963
371.31	43.5464
371.316	43.2393
371.333	43.4492
371.216	43.3952
371.21	43.0308
371.312	43.455
370.951	43.4258
370.973	43.3437
370.803	43.0781
371.162	42.9978
371.303	42.7954
371.47	43.0099
371.367	43.2567
371.664	43.327
371.57	43.3407
371.444	43.3394
371.539	43.4614
371.553	43.6229
371.524	43.5797
371.289	43.5681
371.526	43.8849
371.365	44.1034
371.498	43.9137
371.296	43.6386
371.211	43.8299
371.291	43.7491
371.371	43.944
372.023	44.04
372.235	44.3759
372.122	44.1884
372.114	43.9175
372.373	43.7881
372.497	43.8593
372.58	43.5683
372.621	43.2815
372.792	43.2212
372.934	43.0864
373.188	43.538
373.354	43.4012
373.381	43.3484
373.728	43.2688
373.707	43.242
373.799	43.3046
373.698	43.3071
373.856	43.5072
373.996	43.6487
373.98	43.8741
373.866	43.668
374.101	43.528
374.104	43.5484
374.001	43.4674
374.079	43.6129
374.417	43.7509
374.376	43.5874
374.543	43.1026
374.451	43.5037
374.506	43.6466
375.029	44.0592
375.271	43.9611
375.652	43.9773
375.675	43.682
375.695	43.7548
375.892	44.0945
375.825	44.1955
376.063	44.2205
376.256	44.3034
376.633	44.4094
376.554	44.4143
376.778	44.0797
377.198	44.3772
377.047	44.7244
377.455	44.6563
377.48	44.662
377.79	44.6878
377.571	44.9931
377.795	45.136
378.024	45.2504
378.054	45.4518
378.53	45.8631
378.418	45.8845
378.801	45.829
378.498	45.8583
378.74	45.6948
378.651	45.9919
378.392	46.0569
378.348	45.9655
378.317	45.8993
378.623	45.5325
378.72	45.7875
378.937	45.7594
379.145	45.9302
379.069	45.7684
379.12	46.2681
379.106	45.856
379.179	45.9606
379.256	46.0905
379.171	46.0041
379.116	46.0179
379.336	46.1691
379.106	46.293
379.299	46.5995
379.181	46.2629
379.059	46.6157
379.084	46.7528
379.268	46.5463
379.693	46.8882
380.304	47.1024
380.107	47.3495
380.227	46.9653
380.368	46.7071
380.672	46.5186
380.476	46.2931
380.582	46.2674
380.809	45.9796
381.055	45.9214
381.322	46.3462
381.469	46.3213
381.617	46.1348
381.947	45.8236
381.955	46.018
382.113	45.722
381.836	45.9383
382.149	46.3769
382.225	46.4411
382.289	46.3964
382.234	46.4392
382.317	46.1277
382.598	46.3848
382.579	46.3915
382.583	46.4925
382.76	46.3905
382.885	46.4528
382.962	45.9432
382.996	46.2007
382.984	46.3258
383.498	46.564
383.865	46.2789
384.145	46.4442
384.321	46.0931
384.265	46.1516
384.502	46.4443
384.604	46.6245
384.88	46.8274
384.961	46.6256
385.291	46.562
385.214	46.7672
385.438	46.417
385.664	46.4755
385.882	46.9167
386.142	47.2295
386.301	46.9167
386.638	46.7687
386.487	46.7896
386.606	47.2596
387.018	47.2084
386.976	47.1014
387.261	47.4661
387.308	47.5797
387.708	47.7708
387.608	47.8346
387.62	47.8315
387.546	47.7572
387.499	48.1191
387.268	47.7799
387.27	47.5901
387.544	47.1294
387.691	47.1962
387.94	47.0596
388.167	47.098
388.117	46.9799
388.159	47.1682
388.188	46.9082
388.281	47.3387
388.315	47.2478
388.366	47.0898
388.316	46.9665
388.33	46.9902
388.384	46.9474
388.452	47.0631
388.567	46.8939
388.2	46.8092
388.203	47.0885
388.416	46.7821
388.84	47.2078
389.328	47.1877
389.349	47.3564
389.51	46.98
389.632	46.6089
389.842	46.3962
390.087	46.2388
389.99	45.8011
390.134	45.7881
390.294	45.7693
390.609	45.9752
390.763	46.1685
390.982	46.1176
391.289	45.9697
391.43	45.9645
391.375	45.8543
391.313	46.0261
391.757	46.2671
391.679	46.5003
391.928	46.157
391.827	46.0153
391.9	45.6972
392.173	45.9622
392.262	45.8537
392.089	46.1833
392.327	46.2079
392.64	46.2516
392.66	45.631
392.67	45.6478
392.746	45.9856
393.258	46.1225
393.564	45.9414
393.853	45.8516
394.112	45.8206
394.302	45.7167
394.247	46.2048
394.45	46.2333
394.635	46.3081
394.874	46.2222
395.284	46.2013
395.365	46.0763
395.459	45.9812
395.72	45.9308
395.886	46.3346
396.154	46.4717
396.548	46.4266
396.55	46.3005
396.775	46.285
396.533	46.4491
396.989	46.3486
396.986	46.4089
397.235	46.5553
397.564	46.743
397.728	46.58
397.821	46.7962
397.825	46.476
397.782	46.3424
397.792	46.9221
397.578	46.5319
397.677	46.1666
397.679	45.8423
397.925	45.7162
398.297	45.6651
398.42	45.6256
398.316	45.2938
398.542	45.4807
398.739	45.2522
398.625	45.3889
398.846	45.4257
398.803	45.1454
398.928	44.9424
398.802	45.0149
398.97	44.9184
399.037	45.1841
398.955	44.848
398.826	44.7236
398.743	45.0908
399.026	45.0576
399.256	45.1755
399.936	45.0243
400.087	45.493
400.22	45.2857
400.152	44.9721
400.561	44.7427
400.686	44.7734
400.687	44.5184
400.845	44.1625
400.92	44.4618
401.331	44.5997
401.513	44.5306
401.885	44.2755
401.991	44.4714
402.358	44.3062
402.35	44.3182
402.376	44.3268
402.56	44.4654
402.493	44.6799
402.85	44.5156
402.899	44.6826
402.833	44.2306
403.113	44.348
403.29	44.2274
402.977	44.6058
403.285	44.5973
403.539	44.5339
403.625	44.1797
403.806	44.0329
403.728	44.4108
403.983	44.445
404.531	44.6073
404.688	44.4512
405.137	44.4192
405.188	43.9657
405.364	44.4229
405.512	44.3927
405.673	44.5122
405.895	44.4149
406.166	44.2907
406.612	44.2747
406.493	44.2872
406.909	44.2676
407.168	44.4478
407.318	44.3723
407.592	44.3291
407.715	44.4604
407.948	44.4102
407.7	44.6926
408.184	44.5009
408.322	44.5442
408.464	44.8532
408.974	45.1243
408.979	44.8902
409.104	44.8882
408.995	44.5496
409.142	44.4382
409.256	44.7627
408.982	44.4993
409.044	44.065
408.894	43.8726
409.314	43.5309
409.486	43.6513
409.854	43.3855
409.821	43.1197
410.112	43.0713
410.108	43.0559
410.105	42.8953
410.183	43.0656
410.331	42.8956
410.284	42.6361
410.093	42.8886
410.477	42.8084
410.337	43.1928
410.539	43.0844
410.46	42.7917
410.444	43.1224
410.588	43.1536
410.7	43.1467
411.272	42.7123
411.706	43.1476
411.577	43.0155
411.736	42.9188
412.003	42.7875
412.285	42.5739
412.285	42.4717
412.337	42.4776
412.699	42.4258
412.782	42.5252
413.11	42.5564
413.289	42.4937
413.536	42.364
413.895	42.493
414.006	42.6197
414.101	42.6912
414.004	42.9467
414.233	43.1841
414.385	43.3045
414.395	43.2964
414.353	42.8499
414.781	42.8318
414.836	42.8807
414.787	42.9709
414.878	43.1718
415.317	43.2864
415.268	42.9335
415.551	42.8928
415.591	43.3728
415.674	43.1115
416.145	43.6985
416.493	43.4675
416.896	43.2063
417.069	42.7229
417.028	42.9783
417.335	43.1058
417.314	43.0217
417.631	42.8214
417.84	43.0001
418.202	42.6734
418.243	42.9299
418.496	42.6474
418.81	42.919
418.946	42.9204
419.314	42.7998
419.379	43.0012
419.733	42.9187
419.517	42.8843
419.743	43.0025
420.076	43.0166
420.249	43.1502
420.572	43.3554
420.666	43.5319
421.103	43.4434
420.804	43.1792
421.008	43.0784
421.004	43.3054
420.872	43.2433
420.76	42.8544
420.771	42.47
421.177	42.3044
421.323	42.4973
421.53	42.2566
421.811	42.0074
421.812	41.741
421.933	41.6881
421.911	41.4067
422.015	41.8256
422.162	41.6065
422.111	41.527
422.191	41.353
422.202	41.3643
422.229	41.3725
422.403	41.3649
422.385	41.2317
422.291	41.3522
422.314	41.469
422.586	41.5398
422.949	41.3308
423.601	41.4091
423.482	41.4743
423.636	41.3531
423.768	41.3211
424.124	40.967
424.096	40.8259
424.179	40.7006
424.477	40.9029
424.681	41.0537
424.999	41.1065
425.144	41.0581
425.324	40.8326
425.757	40.7244
425.834	41.0051
425.979	40.9668
425.779	41.3928
426.168	41.7696
426.258	41.9082
426.43	41.8679
426.365	41.8756
426.435	41.4709
426.835	41.6471
426.896	41.3394
426.848	41.7172
427.007	41.7623
427.193	41.8956
427.358	41.4696
427.38	42.0732
427.381	41.9871
428.014	42.1432
428.327	41.8491
428.69	41.6541
428.991	41.1833
429.033	41.2697
429.186	41.496
429.247	41.6345
429.598	41.5546
429.694	41.1585
430.151	41.1495
430.104	41.3554
430.241	41.223
430.598	41.2806
430.748	41.2326
431.124	41.2473
431.348	41.3825
431.624	41.1208
431.644	41.2779
431.642	41.4701
432.054	41.6015
432.132	41.5196
432.42	41.5913
432.482	41.794
432.856	41.5725
432.803	41.5136
432.916	41.2682
432.928	41.252
432.85	41.4243
432.652	40.8148
432.734	40.7694
432.932	40.5388
433.199	40.5278
433.501	40.3761
433.673	40.2531
433.612	40.002
433.783	40.044
433.89	39.6824
433.87	40.2205
434.01	40.2763
434.077	39.9878
434.052	39.8072
434.146	39.8009
434.131	39.7416
434.29	39.8463
434.313	39.4519
434.129	39.7079
434.134	39.915
434.345	39.9224
434.823	40.0529
435.362	39.8241
435.378	39.8846
435.579	39.9306
435.714	39.8842
435.964	39.8519
436.226	39.9483
436.127	39.518
436.369	39.5486
436.428	39.7866
436.876	39.7725
437.011	39.8981
437.303	39.6816
437.619	39.6303
437.826	39.5595
437.796	39.3972
437.815	39.7255
438.28	39.8489
438.148	40.131
438.465	40.1618
438.303	40.2929
438.481	40.0509
438.729	40.0666
438.761	39.8664
438.599	40.0426
438.872	40.2317
439.239	40.3752
439.287	40.3489
439.349	40.4624
439.355	40.4345
439.743	40.5586
440.266	40.2547
440.535	40.1651
440.752	40.1196
440.923	39.5697
440.943	39.9368
441.232	40.0659
441.327	39.8169
441.654	39.6668
441.986	39.7857
442.207	39.8101
442.244	40.0918
442.462	40.0048
442.769	39.8106
443.052	39.6808
443.414	39.5915
443.355	39.3908
443.66	39.3056
443.427	39.4577
443.958	39.5892
443.92	39.8027
444.157	39.857
444.499	39.8979
444.771	39.6696
444.765	39.5337
444.811	39.2534
444.851	39.2756
444.942	39.3174
444.625	38.8447
444.712	38.8326
444.722	38.6047
445.062	38.534
445.404	38.5962
445.502	38.3758
445.438	38.0719
445.748	38.0768
445.945	37.8845
445.728	38.0501
446.057	38.2342
445.94	38.1313
446.042	37.691
446.04	37.866
446.246	37.6198
446.181	37.7364
446.173	37.3984
446.105	37.1707
446.064	37.748
446.282	37.76
446.522	37.5831
447.146	37.2929
447.433	37.4348
447.476	37.4598
447.448	37.598
447.833	37.6149
448.015	37.5246
448.114	37.111
448.211	37.0946
448.426	37.2868
448.719	37.6129
448.985	37.2895
449.241	37.2483
449.449	37.2734
449.844	37.1554
449.809	37.1653
449.911	37.3393
449.968	37.5559
450.111	37.8671
450.394	38.0628
450.427	38.1895
450.359	37.7175
450.53	37.7787
450.834	37.537
450.551	37.5614
450.846	37.7579
451.153	37.6215
451.186	37.6302
451.314	37.5408
451.289	37.8964
451.567	37.4352
452.034	37.5206
452.188	37.5908
452.692	37.5683
452.797	36.9196
452.853	37.567
453.141	37.3672
453.236	37.2203
453.471	36.9484
453.689	36.9787
454.218	36.9527
454.133	37.3216
454.494	37.3423
454.768	37.0028
454.875	36.9128
455.231	36.6734
455.363	36.6775
455.539	36.5033
455.284	36.3161
455.747	36.3631
456.015	36.5908
456.09	36.8696
456.55	36.8696
456.512	36.717
456.757	36.4914
456.661	36.0593
456.808	36.0975
456.903	36.3823
456.645	36.3984
456.687	36.033
456.573	35.9847
456.998	35.7306
457.099	35.8809
457.493	35.6978
457.544	35.6828
457.71	35.7431
457.821	35.4039
457.75	35.3504
457.863	35.5841
457.978	35.4485
458.029	34.97
457.9	35.141
458.228	34.636
457.973	34.8409
458.278	34.3882
458.133	34.0353
458.125	34.6133
458.254	34.4275
458.436	34.4126
458.917	33.9454
459.406	33.8668
459.395	34.0102
459.535	34.1255
459.775	34.1273
460.056	33.9368
459.959	33.4396
460.049	33.6219
460.423	33.5839
460.534	33.6029
460.984	33.748
461.07	33.6205
461.327	33.4328
461.689	33.3182
461.824	33.4363
461.907	33.5525
461.736	33.8885
461.964	34.2826
462.114	34.3613
462.192	34.5414
462.336	34.2982
462.436	34.0489
462.652	33.7788
462.569	33.6135
462.698	34.1581
463.011	34.0913
463.02	33.9747
463.337	33.6416
463.327	34.1377
463.405	33.4966
463.88	33.5321
464.275	33.8433
464.71	33.7353
464.857	33.5073
464.818	33.621
465.133	33.5806
465.082	33.6298
465.412	33.3674
465.677	33.5874
466.067	33.4318
466.029	33.9148
466.241	33.6709
466.54	33.5282
466.756	33.3958
467.078	33.2704
467.176	33.5312
467.581	33.185
467.324	32.8783
467.579	33.0521
467.964	33.304
468.069	33.2436
468.423	33.1002
468.439	33.1754
468.896	32.8946
468.717	32.7032
468.82	32.8766
468.791	33.1341
468.721	32.8591
468.519	32.5275
468.618	32.5483
469.012	32.1557
469.159	32.4286
469.429	32.4595
469.705	32.5128
469.651	32.1471
469.781	32.0019
469.775	32.0039
469.923	32.1397
470.036	32.3066
469.938	32.1032
470.047	32.0105
470.054	31.8563
470.123	31.589
470.277	31.6385
470.327	30.9744
470.185	31.3354
470.156	31.426
470.444	31.2793
470.867	31.1035
471.396	30.9791
471.322	31.0158
471.527	31.4206
471.663	31.5669
471.98	31.5102
471.979	31.1301
472.139	31.0182
472.382	31.2523
472.61	31.1754
472.865	31.0621
473.07	30.9275
473.194	30.6324
473.667	31.0179
473.755	30.8923
473.807	30.9735
473.655	31.5329
474.103	31.84
474.245	32.1638
474.362	32.4077
474.334	32.5279
474.395	32.2997
474.671	32.1453
474.846	31.959
474.704	32.0349
474.914	32.0938
475.121	32.1339
475.232	31.9385
475.325	32.1561
475.249	31.8141
475.876	31.9937
476.186	31.8933
476.586	31.9714
476.781	32.0209
476.992	31.7761
477.132	31.9514
477.093	31.9511
477.444	31.8521
477.529	31.786
477.986	31.7873
478.004	32.1225
478.304	31.8676
478.414	31.9517
478.655	31.9082
479.032	32.0631
479.309	32.2268
479.556	31.7626
479.506	31.5353
479.479	31.4615
479.925	31.7906
479.999	31.9739
480.18	31.7603
480.441	32.0887
480.78	31.705
480.711	31.8626
480.849	31.8385
480.855	32.1842
480.843	32.0363
480.553	31.7105
480.696	31.523
480.795	31.1216
481.129	31.2344
481.423	31.3308
481.589	31.4033
481.497	31.2091
481.709	30.8939
481.877	31.1764
481.806	31.2074
482.065	31.4252
482.046	31.2565
481.991	30.8846
482.099	30.7868
482.072	30.5719
482.319	30.5934
482.199	30.1298
482.128	29.9467
482.061	30.2305
482.359	30.139
482.743	30.2234
483.259	30.1634
483.331	30.0315
483.565	30.1432
483.686	30.1157
483.841	30.1595
484.133	30.0216
484.077	29.6092
484.301	29.5988
484.35	29.5757
484.776	29.3015
484.941	29.0622
485.284	29.0041
485.499	29.046
485.741	28.6373
485.807	28.7109
485.711	29.2215
486.146	29.3552
485.984	29.51
486.448	29.7819
486.347	30.2688
486.403	29.6052
486.619	29.5046
486.701	29.4426
486.5	29.4372
486.795	29.5766
487.155	29.5396
487.238	29.6637
487.316	29.6864
487.299	29.3477
487.553	29.1273
488.188	28.899
488.325	29.227
488.634	29.3542
488.813	29.1702
488.854	29.4209
489.129	29.2657
489.328	29.3211
