0   	177.53   	13.6959   	
1e-07   	177.945   	13.5275   	
2e-07   	178.243   	13.5706   	
3e-07   	178.313   	14.0855   	
4e-07   	178.755   	13.2059   	
5e-07   	179.098   	13.4262   	
6e-07   	179.17   	13.541   	
7e-07   	179.16   	12.7579   	
8e-07   	179.177   	12.9953   	
9e-07   	179.472   	12.7477   	
1e-06   	179.721   	12.5598   	
1.1e-06   	179.772   	12.818   	
1.2e-06   	180.277   	12.8207   	
1.3e-06   	180.894   	12.9498   	
1.4e-06   	181.187   	12.7606   	
1.5e-06   	181.32   	12.5233   	
1.6e-06   	181.543   	12.4524   	
1.7e-06   	182.114   	12.2544   	
1.8e-06   	182.356   	12.0587   	
1.9e-06   	182.259   	12.2436   	
2e-06   	182.704   	12.5802   	
2.1e-06   	183.038   	12.7123   	
2.2e-06   	182.96   	12.5277   	
2.3e-06   	182.62   	12.0196   	
2.4e-06   	182.859   	12.082   	
2.5e-06   	183.132   	11.9923   	
2.6e-06   	183.157   	11.6151   	
2.7e-06   	183.12   	11.8553   	
2.8e-06   	182.895   	12.1943   	
2.9e-06   	182.776   	12.2365   	
3e-06   	182.434   	11.7517   	
3.1e-06   	182.576   	11.8326   	
3.2e-06   	182.845   	11.6918   	
3.3e-06   	183.184   	12.156   	
3.4e-06   	183.247   	12.5331   	
3.5e-06   	183.403   	12.6096   	
3.6e-06   	183.486   	12   	
3.7e-06   	183.687   	12.1971   	
3.8e-06   	183.697   	12.055   	
3.9e-06   	183.598   	12.504   	
4e-06   	183.691   	12.5046   	
4.1e-06   	183.617   	12.5353   	
4.2e-06   	183.762   	12.1118   	
4.3e-06   	183.762   	12.1564   	
4.4e-06   	184.571   	12.5999   	
4.5e-06   	184.562   	12.3688   	
4.6e-06   	184.794   	12.3654   	
4.7e-06   	185.055   	12.157   	
4.8e-06   	184.891   	12.624   	
4.9e-06   	185.296   	12.1572   	
5e-06   	185.187   	12.1944   	
5.1e-06   	185.432   	12.5519   	
5.2e-06   	185.471   	12.3506   	
5.3e-06   	185.311   	11.9851   	
5.4e-06   	185.306   	12.1593   	
5.5e-06   	184.864   	12.3108   	
5.6e-06   	185.421   	12.3699   	
5.7e-06   	185.461   	12.4353   	
5.8e-06   	185.225   	11.8744   	
5.9e-06   	185.159   	12.6896   	
6e-06   	184.989   	12.5967   	
6.1e-06   	184.879   	12.4207   	
6.2e-06   	184.855   	12.1747   	
6.3e-06   	185.625   	11.9875   	
6.4e-06   	185.462   	12.4007   	
6.5e-06   	185.29   	12.2206   	
6.6e-06   	185.417   	12.145   	
6.7e-06   	185.74   	11.8195   	
6.8e-06   	186.005   	11.9515   	
6.9e-06   	185.755   	12.4123   	
7e-06   	186.217   	12.6177   	
7.1e-06   	185.916   	12.5261   	
7.2e-06   	185.558   	12.2744   	
7.3e-06   	185.793   	12.3635   	
7.4e-06   	185.744   	12.5186   	
7.5e-06   	186.4   	12.7074   	
7.6e-06   	186.747   	12.7189   	
7.7e-06   	186.804   	12.9403   	
7.8e-06   	187.118   	13.0021   	
7.9e-06   	187.147   	13.4466   	
8e-06   	187.474   	12.9043   	
8.1e-06   	187.805   	13.1029   	
8.2e-06   	187.923   	13.4064   	
8.3e-06   	188.097   	13.1716   	
8.4e-06   	187.856   	13.1807   	
8.5e-06   	187.669   	13.4799   	
8.6e-06   	187.381   	13.4623   	
8.7e-06   	187.71   	13.4732   	
8.8e-06   	187.698   	13.5124   	
8.9e-06   	187.836   	13.4608   	
9e-06   	187.73   	13.6915   	
9.1e-06   	187.663   	13.8058   	
9.2e-06   	187.56   	13.568   	
9.3e-06   	187.444   	13.4399   	
9.4e-06   	188.223   	13.8079   	
9.5e-06   	188.245   	14.1952   	
9.6e-06   	188.462   	14.1633   	
9.7e-06   	188.53   	14.3305   	
9.8e-06   	188.794   	13.925   	
9.9e-06   	189.139   	14.184   	
1e-05   	188.985   	14.5119   	
1.01e-05   	189.031   	14.7188   	
1.02e-05   	188.918   	14.7862   	
1.03e-05   	189.178   	14.6775   	
1.04e-05   	189.251   	14.3011   	
1.05e-05   	189.149   	14.8325   	
1.06e-05   	189.734   	14.2855   	
1.07e-05   	190.276   	14.766   	
1.08e-05   	190.508   	14.7136   	
1.09e-05   	190.5   	15.1557   	
1.1e-05   	190.774   	15.2814   	
1.11e-05   	190.929   	15.2479   	
1.12e-05   	191.033   	15.4509   	
1.13e-05   	191.108   	15.4469   	
1.14e-05   	191.446   	15.772   	
1.15e-05   	191.702   	15.779   	
1.16e-05   	191.361   	16.3495   	
1.17e-05   	190.826   	16.2883   	
1.18e-05   	191.155   	16.206   	
1.19e-05   	191.628   	16.5483   	
1.2e-05   	191.732   	16.3599   	
1.21e-05   	191.771   	16.5883   	
1.22e-05   	191.415   	16.6686   	
1.23e-05   	191.668   	16.2446   	
1.24e-05   	191.346   	16.219   	
1.25e-05   	191.794   	16.1582   	
1.26e-05   	192.166   	16.1963   	
1.27e-05   	192.526   	16.6555   	
1.28e-05   	192.572   	16.8343   	
1.29e-05   	193.184   	16.857   	
1.3e-05   	193.564   	16.6148   	
1.31e-05   	193.794   	16.9137   	
1.32e-05   	193.855   	17.1197   	
1.33e-05   	194.004   	17.2993   	
1.34e-05   	194.166   	16.8333   	
1.35e-05   	194.011   	17.0222   	
1.36e-05   	194.337   	17.3917   	
1.37e-05   	194.371   	16.7699   	
1.38e-05   	195.326   	17.3903   	
1.39e-05   	195.317   	17.7804   	
1.4e-05   	195.637   	17.8779   	
1.41e-05   	196.1   	17.8179   	
1.42e-05   	196.36   	18.1844   	
1.43e-05   	196.875   	17.7961   	
1.44e-05   	196.913   	17.8632   	
1.45e-05   	197.202   	18.3747   	
1.46e-05   	197.437   	18.0865   	
1.47e-05   	197.725   	17.9639   	
1.48e-05   	197.692   	17.9274   	
1.49e-05   	197.343   	18.4807   	
1.5e-05   	197.802   	18.5196   	
1.51e-05   	198.128   	18.1765   	
1.52e-05   	198.002   	18.1145   	
1.53e-05   	198.043   	18.5499   	
1.54e-05   	198.097   	18.3791   	
1.55e-05   	197.934   	18.7188   	
1.56e-05   	198.08   	18.5429   	
1.57e-05   	198.973   	18.3177   	
1.58e-05   	199.068   	18.879   	
1.59e-05   	199.392   	19.3549   	
1.6e-05   	199.689   	19.618   	
1.61e-05   	200.246   	19.1096   	
1.62e-05   	200.603   	19.1458   	
1.63e-05   	200.609   	19.4287   	
1.64e-05   	200.83   	19.6491   	
1.65e-05   	200.71   	19.5577   	
1.66e-05   	200.532   	19.4467   	
1.67e-05   	200.815   	20.1306   	
1.68e-05   	200.868   	19.6758   	
1.69e-05   	201.604   	19.9548   	
1.7e-05   	202.213   	20.1754   	
1.71e-05   	202.244   	20.2477   	
1.72e-05   	202.838   	20.2993   	
1.73e-05   	203.127   	20.6143   	
1.74e-05   	203.564   	20.1472   	
1.75e-05   	203.843   	20.3705   	
1.76e-05   	203.992   	20.4869   	
1.77e-05   	204.424   	20.1887   	
1.78e-05   	204.397   	19.7979   	
1.79e-05   	204.381   	20.1447   	
1.8e-05   	204.051   	20.5671   	
1.81e-05   	204.429   	20.4888   	
1.82e-05   	204.827   	20.3906   	
1.83e-05   	205.088   	20.1207   	
1.84e-05   	205.093   	20.5487   	
1.85e-05   	205.286   	20.6024   	
1.86e-05   	205.194   	20.6933   	
1.87e-05   	205.12   	20.5724   	
1.88e-05   	206.123   	20.5449   	
1.89e-05   	206.238   	20.8153   	
1.9e-05   	206.758   	21.1995   	
1.91e-05   	207.017   	21.1363   	
1.92e-05   	207.556   	20.808   	
1.93e-05   	208.098   	21.1226   	
1.94e-05   	208.08   	20.8877   	
1.95e-05   	208.276   	20.7383   	
1.96e-05   	208.36   	20.8083   	
1.97e-05   	208.397   	20.6858   	
1.98e-05   	208.793   	20.5777   	
1.99e-05   	209.064   	20.8571   	
2e-05   	209.796   	20.7766   	
2.01e-05   	210.564   	20.7245   	
2.02e-05   	210.659   	20.7522   	
2.03e-05   	211.156   	21.1221   	
2.04e-05   	211.558   	21.2043   	
2.05e-05   	212.155   	20.6522   	
2.06e-05   	212.804   	20.7981   	
2.07e-05   	213.027   	20.6343   	
2.08e-05   	213.543   	20.7082   	
2.09e-05   	214.259   	19.8002   	
2.1e-05   	214.096   	20.1482   	
2.11e-05   	213.813   	19.8665   	
2.12e-05   	214.292   	20.0044   	
2.13e-05   	214.964   	19.8692   	
2.14e-05   	215.126   	19.5902   	
2.15e-05   	215.233   	19.5657   	
2.16e-05   	215.128   	19.6443   	
2.17e-05   	215.471   	19.4786   	
2.18e-05   	215.318   	19.4914   	
2.19e-05   	216.043   	19.1661   	
2.2e-05   	216.669   	19.3716   	
2.21e-05   	217.176   	19.7453   	
2.22e-05   	217.268   	20.2027   	
2.23e-05   	217.896   	20.011   	
2.24e-05   	218.291   	19.7941   	
2.25e-05   	218.772   	19.6831   	
2.26e-05   	219.098   	19.3702   	
2.27e-05   	219.423   	18.881   	
2.28e-05   	219.718   	18.5419   	
2.29e-05   	219.968   	18.4053   	
2.3e-05   	220.534   	18.9731   	
2.31e-05   	220.958   	18.352   	
2.32e-05   	221.864   	18.4858   	
2.33e-05   	222.201   	18.5864   	
2.34e-05   	222.632   	18.8343   	
2.35e-05   	223.271   	18.5954   	
2.36e-05   	223.986   	18.5092   	
2.37e-05   	224.613   	18.0927   	
2.38e-05   	224.569   	17.9408   	
2.39e-05   	225.185   	17.9652   	
2.4e-05   	225.78   	17.218   	
2.41e-05   	226.034   	17.1658   	
2.42e-05   	225.92   	16.9538   	
2.43e-05   	226.115   	17.4378   	
2.44e-05   	226.843   	17.4076   	
2.45e-05   	226.963   	16.8633   	
2.46e-05   	227.181   	16.6334   	
2.47e-05   	227.413   	16.8744   	
2.48e-05   	227.308   	16.6425   	
2.49e-05   	227.441   	17.0488   	
2.5e-05   	227.727   	16.8568   	
2.51e-05   	228.65   	16.706   	
2.52e-05   	229.081   	17.1717   	
2.53e-05   	229.357   	17.5625   	
2.54e-05   	229.915   	17.5502   	
2.55e-05   	230.552   	17.0894   	
2.56e-05   	230.981   	16.8823   	
2.57e-05   	231.389   	16.8392   	
2.58e-05   	231.514   	16.3784   	
2.59e-05   	231.799   	16.4281   	
2.6e-05   	231.908   	16.3533   	
2.61e-05   	232.37   	16.7477   	
2.62e-05   	232.489   	16.3906   	
2.63e-05   	233.415   	16.3575   	
2.64e-05   	233.954   	16.7763   	
2.65e-05   	234.367   	16.5776   	
2.66e-05   	235.02   	16.7754   	
2.67e-05   	235.512   	17.2567   	
2.68e-05   	235.99   	16.4741   	
2.69e-05   	236.527   	16.7439   	
2.7e-05   	236.853   	16.5294   	
2.71e-05   	237.417   	16.0356   	
2.72e-05   	237.528   	15.8772   	
2.73e-05   	237.656   	15.8138   	
2.74e-05   	237.29   	16.5229   	
2.75e-05   	237.911   	16.6342   	
2.76e-05   	238.191   	16.6685   	
2.77e-05   	238.296   	16.0825   	
2.78e-05   	238.572   	16.3663   	
2.79e-05   	238.618   	16.4078   	
2.8e-05   	238.756   	16.7604   	
2.81e-05   	238.612   	16.5146   	
2.82e-05   	239.586   	16.4692   	
2.83e-05   	239.645   	16.8665   	
2.84e-05   	240.305   	17.1478   	
2.85e-05   	240.53   	17.2241   	
2.86e-05   	241.076   	16.9626   	
2.87e-05   	241.675   	17.2431   	
2.88e-05   	241.554   	16.9236   	
2.89e-05   	242.1   	16.478   	
2.9e-05   	242.165   	16.8533   	
2.91e-05   	242.326   	16.6113   	
2.92e-05   	242.815   	16.5514   	
2.93e-05   	242.914   	16.8572   	
2.94e-05   	243.671   	16.9764   	
2.95e-05   	244.295   	17.068   	
2.96e-05   	244.488   	16.8087   	
2.97e-05   	244.993   	17.1591   	
2.98e-05   	245.508   	17.4859   	
2.99e-05   	245.881   	17.0121   	
3e-05   	246.497   	17.1629   	
3.01e-05   	246.708   	16.8491   	
3.02e-05   	247.16   	16.7903   	
3.03e-05   	247.772   	16.3004   	
3.04e-05   	247.634   	16.351   	
3.05e-05   	247.38   	16.2591   	
3.06e-05   	247.698   	16.6876   	
3.07e-05   	248.25   	16.5723   	
3.08e-05   	248.374   	16.4012   	
3.09e-05   	248.419   	16.2075   	
3.1e-05   	248.341   	16.497   	
3.11e-05   	248.532   	16.3665   	
3.12e-05   	248.182   	16.5735   	
3.13e-05   	248.976   	16.4632   	
3.14e-05   	249.524   	16.4877   	
3.15e-05   	250.001   	16.6973   	
3.16e-05   	250.116   	17.3271   	
3.17e-05   	250.709   	17.0027   	
3.18e-05   	251.063   	16.8865   	
3.19e-05   	251.52   	16.7955   	
3.2e-05   	251.477   	16.3924   	
3.21e-05   	251.664   	16.3951   	
3.22e-05   	252.122   	16.2904   	
3.23e-05   	252.23   	16.0683   	
3.24e-05   	252.473   	16.5278   	
3.25e-05   	252.99   	15.9513   	
3.26e-05   	253.658   	16.3601   	
3.27e-05   	253.979   	16.3692   	
3.28e-05   	254.318   	16.5427   	
3.29e-05   	254.667   	16.3723   	
3.3e-05   	255.437   	16.2707   	
3.31e-05   	255.731   	16.0299   	
3.32e-05   	255.705   	15.7597   	
3.33e-05   	256.379   	15.9593   	
3.34e-05   	256.883   	15.3941   	
3.35e-05   	256.979   	15.4548   	
3.36e-05   	256.727   	15.2616   	
3.37e-05   	256.854   	15.8584   	
3.38e-05   	257.285   	15.7385   	
3.39e-05   	257.464   	15.4434   	
3.4e-05   	257.565   	15.2416   	
3.41e-05   	257.592   	15.7491   	
3.42e-05   	257.497   	15.5881   	
3.43e-05   	257.423   	16.2153   	
3.44e-05   	257.718   	15.8554   	
3.45e-05   	258.514   	16.0479   	
3.46e-05   	258.839   	16.537   	
3.47e-05   	259.069   	17.2224   	
3.48e-05   	259.382   	17.139   	
3.49e-05   	260.008   	16.876   	
3.5e-05   	260.422   	16.7981   	
3.51e-05   	260.684   	16.6   	
3.52e-05   	260.634   	16.1413   	
3.53e-05   	260.991   	15.9301   	
3.54e-05   	260.936   	16.267   	
3.55e-05   	261.278   	16.5355   	
3.56e-05   	261.447   	16.4621   	
3.57e-05   	262.345   	16.7232   	
3.58e-05   	262.621   	16.7434   	
3.59e-05   	262.955   	16.4103   	
3.6e-05   	263.566   	16.7703   	
3.61e-05   	263.903   	17.1277   	
3.62e-05   	264.465   	16.4077   	
3.63e-05   	264.801   	16.5185   	
3.64e-05   	264.965   	16.4147   	
3.65e-05   	265.421   	15.9864   	
3.66e-05   	265.381   	15.98   	
3.67e-05   	265.508   	15.7982   	
3.68e-05   	265.241   	16.407   	
3.69e-05   	265.83   	16.438   	
3.7e-05   	265.937   	16.1537   	
3.71e-05   	265.985   	15.5839   	
3.72e-05   	266.017   	16.1438   	
3.73e-05   	266.131   	16.1306   	
3.74e-05   	266.05   	16.4411   	
3.75e-05   	265.991   	15.9709   	
3.76e-05   	267.047   	16.0082   	
3.77e-05   	266.93   	16.4237   	
3.78e-05   	267.281   	16.7062   	
3.79e-05   	267.48   	16.9068   	
3.8e-05   	268.116   	16.7169   	
3.81e-05   	268.689   	16.9721   	
3.82e-05   	268.417   	16.758   	
3.83e-05   	268.951   	16.2484   	
3.84e-05   	268.846   	16.4793   	
3.85e-05   	268.796   	16.2022   	
3.86e-05   	269.254   	16.5173   	
3.87e-05   	269.315   	16.4353   	
3.88e-05   	270.183   	16.5044   	
3.89e-05   	270.508   	16.617   	
3.9e-05   	270.715   	16.3487   	
3.91e-05   	271.213   	16.4636   	
3.92e-05   	271.515   	16.7829   	
3.93e-05   	272.055   	15.9642   	
3.94e-05   	272.569   	16.1272   	
3.95e-05   	272.623   	15.8579   	
3.96e-05   	273.023   	15.6225   	
3.97e-05   	273.263   	15.4602   	
3.98e-05   	273.171   	15.5348   	
3.99e-05   	272.891   	15.708   	
4e-05   	273.107   	15.8997   	
4.01e-05   	273.39   	15.848   	
4.02e-05   	273.563   	15.5385   	
4.03e-05   	273.587   	15.477   	
4.04e-05   	273.452   	15.5703   	
4.05e-05   	273.522   	15.4571   	
4.06e-05   	273.195   	15.4837   	
4.07e-05   	273.939   	15.4611   	
4.08e-05   	274.333   	15.4653   	
4.09e-05   	274.635   	15.8279   	
4.1e-05   	274.712   	16.1025   	
4.11e-05   	275.151   	15.9454   	
4.12e-05   	275.619   	16.0033   	
4.13e-05   	275.791   	15.6618   	
4.14e-05   	275.737   	15.2773   	
4.15e-05   	275.718   	15.2389   	
4.16e-05   	276.109   	15.1508   	
4.17e-05   	276.319   	14.9489   	
4.18e-05   	276.257   	15.2658   	
4.19e-05   	276.79   	15.0138   	
4.2e-05   	277.35   	15.2988   	
4.21e-05   	277.632   	15.1602   	
4.22e-05   	277.907   	15.5219   	
4.23e-05   	278.139   	15.6116   	
4.24e-05   	278.6   	15.3163   	
4.25e-05   	278.915   	15.2377   	
4.26e-05   	278.936   	15.1139   	
4.27e-05   	279.387   	15.074   	
4.28e-05   	279.814   	14.7334   	
4.29e-05   	279.768   	14.8661   	
4.3e-05   	279.341   	14.5946   	
4.31e-05   	279.55   	15.2873   	
4.32e-05   	279.827   	15.0625   	
4.33e-05   	279.923   	14.8212   	
4.34e-05   	279.929   	14.7676   	
4.35e-05   	279.768   	15.0183   	
4.36e-05   	279.773   	14.5877   	
4.37e-05   	279.452   	15.1176   	
4.38e-05   	279.563   	14.6926   	
4.39e-05   	280.264   	14.8876   	
4.4e-05   	280.568   	15.3134   	
4.41e-05   	280.556   	15.7968   	
4.42e-05   	280.973   	15.7478   	
4.43e-05   	281.267   	15.4034   	
4.44e-05   	281.585   	15.5091   	
4.45e-05   	281.643   	15.206   	
4.46e-05   	281.812   	14.8266   	
4.47e-05   	281.852   	14.7628   	
4.48e-05   	281.713   	14.6764   	
4.49e-05   	281.948   	15.2312   	
4.5e-05   	282.09   	14.6645   	
4.51e-05   	282.838   	15.0756   	
4.52e-05   	282.86   	15.158   	
4.53e-05   	283.263   	14.9575   	
4.54e-05   	283.763   	15.0908   	
4.55e-05   	283.806   	15.5621   	
4.56e-05   	284.277   	14.8815   	
4.57e-05   	284.404   	14.8518   	
4.58e-05   	284.552   	14.6507   	
4.59e-05   	284.757   	14.2713   	
4.6e-05   	284.822   	14.312   	
4.61e-05   	284.651   	14.3024   	
4.62e-05   	284.174   	14.9765   	
4.63e-05   	284.829   	15.2158   	
4.64e-05   	284.916   	14.6749   	
4.65e-05   	284.717   	14.2589   	
4.66e-05   	284.692   	14.7154   	
4.67e-05   	284.477   	14.5087   	
4.68e-05   	284.351   	14.8255   	
4.69e-05   	284.203   	14.8208   	
4.7e-05   	285.156   	14.4447   	
4.71e-05   	285.072   	15.0585   	
4.72e-05   	285.177   	15.2103   	
4.73e-05   	285.289   	15.2443   	
4.74e-05   	285.712   	15.1624   	
4.75e-05   	286.139   	14.9411   	
4.76e-05   	285.849   	14.7081   	
4.77e-05   	286.246   	14.4786   	
4.78e-05   	286.139   	14.7651   	
4.79e-05   	285.849   	14.3552   	
4.8e-05   	286.115   	14.693   	
4.81e-05   	286.108   	14.6058   	
4.82e-05   	286.842   	14.704   	
4.83e-05   	287.127   	14.8398   	
4.84e-05   	287.155   	14.8516   	
4.85e-05   	287.667   	15.1406   	
4.86e-05   	287.716   	15.4531   	
4.87e-05   	288.215   	14.8385   	
4.88e-05   	288.524   	14.8325   	
4.89e-05   	288.566   	14.6258   	
4.9e-05   	288.813   	14.1112   	
4.91e-05   	288.835   	13.9254   	
4.92e-05   	288.645   	13.9677   	
4.93e-05   	288.232   	14.3235   	
4.94e-05   	288.436   	14.547   	
4.95e-05   	288.395   	14.2982   	
4.96e-05   	288.413   	14.2077   	
4.97e-05   	288.363   	14.0066   	
4.98e-05   	288.276   	14.2119   	
4.99e-05   	288.049   	14.3411   	
5e-05   	287.723   	14.3021   	
5.01e-05   	288.481   	14.3763   	
5.02e-05   	288.543   	14.4078   	
5.03e-05   	288.763   	14.7039   	
5.04e-05   	288.847   	14.86   	
5.05e-05   	289.136   	14.8008   	
5.06e-05   	289.502   	14.9882   	
5.07e-05   	289.457   	14.5278   	
5.08e-05   	289.478   	14.1441   	
5.09e-05   	289.323   	14.2417   	
5.1e-05   	289.485   	14.2248   	
5.11e-05   	289.533   	14.0407   	
5.12e-05   	289.373   	14.4285   	
5.13e-05   	289.839   	14.2082   	
5.14e-05   	290.293   	14.5241   	
5.15e-05   	290.359   	14.208   	
5.16e-05   	290.459   	14.8376   	
5.17e-05   	290.742   	14.9923   	
5.18e-05   	290.981   	14.512   	
5.19e-05   	291.369   	14.6488   	
5.2e-05   	291.239   	14.3329   	
5.21e-05   	291.509   	14.3013   	
5.22e-05   	291.917   	13.8421   	
5.23e-05   	291.628   	14.0403   	
5.24e-05   	290.998   	14.0185   	
5.25e-05   	291.193   	14.5063   	
5.26e-05   	291.445   	14.5171   	
5.27e-05   	291.407   	14.4162   	
5.28e-05   	291.293   	14.2251   	
5.29e-05   	290.864   	14.4547   	
5.3e-05   	290.892   	14.0254   	
5.31e-05   	290.461   	14.4015   	
5.32e-05   	290.815   	14.0771   	
5.33e-05   	291.126   	14.3723   	
5.34e-05   	291.288   	14.7294   	
5.35e-05   	291.163   	15.3665   	
5.36e-05   	291.616   	15.2317   	
5.37e-05   	291.793   	15.0536   	
5.38e-05   	291.885   	14.9276   	
5.39e-05   	291.79   	14.6749   	
5.4e-05   	291.808   	14.4378   	
5.41e-05   	291.884   	14.3524   	
5.42e-05   	291.699   	14.3127   	
5.43e-05   	291.929   	14.6815   	
5.44e-05   	291.829   	14.015   	
5.45e-05   	292.674   	14.3394   	
5.46e-05   	292.506   	14.4084   	
5.47e-05   	292.723   	14.7567   	
5.48e-05   	293.088   	14.6368   	
5.49e-05   	293.195   	14.8495   	
5.5e-05   	293.72   	14.3436   	
5.51e-05   	293.341   	14.1008   	
5.52e-05   	293.605   	14.0792   	
5.53e-05   	293.85   	13.6155   	
5.54e-05   	293.837   	13.6754   	
5.55e-05   	293.454   	13.7814   	
5.56e-05   	293.137   	14.3791   	
5.57e-05   	293.472   	14.4493   	
5.58e-05   	293.476   	14.0852   	
5.59e-05   	293.318   	13.92   	
5.6e-05   	293.156   	14.213   	
5.61e-05   	292.867   	14.1171   	
5.62e-05   	292.481   	14.6587   	
5.63e-05   	292.516   	14.3492   	
5.64e-05   	293.213   	14.031   	
5.65e-05   	293.091   	14.71   	
5.66e-05   	293.221   	15.0428   	
5.67e-05   	293.375   	15.2693   	
5.68e-05   	293.661   	14.8135   	
5.69e-05   	293.818   	14.6696   	
5.7e-05   	293.723   	14.4495   	
5.71e-05   	293.778   	14.2306   	
5.72e-05   	293.632   	14.2419   	
5.73e-05   	293.473   	14.0319   	
5.74e-05   	293.568   	14.5839   	
5.75e-05   	293.356   	14.1923   	
5.76e-05   	293.961   	14.4417   	
5.77e-05   	294.419   	14.6236   	
5.78e-05   	294.313   	14.5808   	
5.79e-05   	294.757   	14.8535   	
5.8e-05   	294.898   	15.0787   	
5.81e-05   	295.149   	14.6181   	
5.82e-05   	295.326   	14.5193   	
5.83e-05   	295.375   	14.3046   	
5.84e-05   	295.721   	13.7964   	
5.85e-05   	295.484   	13.7066   	
5.86e-05   	295.294   	13.9659   	
5.87e-05   	294.786   	14.3787   	
5.88e-05   	294.784   	14.588   	
5.89e-05   	294.885   	14.4989   	
5.9e-05   	294.906   	14.2689   	
5.91e-05   	294.76   	14.5014   	
5.92e-05   	294.615   	14.3985   	
5.93e-05   	294.274   	14.4212   	
5.94e-05   	293.962   	14.3848   	
5.95e-05   	294.65   	14.1805   	
5.96e-05   	294.573   	14.436   	
5.97e-05   	294.85   	14.6755   	
5.98e-05   	294.805   	14.8179   	
5.99e-05   	294.958   	14.5131   	
6e-05   	295.321   	14.8363   	
6.01e-05   	295.038   	14.5097   	
6.02e-05   	295.088   	14.1234   	
6.03e-05   	295.047   	14.325   	
6.04e-05   	294.91   	14.1558   	
6.05e-05   	295.094   	14.1918   	
6.06e-05   	294.94   	14.423   	
6.07e-05   	295.482   	14.4962   	
6.08e-05   	295.832   	14.6874   	
6.09e-05   	295.708   	14.3413   	
6.1e-05   	295.848   	14.6991   	
6.11e-05   	296.053   	15.0521   	
6.12e-05   	296.272   	14.644   	
6.13e-05   	296.515   	14.5649   	
6.14e-05   	296.477   	14.3253   	
6.15e-05   	296.746   	14.2016   	
6.16e-05   	297.1   	13.6556   	
6.17e-05   	296.692   	14.038   	
6.18e-05   	295.994   	13.9545   	
6.19e-05   	296.184   	14.4034   	
6.2e-05   	296.428   	14.5974   	
6.21e-05   	296.282   	14.2954   	
6.22e-05   	296.056   	14.253   	
6.23e-05   	295.676   	14.2334   	
6.24e-05   	295.604   	13.9823   	
6.25e-05   	295.118   	14.1263   	
6.26e-05   	295.456   	13.8276   	
6.27e-05   	295.724   	14.2332   	
6.28e-05   	295.977   	14.4187   	
6.29e-05   	295.762   	14.9035   	
6.3e-05   	296.041   	14.6632   	
6.31e-05   	296.236   	14.6168   	
6.32e-05   	296.34   	14.556   	
6.33e-05   	296.317   	14.453   	
6.34e-05   	296.115   	14.4439   	
6.35e-05   	296.224   	14.2462   	
6.36e-05   	295.96   	14.2802   	
6.37e-05   	296.16   	14.8039   	
6.38e-05   	296.302   	14.302   	
6.39e-05   	296.789   	14.5709   	
6.4e-05   	296.808   	14.7189   	
6.41e-05   	296.84   	15.1779   	
6.42e-05   	297.115   	14.9656   	
6.43e-05   	297.449   	15.0097   	
6.44e-05   	297.657   	14.6948   	
6.45e-05   	297.293   	14.2887   	
6.46e-05   	297.613   	14.6616   	
6.47e-05   	297.718   	14.0698   	
6.48e-05   	297.697   	14.1821   	
6.49e-05   	297.141   	14.2004   	
6.5e-05   	296.93   	14.8069   	
6.51e-05   	297.336   	14.9655   	
6.52e-05   	297.144   	14.5901   	
6.53e-05   	296.963   	14.5831   	
6.54e-05   	296.728   	14.8804   	
6.55e-05   	296.402   	14.5889   	
6.56e-05   	296.165   	14.9754   	
6.57e-05   	296.056   	14.7087   	
6.58e-05   	296.605   	14.5864   	
6.59e-05   	296.665   	15.1574   	
6.6e-05   	296.66   	15.4051   	
6.61e-05   	296.841   	15.4892   	
6.62e-05   	297.172   	14.9126   	
6.63e-05   	297.295   	14.915   	
6.64e-05   	297.335   	14.9365   	
6.65e-05   	297.063   	14.5971   	
6.66e-05   	297.056   	14.6064   	
6.67e-05   	296.788   	14.8524   	
6.68e-05   	296.934   	15.1559   	
6.69e-05   	296.775   	14.8442   	
6.7e-05   	297.399   	14.7155   	
6.71e-05   	297.488   	14.9064   	
6.72e-05   	297.649   	14.8592   	
6.73e-05   	297.946   	15.066   	
6.74e-05   	298.112   	15.4715   	
6.75e-05   	298.362   	14.7676   	
6.76e-05   	298.522   	14.8433   	
6.77e-05   	298.554   	14.4863   	
6.78e-05   	298.7   	14.0286   	
6.79e-05   	298.525   	13.9198   	
6.8e-05   	298.345   	13.9618   	
6.81e-05   	297.665   	14.5373   	
6.82e-05   	297.978   	14.634   	
6.83e-05   	297.957   	14.6949   	
6.84e-05   	297.673   	14.5134   	
6.85e-05   	297.63   	14.7649   	
6.86e-05   	297.436   	14.7423   	
6.87e-05   	297.29   	14.8696   	
6.88e-05   	296.854   	14.7342   	
6.89e-05   	297.497   	14.5329   	
6.9e-05   	297.185   	14.9212   	
6.91e-05   	297.537   	15.0355   	
6.92e-05   	297.558   	15.0715   	
6.93e-05   	297.701   	14.911   	
6.94e-05   	298.138   	15.3135   	
6.95e-05   	297.597   	15.0517   	
6.96e-05   	297.971   	14.7022   	
6.97e-05   	297.632   	14.8822   	
6.98e-05   	297.44   	14.6693   	
6.99e-05   	297.694   	14.8477   	
7e-05   	297.538   	14.9239   	
7.01e-05   	298.026   	15.0224   	
7.02e-05   	298.273   	15.0516   	
7.03e-05   	298.186   	14.8974   	
7.04e-05   	298.418   	15.0688   	
7.05e-05   	298.674   	15.2827   	
7.06e-05   	298.768   	14.8573   	
7.07e-05   	299.161   	15.1347   	
7.08e-05   	298.992   	14.7186   	
7.09e-05   	299.128   	14.5354   	
7.1e-05   	299.429   	14.3016   	
7.11e-05   	299.079   	14.4079   	
7.12e-05   	298.534   	14.3184   	
7.13e-05   	298.461   	14.6069   	
7.14e-05   	298.768   	14.7688   	
7.15e-05   	298.579   	14.515   	
7.16e-05   	298.399   	14.4163   	
7.17e-05   	298.072   	14.5975   	
7.18e-05   	297.93   	14.3893   	
7.19e-05   	297.26   	14.5147   	
7.2e-05   	297.79   	14.3336   	
7.21e-05   	298.105   	14.4324   	
7.22e-05   	298.26   	14.6667   	
7.23e-05   	298.087   	15.0849   	
7.24e-05   	298.43   	14.8226   	
7.25e-05   	298.491   	14.8722   	
7.26e-05   	298.627   	14.7831   	
7.27e-05   	298.35   	14.5766   	
7.28e-05   	298.304   	14.5019   	
7.29e-05   	298.403   	14.4605   	
7.3e-05   	298.238   	14.3548   	
7.31e-05   	298.332   	14.8104   	
7.32e-05   	298.498   	14.1519   	
7.33e-05   	298.85   	14.567   	
7.34e-05   	298.936   	14.4659   	
7.35e-05   	299.052   	14.6995   	
7.36e-05   	299.096   	14.6594   	
7.37e-05   	299.474   	14.5572   	
7.38e-05   	299.685   	14.4993   	
7.39e-05   	299.31   	14.2328   	
7.4e-05   	299.681   	14.3844   	
7.41e-05   	299.97   	14.0007   	
7.42e-05   	299.721   	14.0606   	
7.43e-05   	299.193   	13.8818   	
7.44e-05   	299.063   	14.4288   	
7.45e-05   	299.279   	14.4807   	
7.46e-05   	299.062   	14.1083   	
7.47e-05   	298.925   	14.1871   	
7.48e-05   	298.724   	14.4573   	
7.49e-05   	298.408   	14.2286   	
7.5e-05   	297.979   	14.6399   	
7.51e-05   	298.015   	14.2736   	
7.52e-05   	298.589   	14.3815   	
7.53e-05   	298.589   	14.8112   	
7.54e-05   	298.494   	15.4001   	
7.55e-05   	298.754   	15.3525   	
7.56e-05   	298.994   	14.9207   	
7.57e-05   	299.113   	14.8343   	
7.58e-05   	299.144   	14.6818   	
7.59e-05   	298.946   	14.4053   	
7.6e-05   	298.938   	14.4402   	
7.61e-05   	298.623   	14.6431   	
7.62e-05   	298.78   	14.9367   	
7.63e-05   	298.664   	14.6982   	
7.64e-05   	299.27   	14.7094   	
7.65e-05   	299.347   	14.8572   	
7.66e-05   	299.418   	14.5771   	
7.67e-05   	299.824   	14.8933   	
7.68e-05   	299.794   	15.2044   	
7.69e-05   	300.155   	14.648   	
7.7e-05   	300.22   	14.6705   	
7.71e-05   	300.214   	14.4477   	
7.72e-05   	300.352   	14.0932   	
7.73e-05   	300.145   	13.9886   	
7.74e-05   	299.942   	13.9056   	
7.75e-05   	299.396   	14.6272   	
7.76e-05   	299.781   	14.7848   	
7.77e-05   	299.622   	14.4607   	
7.78e-05   	299.376   	14.0032   	
7.79e-05   	299.198   	14.5669   	
7.8e-05   	299.093   	14.3771   	
7.81e-05   	298.671   	14.734   	
7.82e-05   	298.513   	14.5114   	
7.83e-05   	299.299   	14.5014   	
7.84e-05   	298.926   	14.9205   	
7.85e-05   	298.938   	15.1495   	
7.86e-05   	298.97   	15.1623   	
7.87e-05   	299.429   	14.9978   	
7.88e-05   	299.665   	15.117   	
7.89e-05   	299.261   	14.9151   	
7.9e-05   	299.584   	14.6481   	
7.91e-05   	299.196   	14.8782   	
7.92e-05   	298.898   	14.4049   	
7.93e-05   	299.218   	14.8461   	
7.94e-05   	298.986   	14.745   	
7.95e-05   	299.705   	14.7027   	
7.96e-05   	299.764   	14.7977   	
7.97e-05   	299.855   	14.7486   	
7.98e-05   	299.997   	14.8672   	
7.99e-05   	300.096   	15.0676   	
8e-05   	300.484   	14.6264   	
8.01e-05   	300.727   	14.7114   	
8.02e-05   	300.596   	14.4148   	
8.03e-05   	300.771   	14.1846   	
8.04e-05   	300.787   	13.9003   	
8.05e-05   	300.464   	14.1521   	
8.06e-05   	299.987   	14.4671   	
8.07e-05   	299.987   	14.8928   	
8.08e-05   	299.96   	14.9049   	
8.09e-05   	299.88   	14.6591   	
8.1e-05   	299.798   	14.6744   	
8.11e-05   	299.439   	14.9011   	
8.12e-05   	299.245   	14.8308   	
8.13e-05   	298.713   	14.9068   	
8.14e-05   	299.321   	15.0112   	
8.15e-05   	299.411   	15.1496   	
8.16e-05   	299.465   	15.4051   	
8.17e-05   	299.434   	15.5265   	
8.18e-05   	299.655   	15.391   	
8.19e-05   	299.982   	15.5416   	
8.2e-05   	299.944   	15.1035   	
8.21e-05   	299.751   	14.8383   	
8.22e-05   	299.497   	14.9613   	
8.23e-05   	299.648   	14.9093   	
8.24e-05   	299.762   	14.7794   	
8.25e-05   	299.384   	15.0401   	
8.26e-05   	299.807   	14.5778   	
8.27e-05   	300.202   	14.8638   	
8.28e-05   	300.258   	14.8321   	
8.29e-05   	300.291   	15.0246   	
8.3e-05   	300.436   	15.1608   	
8.31e-05   	300.659   	15.05   	
8.32e-05   	300.836   	14.9233   	
8.33e-05   	300.636   	14.6626   	
8.34e-05   	300.951   	14.6302   	
8.35e-05   	301.191   	14.1816   	
8.36e-05   	300.945   	14.3984   	
8.37e-05   	300.333   	14.2397   	
8.38e-05   	300.403   	14.8597   	
8.39e-05   	300.502   	14.8397   	
8.4e-05   	300.363   	14.5046   	
8.41e-05   	300.217   	14.5672   	
8.42e-05   	299.826   	14.7978   	
8.43e-05   	299.761   	14.3937   	
8.44e-05   	299.262   	14.787   	
8.45e-05   	299.298   	14.386   	
8.46e-05   	299.644   	14.5228   	
8.47e-05   	299.843   	15.0928   	
8.48e-05   	299.691   	15.4495   	
8.49e-05   	299.973   	15.4582   	
8.5e-05   	300.071   	15.1578   	
8.51e-05   	300.307   	15.0594   	
8.52e-05   	300.211   	14.9336   	
8.53e-05   	300.143   	14.7331   	
8.54e-05   	300.124   	14.7189   	
8.55e-05   	299.807   	14.717   	
8.56e-05   	299.877   	15.1667   	
8.57e-05   	299.79   	14.6483   	
8.58e-05   	300.479   	14.8833   	
8.59e-05   	300.462   	14.9921   	
8.6e-05   	300.653   	14.8836   	
8.61e-05   	300.975   	14.9581   	
8.62e-05   	300.962   	15.5155   	
8.63e-05   	301.244   	14.829   	
8.64e-05   	301.125   	14.7233   	
8.65e-05   	301.25   	14.7447   	
8.66e-05   	301.333   	14.19   	
8.67e-05   	301.154   	14.1904   	
8.68e-05   	300.938   	14.113   	
8.69e-05   	300.311   	14.7277   	
8.7e-05   	300.778   	14.9637   	
8.71e-05   	300.76   	14.5472   	
8.72e-05   	300.498   	14.2004   	
8.73e-05   	300.208   	14.6158   	
8.74e-05   	299.998   	14.5283   	
8.75e-05   	299.665   	15.0055   	
8.76e-05   	299.458   	14.9311   	
8.77e-05   	300.177   	14.6036   	
8.78e-05   	300.078   	15.2108   	
8.79e-05   	300.041   	15.3119   	
8.8e-05   	300.047   	15.458   	
8.81e-05   	300.336   	15.2876   	
8.82e-05   	300.588   	15.2769   	
8.83e-05   	300.346   	15.0688   	
8.84e-05   	300.523   	14.8092   	
8.85e-05   	300.354   	15.0199   	
8.86e-05   	299.96   	14.6256   	
8.87e-05   	300.097   	15.1801   	
8.88e-05   	299.961   	14.8866   	
8.89e-05   	300.582   	14.8998   	
8.9e-05   	300.855   	15.1039   	
8.91e-05   	300.661   	15.0043   	
8.92e-05   	301.157   	15.201   	
8.93e-05   	301.098   	15.5714   	
8.94e-05   	301.445   	14.9806   	
8.95e-05   	301.635   	15.0625   	
8.96e-05   	301.602   	14.9348   	
8.97e-05   	301.714   	14.4482   	
8.98e-05   	301.68   	14.2531   	
8.99e-05   	301.389   	14.2523   	
9e-05   	300.893   	14.5457   	
9.01e-05   	300.923   	14.6962   	
9.02e-05   	300.827   	14.6014   	
9.03e-05   	300.782   	14.5991   	
9.04e-05   	300.549   	14.5403   	
9.05e-05   	300.343   	14.687   	
9.06e-05   	300.062   	14.76   	
9.07e-05   	299.704   	14.726   	
9.08e-05   	300.339   	14.9498   	
9.09e-05   	300.28   	14.983   	
9.1e-05   	300.417   	15.1852   	
9.11e-05   	300.391   	15.4989   	
9.12e-05   	300.522   	15.3415   	
9.13e-05   	300.922   	15.6785   	
9.14e-05   	300.786   	15.2404   	
9.15e-05   	300.656   	14.8001   	
9.16e-05   	300.51   	14.9914   	
9.17e-05   	300.561   	14.8643   	
9.18e-05   	300.456   	14.714   	
9.19e-05   	300.296   	15.0809   	
9.2e-05   	300.771   	14.7243   	
9.21e-05   	301.193   	15.112   	
9.22e-05   	300.993   	14.7736   	
9.23e-05   	301.142   	15.2203   	
9.24e-05   	301.304   	15.2396   	
9.25e-05   	301.48   	14.9059   	
9.26e-05   	301.726   	14.7591   	
9.27e-05   	301.636   	14.4983   	
9.28e-05   	301.725   	14.6704   	
9.29e-05   	302.087   	14.1014   	
9.3e-05   	301.746   	14.4353   	
9.31e-05   	301.122   	14.3617   	
9.32e-05   	301.189   	14.8523   	
9.33e-05   	301.38   	14.9018   	
9.34e-05   	301.181   	14.6018   	
9.35e-05   	300.964   	14.506   	
9.36e-05   	300.41   	14.7636   	
9.37e-05   	300.486   	14.4829   	
9.38e-05   	300.064   	14.7336   	
9.39e-05   	300.272   	14.4022   	
9.4e-05   	300.486   	14.65   	
9.41e-05   	300.676   	14.9048   	
9.42e-05   	300.405   	15.4064   	
9.43e-05   	300.816   	15.4104   	
9.44e-05   	301.038   	15.3057   	
9.45e-05   	301.004   	15.2309   	
9.46e-05   	300.883   	15.0583   	
9.47e-05   	300.756   	14.8884   	
9.48e-05   	300.836   	14.7891   	
9.49e-05   	300.58   	14.7106   	
9.5e-05   	300.714   	15.0764   	
9.51e-05   	300.714   	14.4916   	
9.52e-05   	301.363   	14.7906   	
9.53e-05   	301.156   	14.7855   	
9.54e-05   	301.348   	15.0471   	
9.55e-05   	301.666   	14.941   	
9.56e-05   	301.746   	15.0523   	
9.57e-05   	302.154   	14.5554   	
9.58e-05   	301.773   	14.5434   	
9.59e-05   	301.922   	14.7081   	
9.6e-05   	302.114   	14.1869   	
9.61e-05   	302.061   	14.3831   	
9.62e-05   	301.618   	14.2607   	
9.63e-05   	301.243   	14.7044   	
9.64e-05   	301.551   	14.8313   	
9.65e-05   	301.489   	14.4517   	
9.66e-05   	301.257   	14.2911   	
9.67e-05   	301.003   	14.6658   	
9.68e-05   	300.743   	14.5342   	
9.69e-05   	300.355   	14.9233   	
9.7e-05   	300.27   	14.6495   	
9.71e-05   	300.913   	14.3614   	
9.72e-05   	300.774   	14.9692   	
9.73e-05   	300.846   	15.2992   	
9.74e-05   	300.909   	15.6222   	
9.75e-05   	301.165   	15.2102   	
9.76e-05   	301.362   	15.0239   	
9.77e-05   	301.199   	15.0435   	
9.78e-05   	301.205   	14.8986   	
9.79e-05   	301.015   	14.7149   	
9.8e-05   	300.805   	14.5386   	
9.81e-05   	300.899   	15.0737   	
9.82e-05   	300.65   	14.7542   	
9.83e-05   	301.197   	14.8783   	
9.84e-05   	301.522   	15.1167   	
9.85e-05   	301.473   	14.9615   	
9.86e-05   	301.931   	15.21   	
9.87e-05   	301.995   	15.3359   	
9.88e-05   	302.128   	14.8177   	
9.89e-05   	302.3   	14.961   	
9.9e-05   	302.352   	14.6938   	
9.91e-05   	302.58   	14.3382   	
9.92e-05   	302.351   	14.3318   	
9.93e-05   	302.191   	14.5147   	
9.94e-05   	301.502   	14.7722   	
9.95e-05   	301.588   	14.9235   	
9.96e-05   	301.633   	14.8434   	
9.97e-05   	301.493   	14.4727   	
9.98e-05   	301.342   	14.8198   	
9.99e-05   	301.207   	14.7452   	
0.0001   	300.832   	15.0834   	
0.0001001   	300.49   	15.0512   	
0.0001002   	301.146   	14.967   	
0.0001003   	301.011   	15.0776   	
0.0001004   	301.224   	15.3567   	
0.0001005   	301.143   	15.5927   	
0.0001006   	301.329   	15.2951   	
0.0001007   	301.661   	15.8297   	
0.0001008   	301.313   	15.5513   	
0.0001009   	301.376   	15.1171   	
0.000101   	301.293   	15.2829   	
0.0001011   	301.074   	14.9712   	
0.0001012   	301.275   	14.8079   	
0.0001013   	301.101   	15.1141   	
0.0001014   	301.506   	15.1667   	
0.0001015   	301.874   	15.4305   	
0.0001016   	301.804   	15.0714   	
0.0001017   	301.982   	15.1739   	
0.0001018   	302.045   	15.545   	
0.0001019   	302.281   	15.0816   	
0.000102   	302.477   	15.2012   	
0.0001021   	302.386   	14.9199   	
0.0001022   	302.59   	14.8415   	
0.0001023   	302.938   	14.3187   	
0.0001024   	302.485   	14.7867   	
0.0001025   	301.746   	14.5427   	
0.0001026   	301.983   	14.835   	
0.0001027   	302.179   	14.8828   	
0.0001028   	302.016   	14.5146   	
0.0001029   	301.698   	14.572   	
0.000103   	301.339   	14.7709   	
0.0001031   	301.23   	14.7379   	
0.0001032   	300.652   	15.0505   	
0.0001033   	301.05   	14.819   	
0.0001034   	301.306   	15.1277   	
0.0001035   	301.409   	15.3724   	
0.0001036   	301.212   	16.0088   	
0.0001037   	301.52   	15.7421   	
0.0001038   	301.654   	15.6846   	
0.0001039   	301.729   	15.7648   	
0.000104   	301.702   	15.521   	
0.0001041   	301.531   	15.6692   	
0.0001042   	301.622   	15.4927   	
0.0001043   	301.351   	15.3484   	
0.0001044   	301.467   	15.7345   	
0.0001045   	301.555   	15.2044   	
0.0001046   	302   	15.5743   	
0.0001047   	302.065   	15.6028   	
0.0001048   	302.074   	15.8907   	
0.0001049   	302.259   	15.6044   	
0.000105   	302.615   	15.4012   	
0.0001051   	302.796   	15.3031   	
0.0001052   	302.398   	15.0016   	
0.0001053   	302.759   	15.1303   	
0.0001054   	302.907   	14.6659   	
0.0001055   	302.836   	14.8418   	
0.0001056   	302.22   	14.367   	
0.0001057   	302.019   	14.8928   	
0.0001058   	302.324   	14.7586   	
0.0001059   	302.163   	14.3526   	
0.000106   	301.919   	14.2601   	
0.0001061   	301.701   	14.6839   	
0.0001062   	301.281   	14.4914   	
0.0001063   	301.069   	15.0058   	
0.0001064   	300.999   	14.9263   	
0.0001065   	301.532   	14.8283   	
0.0001066   	301.508   	15.373   	
0.0001067   	301.516   	15.756   	
0.0001068   	301.671   	15.931   	
0.0001069   	301.946   	15.5833   	
0.000107   	302.068   	15.7954   	
0.0001071   	302.068   	15.7786   	
0.0001072   	301.771   	15.626   	
0.0001073   	301.784   	15.5527   	
0.0001074   	301.532   	15.5638   	
0.0001075   	301.652   	15.8218   	
0.0001076   	301.443   	15.6117   	
0.0001077   	302.024   	15.5959   	
0.0001078   	302.153   	15.921   	
0.0001079   	302.274   	15.6208   	
0.000108   	302.591   	15.6599   	
0.0001081   	302.698   	16.0773   	
0.0001082   	302.957   	15.4833   	
0.0001083   	303.151   	15.7312   	
0.0001084   	303.069   	15.4286   	
0.0001085   	303.245   	14.8951   	
0.0001086   	303.049   	14.8118   	
0.0001087   	302.808   	14.6997   	
0.0001088   	302.199   	15.3809   	
0.0001089   	302.552   	15.0356   	
0.000109   	302.407   	14.9369   	
0.0001091   	302.171   	14.5421   	
0.0001092   	302.041   	14.6681   	
0.0001093   	301.868   	14.6844   	
0.0001094   	301.636   	14.8154   	
0.0001095   	301.212   	14.7819   	
0.0001096   	301.908   	14.786   	
0.0001097   	301.57   	15.0592   	
0.0001098   	301.775   	15.2632   	
0.0001099   	301.861   	15.4035   	
0.00011   	302.092   	15.2161   	
0.0001101   	302.399   	15.4567   	
0.0001102   	301.894   	15.3819   	
0.0001103   	302.28   	15.0846   	
0.0001104   	301.903   	15.2363   	
0.0001105   	301.693   	14.9465   	
0.0001106   	301.894   	14.9049   	
0.0001107   	301.708   	14.9094   	
0.0001108   	302.2   	14.8688   	
0.0001109   	302.445   	15.1061   	
0.000111   	302.352   	14.849   	
0.0001111   	302.583   	14.9744   	
0.0001112   	302.881   	15.3631   	
0.0001113   	302.936   	15.0066   	
0.0001114   	303.286   	15.4409   	
0.0001115   	303.081   	15.0695   	
0.0001116   	303.288   	14.9733   	
0.0001117   	303.514   	14.5006   	
0.0001118   	303.103   	14.6861   	
0.0001119   	302.591   	14.5408   	
0.000112   	302.54   	14.7768   	
0.0001121   	302.683   	14.6343   	
0.0001122   	302.617   	14.7153   	
0.0001123   	302.324   	14.6562   	
0.0001124   	301.995   	14.7535   	
0.0001125   	301.826   	14.4633   	
0.0001126   	301.253   	14.8161   	
0.0001127   	301.685   	14.7291   	
0.0001128   	301.993   	14.7273   	
0.0001129   	302.116   	15.0806   	
0.000113   	301.967   	15.3902   	
0.0001131   	302.248   	14.966   	
0.0001132   	302.322   	15.0757   	
0.0001133   	302.47   	15.2626   	
0.0001134   	302.129   	15.0374   	
0.0001135   	302.057   	15.2852   	
0.0001136   	302.095   	15.2913   	
0.0001137   	302.028   	15.2252   	
0.0001138   	301.964   	15.4648   	
0.0001139   	302.096   	14.644   	
0.000114   	302.547   	14.8587   	
0.0001141   	302.59   	14.8669   	
0.0001142   	302.72   	15.1811   	
0.0001143   	302.819   	15.2057   	
0.0001144   	303.14   	15.1605   	
0.0001145   	303.207   	15.2787   	
0.0001146   	302.929   	15.1534   	
0.0001147   	303.25   	14.9662   	
0.0001148   	303.534   	14.5683   	
0.0001149   	303.307   	14.8706   	
0.000115   	302.713   	14.6129   	
0.0001151   	302.69   	15.0802   	
0.0001152   	302.746   	14.9276   	
0.0001153   	302.632   	14.4564   	
0.0001154   	302.451   	14.8165   	
0.0001155   	302.199   	14.9931   	
0.0001156   	301.84   	14.9326   	
0.0001157   	301.465   	15.3413   	
0.0001158   	301.442   	15.3608   	
0.0001159   	301.963   	15.0597   	
0.000116   	302.038   	15.4581   	
0.0001161   	301.902   	15.6134   	
0.0001162   	302.126   	15.993   	
0.0001163   	302.293   	15.5286   	
0.0001164   	302.511   	15.8183   	
0.0001165   	302.449   	15.8038   	
0.0001166   	302.376   	15.678   	
0.0001167   	302.262   	15.6131   	
0.0001168   	302.04   	15.9177   	
0.0001169   	302.098   	16.1379   	
0.000117   	302.047   	15.8296   	
0.0001171   	302.616   	15.8746   	
0.0001172   	302.64   	16.0542   	
0.0001173   	302.805   	15.8141   	
0.0001174   	303.227   	16.1023   	
0.0001175   	303.119   	16.3576   	
0.0001176   	303.505   	15.9489   	
0.0001177   	303.502   	15.9216   	
0.0001178   	303.509   	15.61   	
0.0001179   	303.647   	15.1683   	
0.000118   	303.39   	15.236   	
0.0001181   	303.248   	14.8717   	
0.0001182   	302.678   	15.3415   	
0.0001183   	303.075   	15.762   	
0.0001184   	302.978   	15.4492   	
0.0001185   	302.669   	15.2235   	
0.0001186   	302.471   	15.5065   	
0.0001187   	302.277   	15.189   	
0.0001188   	301.886   	15.8096   	
0.0001189   	301.809   	15.7825   	
0.000119   	302.466   	15.4818   	
0.0001191   	302.255   	15.5597   	
0.0001192   	302.197   	15.7453   	
0.0001193   	302.176   	16.0799   	
0.0001194   	302.664   	15.8645   	
0.0001195   	302.958   	16.2085   	
0.0001196   	302.457   	16.1708   	
0.0001197   	302.82   	16.1791   	
0.0001198   	302.456   	16.3659   	
0.0001199   	302.139   	16.0624   	
0.00012   	302.343   	16.178   	
0.0001201   	302.227   	16.3098   	
0.0001202   	302.918   	16.157   	
0.0001203   	302.94   	16.4166   	
0.0001204   	302.941   	15.9952   	
0.0001205   	303.242   	16.1558   	
0.0001206   	303.349   	16.118   	
0.0001207   	303.712   	15.8239   	
0.0001208   	304.026   	16.0376   	
0.0001209   	303.791   	15.6691   	
0.000121   	303.961   	15.2563   	
0.0001211   	303.936   	15.3146   	
0.0001212   	303.719   	15.7222   	
0.0001213   	303.21   	15.6903   	
0.0001214   	303.191   	15.9834   	
0.0001215   	303.179   	15.6725   	
0.0001216   	303.14   	15.7557   	
0.0001217   	302.93   	15.3885   	
0.0001218   	302.636   	15.4332   	
0.0001219   	302.432   	15.3246   	
0.000122   	301.905   	15.2024   	
0.0001221   	302.521   	15.2592   	
0.0001222   	302.599   	15.2411   	
0.0001223   	302.61   	15.4248   	
0.0001224   	302.636   	15.7308   	
0.0001225   	302.871   	15.3327   	
0.0001226   	303.089   	15.5048   	
0.0001227   	303.012   	15.431   	
0.0001228   	302.88   	15.2205   	
0.0001229   	302.657   	15.3   	
0.000123   	302.809   	15.3529   	
0.0001231   	302.773   	15.3626   	
0.0001232   	302.527   	15.666   	
0.0001233   	302.909   	15.079   	
0.0001234   	303.274   	15.7514   	
0.0001235   	303.257   	15.4539   	
0.0001236   	303.326   	15.4233   	
0.0001237   	303.448   	15.5771   	
0.0001238   	303.699   	15.5155   	
0.0001239   	303.874   	15.6214   	
0.000124   	303.73   	15.2244   	
0.0001241   	303.915   	15.0131   	
0.0001242   	304.216   	14.6582   	
0.0001243   	304.028   	14.9669   	
0.0001244   	303.329   	14.8583   	
0.0001245   	303.36   	15.3086   	
0.0001246   	303.523   	15.2301   	
0.0001247   	303.35   	14.9326   	
0.0001248   	303.191   	14.7676   	
0.0001249   	302.759   	15.2553   	
0.000125   	302.797   	14.8881   	
0.0001251   	302.203   	14.8009   	
0.0001252   	302.287   	14.5182   	
0.0001253   	302.699   	14.3555   	
0.0001254   	302.852   	15.018   	
0.0001255   	302.647   	15.2847   	
0.0001256   	303.01   	15.1395   	
0.0001257   	303.167   	15.1935   	
0.0001258   	303.28   	15.3044   	
0.0001259   	303.076   	15.0866   	
0.000126   	303.079   	15.2963   	
0.0001261   	303.073   	15.175   	
0.0001262   	302.765   	15.2755   	
0.0001263   	302.879   	15.9034   	
0.0001264   	302.778   	15.4748   	
0.0001265   	303.496   	15.5463   	
0.0001266   	303.368   	15.7302   	
0.0001267   	303.613   	15.3066   	
0.0001268   	303.91   	15.2912   	
0.0001269   	303.862   	15.7194   	
0.000127   	304.203   	15.2638   	
0.0001271   	304.102   	15.3312   	
0.0001272   	304.17   	15.0099   	
0.0001273   	304.293   	14.5279   	
0.0001274   	304.13   	14.5603   	
0.0001275   	303.889   	14.1654   	
0.0001276   	303.237   	14.7332   	
0.0001277   	303.716   	15.0843   	
0.0001278   	303.727   	14.8407   	
0.0001279   	303.424   	14.5394   	
0.000128   	303.159   	15.0919   	
0.0001281   	302.917   	14.9931   	
0.0001282   	302.548   	15.1063   	
0.0001283   	302.312   	14.9299   	
0.0001284   	303.132   	14.5037   	
0.0001285   	302.949   	15.1093   	
0.0001286   	302.994   	15.5499   	
0.0001287   	303.004   	15.4741   	
0.0001288   	303.317   	15.0077   	
0.0001289   	303.535   	15.1214   	
0.000129   	303.244   	14.8272   	
0.0001291   	303.372   	14.8252   	
0.0001292   	303.217   	15.1862   	
0.0001293   	302.837   	14.8213   	
0.0001294   	302.999   	15.27   	
0.0001295   	302.82   	15.0772   	
0.0001296   	303.425   	15.2157   	
0.0001297   	303.703   	15.4364   	
0.0001298   	303.59   	15.2415   	
0.0001299   	304.032   	15.0555   	
0.00013   	303.966   	15.432   	
0.0001301   	304.268   	15.0326   	
0.0001302   	304.471   	15.0403   	
0.0001303   	304.382   	14.7959   	
0.0001304   	304.601   	14.4186   	
0.0001305   	304.483   	14.3852   	
0.0001306   	304.092   	14.2815   	
0.0001307   	303.58   	14.9095   	
0.0001308   	303.739   	15.1046   	
0.0001309   	303.615   	15.3973   	
0.000131   	303.51   	15.3461   	
0.0001311   	303.332   	15.4007   	
0.0001312   	303.175   	15.5194   	
0.0001313   	302.837   	15.794   	
0.0001314   	302.441   	15.4727   	
0.0001315   	303.117   	15.5928   	
0.0001316   	303.011   	15.4382   	
0.0001317   	303.187   	15.7086   	
0.0001318   	303.148   	15.918   	
0.0001319   	303.352   	15.5973   	
0.000132   	303.64   	15.8723   	
0.0001321   	303.473   	15.5949   	
0.0001322   	303.497   	15.328   	
0.0001323   	303.231   	15.788   	
0.0001324   	303.218   	15.5277   	
0.0001325   	303.211   	15.4532   	
0.0001326   	303.115   	15.4067   	
0.0001327   	303.503   	15.3333   	
0.0001328   	303.966   	15.8579   	
0.0001329   	303.759   	15.3939   	
0.000133   	303.941   	15.4708   	
0.0001331   	304.016   	15.5164   	
0.0001332   	304.3   	15.732   	
0.0001333   	304.512   	15.4269   	
0.0001334   	304.38   	15.1812   	
0.0001335   	304.522   	15.0084   	
0.0001336   	304.904   	14.8216   	
0.0001337   	304.428   	15.2475   	
0.0001338   	303.819   	15.3506   	
0.0001339   	303.87   	15.8383   	
0.000134   	304.124   	15.9703   	
0.0001341   	303.931   	16.0103   	
0.0001342   	303.678   	15.9537   	
0.0001343   	303.133   	16.2359   	
0.0001344   	303.217   	15.7902   	
0.0001345   	302.717   	15.6715   	
0.0001346   	303.019   	15.7851   	
0.0001347   	303.221   	15.8188   	
0.0001348   	303.382   	16.1817   	
0.0001349   	303.268   	16.2387   	
0.000135   	303.592   	16.2208   	
0.0001351   	303.745   	16.2995   	
0.0001352   	303.758   	16.1255   	
0.0001353   	303.7   	15.6953   	
0.0001354   	303.55   	15.8527   	
0.0001355   	303.546   	15.7592   	
0.0001356   	303.352   	15.821   	
0.0001357   	303.553   	15.9965   	
0.0001358   	303.548   	15.4891   	
0.0001359   	304.127   	16.0081   	
0.000136   	303.969   	16.2298   	
0.0001361   	304.1   	16.544   	
0.0001362   	304.435   	16.534   	
0.0001363   	304.624   	16.3434   	
0.0001364   	305   	16.2912   	
0.0001365   	304.561   	16.3365   	
0.0001366   	304.75   	16.0763   	
0.0001367   	305.006   	15.7685   	
0.0001368   	304.914   	16.1616   	
0.0001369   	304.423   	15.909   	
0.000137   	304.091   	16.5206   	
0.0001371   	304.378   	16.6959   	
0.0001372   	304.352   	16.9957   	
0.0001373   	304.153   	16.5741   	
0.0001374   	304.033   	17.3669   	
0.0001375   	303.644   	17.1319   	
0.0001376   	303.303   	17.1438   	
0.0001377   	303.29   	16.6007   	
0.0001378   	303.915   	16.655   	
0.0001379   	303.797   	17.0707   	
0.000138   	303.891   	17.6328   	
0.0001381   	304.07   	17.4226   	
0.0001382   	304.407   	17.5562   	
0.0001383   	304.5   	17.3469   	
0.0001384   	304.413   	17.0462   	
0.0001385   	304.38   	16.8193   	
0.0001386   	304.244   	16.7665   	
0.0001387   	304.086   	16.8679   	
0.0001388   	304.193   	17.1275   	
0.0001389   	303.923   	16.7952   	
0.000139   	304.519   	16.9908   	
0.0001391   	304.826   	17.6725   	
0.0001392   	304.765   	17.3115   	
0.0001393   	305.228   	17.6929   	
0.0001394   	305.43   	17.4546   	
0.0001395   	305.556   	17.4745   	
0.0001396   	305.675   	17.5814   	
0.0001397   	305.818   	17.0924   	
0.0001398   	306.087   	16.952   	
0.0001399   	305.809   	17.0666   	
0.00014   	305.647   	16.8778   	
0.0001401   	305.005   	17.5373   	
0.0001402   	305.12   	17.537   	
0.0001403   	305.193   	18.1209   	
0.0001404   	305.086   	18.0909   	
0.0001405   	305.015   	18.1701   	
0.0001406   	304.745   	18.5848   	
0.0001407   	304.519   	18.6259   	
0.0001408   	304.221   	17.9127   	
0.0001409   	304.859   	18.2234   	
0.000141   	304.659   	18.096   	
0.0001411   	305.055   	18.334   	
0.0001412   	305.022   	18.526   	
0.0001413   	305.165   	18.163   	
0.0001414   	305.537   	18.752   	
0.0001415   	305.276   	18.6468   	
0.0001416   	305.339   	18.3409   	
0.0001417   	305.168   	18.1797   	
0.0001418   	305.061   	18.2503   	
0.0001419   	305.227   	17.7455   	
0.000142   	305.069   	17.4582   	
0.0001421   	305.598   	17.7656   	
0.0001422   	305.943   	18.5703   	
0.0001423   	305.865   	18.1972   	
0.0001424   	305.967   	18.6023   	
0.0001425   	306.17   	18.4343   	
0.0001426   	306.344   	18.5606   	
0.0001427   	306.58   	18.9146   	
0.0001428   	306.473   	18.6066   	
0.0001429   	306.654   	18.2616   	
0.000143   	307.039   	18.2032   	
0.0001431   	306.577   	18.4419   	
0.0001432   	305.989   	18.8112   	
0.0001433   	306.081   	18.6291   	
0.0001434   	306.354   	18.7902   	
0.0001435   	306.259   	19.057   	
0.0001436   	305.984   	18.7295   	
0.0001437   	305.655   	19.1841   	
0.0001438   	305.562   	19.3905   	
0.0001439   	304.967   	19.0025   	
0.000144   	305.398   	19.3658   	
0.0001441   	305.682   	19.4312   	
0.0001442   	305.899   	19.3218   	
0.0001443   	305.767   	19.6571   	
0.0001444   	305.994   	19.3834   	
0.0001445   	306.256   	19.4208   	
0.0001446   	306.346   	19.8535   	
0.0001447   	306.229   	19.1656   	
0.0001448   	306.03   	19.071   	
0.0001449   	306.221   	18.9994   	
0.000145   	305.962   	18.9155   	
0.0001451   	306.059   	18.6764   	
0.0001452   	306.261   	18.5021   	
0.0001453   	306.702   	18.7474   	
0.0001454   	306.738   	19.1353   	
0.0001455   	306.756   	19.2812   	
0.0001456   	306.994   	18.801   	
0.0001457   	307.335   	18.9832   	
0.0001458   	307.475   	19.2497   	
0.0001459   	307.145   	19.4311   	
0.000146   	307.551   	18.5247   	
0.0001461   	307.624   	18.7761   	
0.0001462   	307.567   	19.1828   	
0.0001463   	307.002   	18.6183   	
0.0001464   	306.828   	19.167   	
0.0001465   	307.144   	19.1129   	
0.0001466   	307.053   	19.0906   	
0.0001467   	306.856   	18.8626   	
0.0001468   	306.583   	19.4914   	
0.0001469   	306.24   	19.5736   	
0.000147   	305.989   	19.8884   	
0.0001471   	305.966   	19.6072   	
0.0001472   	306.497   	20.2102   	
0.0001473   	306.631   	19.8771   	
0.0001474   	306.526   	20.5038   	
0.0001475   	306.691   	20.3113   	
0.0001476   	307.048   	20.2873   	
0.0001477   	307.268   	20.3929   	
0.0001478   	307.257   	19.9262   	
0.0001479   	306.963   	19.2598   	
0.000148   	307.062   	19.3328   	
0.0001481   	306.783   	19.1681   	
0.0001482   	306.95   	19.1011   	
0.0001483   	306.773   	19.405   	
0.0001484   	307.453   	19.0363   	
0.0001485   	307.465   	19.2223   	
0.0001486   	307.492   	19.0992   	
0.0001487   	307.968   	18.9839   	
0.0001488   	307.938   	18.7879   	
0.0001489   	308.31   	18.9295   	
0.000149   	308.455   	19.2018   	
0.0001491   	308.425   	18.8226   	
0.0001492   	308.572   	18.9892   	
0.0001493   	308.435   	19.2706   	
0.0001494   	308.236   	18.5699   	
0.0001495   	307.56   	18.9054   	
0.0001496   	307.955   	18.7139   	
0.0001497   	307.869   	18.987   	
0.0001498   	307.606   	18.783   	
0.0001499   	307.49   	18.7423   	
0.00015   	307.415   	19.2012   	
0.0001501   	307.16   	19.4352   	
0.0001502   	306.802   	18.9335   	
0.0001503   	307.532   	19.4685   	
0.0001504   	307.265   	19.0578   	
0.0001505   	307.416   	19.4269   	
0.0001506   	307.508   	19.1934   	
0.0001507   	307.764   	19.3893   	
0.0001508   	308.17   	19.3253   	
0.0001509   	307.708   	18.786   	
0.000151   	308.08   	18.2148   	
0.0001511   	307.72   	18.0482   	
0.0001512   	307.424   	18.194   	
0.0001513   	307.721   	17.8545   	
0.0001514   	307.566   	17.8356   	
0.0001515   	308.044   	18.2004   	
0.0001516   	308.31   	18.3994   	
0.0001517   	308.246   	17.945   	
0.0001518   	308.503   	18.0389   	
0.0001519   	308.669   	18.0095   	
0.000152   	308.859   	17.8823   	
0.0001521   	309.202   	18.4597   	
0.0001522   	309.024   	18.5897   	
0.0001523   	309.149   	18.5704   	
0.0001524   	309.412   	18.1383   	
0.0001525   	309.081   	17.6194   	
0.0001526   	308.54   	17.9698   	
0.0001527   	308.582   	18.119   	
0.0001528   	308.69   	17.8834   	
0.0001529   	308.576   	17.961   	
0.000153   	308.334   	17.7869   	
0.0001531   	308.067   	18.3288   	
0.0001532   	307.926   	18.7725   	
0.0001533   	307.362   	18.6131   	
0.0001534   	307.808   	19.0472   	
0.0001535   	308.089   	18.935   	
0.0001536   	308.242   	18.8539   	
0.0001537   	308.189   	19.4543   	
0.0001538   	308.463   	19.654   	
0.0001539   	308.698   	19.7695   	
0.000154   	308.718   	19.6572   	
0.0001541   	308.466   	19.2971   	
0.0001542   	308.416   	19.1951   	
0.0001543   	308.44   	19.3315   	
0.0001544   	308.38   	19.1194   	
0.0001545   	308.359   	19.015   	
0.0001546   	308.529   	19.5319   	
0.0001547   	308.957   	18.8562   	
0.0001548   	309.126   	18.8013   	
0.0001549   	309.158   	18.8236   	
0.000155   	309.229   	18.2429   	
0.0001551   	309.514   	18.5864   	
0.0001552   	309.683   	18.4234   	
0.0001553   	309.435   	18.7023   	
0.0001554   	309.706   	18.2669   	
0.0001555   	310.065   	18.2342   	
0.0001556   	309.853   	18.4614   	
0.0001557   	309.26   	18.4574   	
0.0001558   	309.259   	18.7386   	
0.0001559   	309.387   	18.1973   	
0.000156   	309.295   	18.3711   	
0.0001561   	309.12   	17.8099   	
0.0001562   	308.857   	18.3727   	
0.0001563   	308.639   	18.4287   	
0.0001564   	308.269   	18.5459   	
0.0001565   	308.263   	18.8182   	
0.0001566   	308.765   	19.2771   	
0.0001567   	308.842   	18.9619   	
0.0001568   	308.759   	19.5572   	
0.0001569   	309.011   	19.5071   	
0.000157   	309.175   	20.0241   	
0.0001571   	309.421   	20.2227   	
0.0001572   	309.389   	19.0233   	
0.0001573   	309.335   	18.6174   	
0.0001574   	309.21   	19.1339   	
0.0001575   	308.995   	19.1149   	
0.0001576   	309.092   	18.8836   	
0.0001577   	309.017   	19.4594   	
0.0001578   	309.581   	19.2476   	
0.0001579   	309.597   	18.8584   	
0.000158   	309.792   	18.8195   	
0.0001581   	310.196   	18.8567   	
0.0001582   	310.052   	18.6901   	
0.0001583   	310.477   	18.9563   	
0.0001584   	310.498   	19.0177   	
0.0001585   	310.504   	18.4564   	
0.0001586   	310.634   	18.2716   	
0.0001587   	310.512   	19.1403   	
0.0001588   	310.282   	18.6915   	
0.0001589   	309.752   	18.7987   	
0.000159   	310.214   	18.7601   	
0.0001591   	310.138   	18.9093   	
0.0001592   	309.878   	18.9561   	
0.0001593   	309.663   	19.1228   	
0.0001594   	309.484   	19.3333   	
0.0001595   	309.108   	19.4786   	
0.0001596   	309.053   	19.5666   	
0.0001597   	309.845   	19.8396   	
0.0001598   	309.603   	19.5105   	
0.0001599   	309.524   	19.8276   	
0.00016   	309.63   	19.8026   	
0.0001601   	310.045   	20.037   	
0.0001602   	310.335   	20.3978   	
0.0001603   	309.921   	19.7222   	
0.0001604   	310.315   	19.1094   	
0.0001605   	309.887   	19.3655   	
0.0001606   	309.636   	19.4479   	
0.0001607   	309.864   	19.2472   	
0.0001608   	309.675   	19.5163   	
0.0001609   	310.365   	19.9448   	
0.000161   	310.554   	19.8229   	
0.0001611   	310.475   	19.2634   	
0.0001612   	310.795   	19.0396   	
0.0001613   	310.876   	18.9379   	
0.0001614   	311.286   	19.0962   	
0.0001615   	311.545   	19.0922   	
0.0001616   	311.364   	18.8272   	
0.0001617   	311.61   	18.6348   	
0.0001618   	311.569   	19.7411   	
0.0001619   	311.346   	19.2933   	
0.000162   	310.881   	19.6945   	
0.0001621   	310.928   	19.6241   	
0.0001622   	310.843   	20.0271   	
0.0001623   	310.934   	19.9455   	
0.0001624   	310.749   	20.0461   	
0.0001625   	310.504   	20.015   	
0.0001626   	310.237   	20.1652   	
0.0001627   	309.886   	20.0603   	
0.0001628   	310.489   	20.6555   	
0.0001629   	310.557   	20.4763   	
0.000163   	310.585   	20.2353   	
0.0001631   	310.738   	20.771   	
0.0001632   	310.948   	20.6681   	
0.0001633   	311.149   	21.0363   	
0.0001634   	311.142   	21.1791   	
0.0001635   	311.031   	20.512   	
0.0001636   	310.857   	20.554   	
0.0001637   	311.012   	21.062   	
0.0001638   	311.077   	20.8029   	
0.0001639   	310.796   	20.7397   	
0.000164   	311.246   	21.3962   	
0.0001641   	311.621   	21.0791   	
0.0001642   	311.674   	20.4697   	
0.0001643   	311.763   	20.134   	
0.0001644   	311.935   	19.6255   	
0.0001645   	312.144   	19.9584   	
0.0001646   	312.402   	19.8521   	
0.0001647   	312.224   	20.0971   	
0.0001648   	312.47   	19.3153   	
0.0001649   	312.883   	20.023   	
0.000165   	312.687   	20.2692   	
0.0001651   	311.996   	20.3321   	
0.0001652   	312.105   	20.7221   	
0.0001653   	312.3   	20.3804   	
0.0001654   	312.082   	20.8139   	
0.0001655   	312.09   	20.9048   	
0.0001656   	311.619   	20.9311   	
0.0001657   	311.69   	20.8542   	
0.0001658   	311.175   	20.704   	
0.0001659   	311.393   	20.9142   	
0.000166   	311.711   	21.1199   	
0.0001661   	311.85   	20.8762   	
0.0001662   	311.668   	20.8136   	
0.0001663   	312.076   	20.8215   	
0.0001664   	312.284   	21.2241   	
0.0001665   	312.427   	21.5323   	
0.0001666   	312.307   	20.6715   	
0.0001667   	312.3   	20.1914   	
0.0001668   	312.348   	20.9696   	
0.0001669   	312.128   	20.6418   	
0.000167   	312.223   	20.7224   	
0.0001671   	312.163   	21.1736   	
0.0001672   	312.911   	21.1549   	
0.0001673   	312.86   	20.582   	
0.0001674   	313.071   	20.4777   	
0.0001675   	313.382   	20.1203   	
0.0001676   	313.433   	19.5948   	
0.0001677   	313.778   	20.2146   	
0.0001678   	313.676   	20.0982   	
0.0001679   	313.838   	19.5678   	
0.000168   	313.972   	19.9326   	
0.0001681   	313.951   	20.6634   	
0.0001682   	313.758   	20.5357   	
0.0001683   	313.211   	20.2786   	
0.0001684   	313.604   	20.5519   	
0.0001685   	313.714   	20.9318   	
0.0001686   	313.511   	21.1643   	
0.0001687   	313.312   	21.0742   	
0.0001688   	313.082   	21.0854   	
0.0001689   	312.712   	21.0922   	
0.000169   	312.587   	21.0972   	
0.0001691   	313.364   	21.5022   	
0.0001692   	313.214   	21.0271   	
0.0001693   	313.324   	20.936   	
0.0001694   	313.326   	20.9184   	
0.0001695   	313.677   	21.2435   	
0.0001696   	313.945   	21.7587   	
0.0001697   	313.72   	21.0515   	
0.0001698   	313.828   	20.7112   	
0.0001699   	313.762   	20.5968   	
0.00017   	313.44   	20.7111   	
0.0001701   	313.625   	20.208   	
0.0001702   	313.48   	20.5564   	
0.0001703   	314.096   	20.7939   	
0.0001704   	314.473   	20.8435   	
0.0001705   	314.322   	20.2985   	
0.0001706   	314.842   	19.9607   	
0.0001707   	314.849   	19.5738   	
0.0001708   	315.159   	19.9276   	
0.0001709   	315.398   	20.0407   	
0.000171   	315.38   	20.1031   	
0.0001711   	315.717   	19.8663   	
0.0001712   	315.58   	20.534   	
0.0001713   	315.396   	20.5723   	
0.0001714   	314.897   	20.6801   	
0.0001715   	314.999   	21.0779   	
0.0001716   	315.021   	21.3781   	
0.0001717   	315.026   	21.4683   	
0.0001718   	314.846   	21.5744   	
0.0001719   	314.787   	21.5334   	
0.000172   	314.46   	21.3749   	
0.0001721   	314.128   	21.4701   	
0.0001722   	314.873   	21.7837   	
0.0001723   	314.849   	21.4533   	
0.0001724   	315.082   	21.4455   	
0.0001725   	314.942   	21.6947   	
0.0001726   	315.259   	21.7421   	
0.0001727   	315.611   	21.9871   	
0.0001728   	315.431   	22.0486   	
0.0001729   	315.488   	22.0298   	
0.000173   	315.428   	21.9729   	
0.0001731   	315.409   	22.074   	
0.0001732   	315.384   	22.0917   	
0.0001733   	315.346   	21.8553   	
0.0001734   	315.871   	22.5373   	
0.0001735   	316.306   	22.6955   	
0.0001736   	316.237   	22.5448   	
0.0001737   	316.4   	22.2988   	
0.0001738   	316.578   	21.9801   	
0.0001739   	316.866   	22.7708   	
0.000174   	317.125   	22.8627   	
0.0001741   	317.106   	23.5547   	
0.0001742   	317.313   	22.934   	
0.0001743   	317.773   	23.6501   	
0.0001744   	317.37   	23.6989   	
0.0001745   	316.92   	24.085   	
0.0001746   	317.021   	24.2977   	
0.0001747   	317.317   	24.3428   	
0.0001748   	317.234   	24.8197   	
0.0001749   	317.039   	24.6798   	
0.000175   	316.598   	24.5363   	
0.0001751   	316.793   	24.5434   	
0.0001752   	316.34   	24.246   	
0.0001753   	316.746   	24.8813   	
0.0001754   	317.032   	24.808   	
0.0001755   	317.287   	24.6371   	
0.0001756   	317.152   	24.5801   	
0.0001757   	317.493   	24.6625   	
0.0001758   	317.664   	24.9097   	
0.0001759   	317.809   	25.3409   	
0.000176   	317.819   	25.0593   	
0.0001761   	317.778   	24.9082   	
0.0001762   	317.784   	25.1476   	
0.0001763   	317.692   	24.8037   	
0.0001764   	317.867   	24.7344   	
0.0001765   	318.047   	25.318   	
0.0001766   	318.672   	25.0129   	
0.0001767   	318.57   	25.369   	
0.0001768   	318.741   	25.3194   	
0.0001769   	319.099   	25.0934   	
0.000177   	319.432   	25.5309   	
0.0001771   	319.721   	25.9958   	
0.0001772   	319.435   	26.6219   	
0.0001773   	319.673   	26.0596   	
0.0001774   	319.953   	26.0168   	
0.0001775   	319.996   	26.3361   	
0.0001776   	319.564   	26.442   	
0.0001777   	319.365   	26.454   	
0.0001778   	319.687   	26.9641   	
0.0001779   	319.663   	27.6196   	
0.000178   	319.586   	27.8516   	
0.0001781   	319.505   	27.6645   	
0.0001782   	319.236   	27.7874   	
0.0001783   	318.973   	27.335   	
0.0001784   	318.962   	27.6426   	
0.0001785   	319.626   	27.7879   	
0.0001786   	319.706   	27.4565   	
0.0001787   	319.688   	27.3733   	
0.0001788   	319.971   	26.9056   	
0.0001789   	320.319   	27.2832   	
0.000179   	320.48   	27.4038   	
0.0001791   	320.505   	27.1043   	
0.0001792   	320.472   	26.9712   	
0.0001793   	320.487   	26.8635   	
0.0001794   	320.29   	26.6493   	
0.0001795   	320.402   	26.1141   	
0.0001796   	320.26   	26.6783   	
0.0001797   	320.891   	26.4807   	
0.0001798   	321.152   	26.8961   	
0.0001799   	321.281   	26.9414   	
0.00018   	321.728   	26.6116   	
0.0001801   	321.927   	26.3733   	
0.0001802   	322.115   	27.4535   	
0.0001803   	322.333   	27.4008   	
0.0001804   	322.467   	27.8258   	
0.0001805   	322.75   	27.6006   	
0.0001806   	322.689   	27.8723   	
0.0001807   	322.546   	27.9063   	
0.0001808   	321.917   	27.9716   	
0.0001809   	322.213   	28.3967   	
0.000181   	322.347   	28.7857   	
0.0001811   	322.208   	29.31   	
0.0001812   	322.145   	28.9166   	
0.0001813   	322.003   	28.9515   	
0.0001814   	321.833   	28.517   	
0.0001815   	321.513   	28.7642   	
0.0001816   	322.246   	28.7527   	
0.0001817   	322.156   	28.5877   	
0.0001818   	322.511   	28.4721   	
0.0001819   	322.493   	28.5856   	
0.000182   	322.746   	28.7553   	
0.0001821   	323.123   	28.2876   	
0.0001822   	322.839   	28.7806   	
0.0001823   	323.028   	29.083   	
0.0001824   	322.969   	28.7838   	
0.0001825   	322.853   	28.6745   	
0.0001826   	323.092   	28.7369   	
0.0001827   	323.036   	28.2288   	
0.0001828   	323.512   	28.4272   	
0.0001829   	323.908   	28.8381   	
0.000183   	323.897   	28.9814   	
0.0001831   	324.133   	28.643   	
0.0001832   	324.363   	28.407   	
0.0001833   	324.549   	29.5157   	
0.0001834   	324.901   	29.2415   	
0.0001835   	324.827   	29.6497   	
0.0001836   	325.088   	29.4204   	
0.0001837   	325.567   	29.7572   	
0.0001838   	325.112   	29.8127   	
0.0001839   	324.695   	30.0363   	
0.000184   	324.828   	30.0246   	
0.0001841   	325.189   	30.158   	
0.0001842   	325.045   	30.8541   	
0.0001843   	324.905   	30.6738   	
0.0001844   	324.63   	30.4528   	
0.0001845   	324.572   	30.5123   	
0.0001846   	324.04   	30.0971   	
0.0001847   	324.532   	30.2031   	
0.0001848   	324.99   	29.8191   	
0.0001849   	325.19   	29.769   	
0.000185   	325.105   	29.2895   	
0.0001851   	325.445   	29.5651   	
0.0001852   	325.675   	29.7096   	
0.0001853   	325.776   	29.8451   	
0.0001854   	325.63   	30.1161   	
0.0001855   	325.582   	30.1466   	
0.0001856   	325.849   	30.2769   	
0.0001857   	325.699   	30.2276   	
0.0001858   	325.833   	29.938   	
0.0001859   	326.032   	30.5986   	
0.000186   	326.508   	30.1401   	
0.0001861   	326.617   	30.4591   	
0.0001862   	326.736   	29.9856   	
0.0001863   	326.948   	30.1624   	
0.0001864   	327.38   	30.6654   	
0.0001865   	327.621   	30.6807   	
0.0001866   	327.39   	31.2048   	
0.0001867   	327.814   	31.1583   	
0.0001868   	328.076   	31.2854   	
0.0001869   	328.041   	31.4562   	
0.000187   	327.57   	31.7313   	
0.0001871   	327.493   	31.4813   	
0.0001872   	327.875   	31.8004   	
0.0001873   	327.801   	32.3992   	
0.0001874   	327.692   	32.6004   	
0.0001875   	327.533   	32.6861   	
0.0001876   	327.217   	32.8563   	
0.0001877   	326.953   	32.1636   	
0.0001878   	327.054   	32.6955   	
0.0001879   	327.736   	32.3635   	
0.000188   	327.858   	31.9102   	
0.0001881   	327.873   	31.3987   	
0.0001882   	328.014   	31.3154   	
0.0001883   	328.472   	31.7616   	
0.0001884   	328.695   	32.2185   	
0.0001885   	328.782   	32.4461   	
0.0001886   	328.54   	33.1017   	
0.0001887   	328.697   	33.4612   	
0.0001888   	328.473   	33.1892   	
0.0001889   	328.672   	32.7839   	
0.000189   	328.61   	32.642   	
0.0001891   	329.354   	32.6569   	
0.0001892   	329.548   	32.8483   	
0.0001893   	329.615   	32.8738   	
0.0001894   	330.11   	32.9791   	
0.0001895   	330.181   	32.9707   	
0.0001896   	330.657   	33.8264   	
0.0001897   	330.846   	33.7825   	
0.0001898   	330.861   	34.1436   	
0.0001899   	331.129   	34.5618   	
0.00019   	331.022   	34.505   	
0.0001901   	330.992   	34.6358   	
0.0001902   	330.47   	33.8872   	
0.0001903   	330.995   	34.3087   	
0.0001904   	330.945   	34.9049   	
0.0001905   	330.729   	35.5785   	
0.0001906   	330.721   	35.615   	
0.0001907   	330.703   	35.5953   	
0.0001908   	330.446   	35.1343   	
0.0001909   	330.25   	35.322   	
0.000191   	331.142   	35.2329   	
0.0001911   	330.907   	34.863   	
0.0001912   	331.154   	34.5023   	
0.0001913   	331.289   	34.459   	
0.0001914   	331.646   	34.595   	
0.0001915   	332.141   	34.5897   	
0.0001916   	331.764   	35.0562   	
0.0001917   	332.181   	35.8915   	
0.0001918   	331.866   	35.6653   	
0.0001919   	331.799   	36.0528   	
0.000192   	332.118   	35.8681   	
0.0001921   	332.047   	35.6975   	
0.0001922   	332.674   	35.4087   	
0.0001923   	333.073   	35.5183   	
0.0001924   	333.137   	36.008   	
0.0001925   	333.422   	35.7505   	
0.0001926   	333.718   	35.9366   	
0.0001927   	334.166   	36.587   	
0.0001928   	334.516   	36.4837   	
0.0001929   	334.496   	36.8867   	
0.000193   	334.806   	37.3073   	
0.0001931   	335.027   	37.3624   	
0.0001932   	334.858   	37.2937   	
0.0001933   	334.468   	36.9809   	
0.0001934   	334.665   	36.7544   	
0.0001935   	334.854   	37.0605   	
0.0001936   	334.882   	37.42   	
0.0001937   	334.805   	37.4284   	
0.0001938   	334.585   	37.712   	
0.0001939   	334.532   	37.4856   	
0.000194   	334.095   	37.1959   	
0.0001941   	334.716   	37.1419   	
0.0001942   	335.049   	36.8531   	
0.0001943   	335.318   	36.5744   	
0.0001944   	335.314   	36.1203   	
0.0001945   	335.718   	36.2459   	
0.0001946   	336.041   	36.2738   	
0.0001947   	336.116   	37.0591   	
0.0001948   	335.987   	37.9403   	
0.0001949   	336.004   	38.0491   	
0.000195   	336.189   	37.7181   	
0.0001951   	336.257   	38   	
0.0001952   	336.238   	37.5252   	
0.0001953   	336.598   	37.7579   	
0.0001954   	337.157   	37.1698   	
0.0001955   	337.409   	37.553   	
0.0001956   	337.541   	37.2891   	
0.0001957   	337.743   	37.7877   	
0.0001958   	338.179   	37.8921   	
0.0001959   	338.414   	38.0156   	
0.000196   	338.345   	38.4158   	
0.0001961   	338.782   	38.8677   	
0.0001962   	339.172   	39.4225   	
0.0001963   	339.08   	39.0569   	
0.0001964   	338.64   	39.0064   	
0.0001965   	338.775   	37.8558   	
0.0001966   	339.012   	38.2373   	
0.0001967   	339.049   	38.6023   	
0.0001968   	339.049   	38.6437   	
0.0001969   	338.823   	38.7533   	
0.000197   	338.655   	39.0138   	
0.0001971   	338.393   	38.3096   	
0.0001972   	338.492   	38.6298   	
0.0001973   	339.039   	38.4   	
0.0001974   	339.367   	38.0303   	
0.0001975   	339.378   	37.2608   	
0.0001976   	339.695   	37.5118   	
0.0001977   	339.919   	37.6316   	
0.0001978   	340.295   	37.7872   	
0.0001979   	340.317   	38.6515   	
0.000198   	340.388   	39.8136   	
0.0001981   	340.444   	39.3501   	
0.0001982   	340.381   	39.4862   	
0.0001983   	340.496   	38.4598   	
0.0001984   	340.534   	38.7126   	
0.0001985   	341.35   	38.4541   	
0.0001986   	341.317   	38.5194   	
0.0001987   	341.706   	38.8439   	
0.0001988   	342.239   	38.9502   	
0.0001989   	342.171   	39.0346   	
0.000199   	342.745   	39.2721   	
0.0001991   	342.827   	39.4736   	
0.0001992   	343.066   	39.9503   	
0.0001993   	343.229   	40.9901   	
0.0001994   	343.199   	40.5115   	
0.0001995   	343.146   	40.1884   	
0.0001996   	342.711   	39.168   	
0.0001997   	343.203   	38.6688   	
0.0001998   	343.35   	39.1876   	
0.0001999   	343.172   	39.0427   	
0.0002   	343.091   	38.9926   	
0.0002001   	342.846   	39.2861   	
0.0002002   	342.698   	38.7946   	
0.0002003   	342.597   	38.9354   	
0.0002004   	343.452   	39.0423   	
0.0002005   	343.482   	38.7095   	
0.0002006   	343.511   	38.4489   	
0.0002007   	343.672   	38.5847   	
0.0002008   	344.133   	38.4054   	
0.0002009   	344.565   	38.7066   	
0.000201   	344.221   	39.4427   	
0.0002011   	344.659   	40.347   	
0.0002012   	344.509   	40.021   	
0.0002013   	344.282   	40.223   	
0.0002014   	344.575   	39.8533   	
0.0002015   	344.57   	39.7928   	
0.0002016   	345.291   	39.6652   	
0.0002017   	345.613   	39.3845   	
0.0002018   	345.611   	39.9793   	
0.0002019   	346.137   	39.9518   	
0.000202   	346.333   	40.1301   	
0.0002021   	346.826   	40.3082   	
0.0002022   	347.194   	40.3779   	
0.0002023   	347.21   	40.3937   	
0.0002024   	347.487   	41.4109   	
0.0002025   	347.581   	41.4998   	
0.0002026   	347.403   	41.254   	
0.0002027   	347.078   	40.7027   	
0.0002028   	347.294   	39.8508   	
0.0002029   	347.306   	39.9379   	
0.000203   	347.405   	40.0091   	
0.0002031   	347.332   	40.4383   	
0.0002032   	347.192   	40.5203   	
0.0002033   	347.034   	40.3144   	
0.0002034   	346.773   	40.6334   	
0.0002035   	347.496   	40.2821   	
0.0002036   	347.642   	40.5072   	
0.0002037   	347.911   	40.1691   	
0.0002038   	348.03   	40.0085   	
0.0002039   	348.394   	40.0645   	
0.000204   	348.792   	40.1398   	
0.0002041   	348.804   	40.6179   	
0.0002042   	348.872   	41.6377   	
0.0002043   	348.754   	41.575   	
0.0002044   	349.081   	41.2798   	
0.0002045   	349.144   	41.325   	
0.0002046   	349.027   	41.3432   	
0.0002047   	349.541   	41.1168   	
0.0002048   	349.992   	41.1692   	
0.0002049   	350.179   	41.444   	
0.000205   	350.403   	41.5745   	
0.0002051   	350.702   	41.7823   	
0.0002052   	351.041   	41.389   	
0.0002053   	351.453   	41.8134   	
0.0002054   	351.413   	41.4262   	
0.0002055   	351.685   	42.1538   	
0.0002056   	352.216   	42.4486   	
0.0002057   	352.146   	41.9595   	
0.0002058   	351.507   	41.6309   	
0.0002059   	351.692   	40.712   	
0.000206   	352.079   	40.8528   	
0.0002061   	352.114   	40.8029   	
0.0002062   	352.084   	40.8801   	
0.0002063   	351.662   	40.8609   	
0.0002064   	351.85   	41.0912   	
0.0002065   	351.417   	40.9057   	
0.0002066   	351.788   	41.0961   	
0.0002067   	352.252   	41.069   	
0.0002068   	352.502   	40.7018   	
0.0002069   	352.404   	40.6431   	
0.000207   	352.94   	40.7918   	
0.0002071   	353.271   	41.1365   	
0.0002072   	353.449   	41.0143   	
0.0002073   	353.392   	41.8979   	
0.0002074   	353.604   	42.7238   	
0.0002075   	353.719   	41.9294   	
0.0002076   	353.57   	42.2358   	
0.0002077   	353.856   	41.8951   	
0.0002078   	353.909   	42.0593   	
0.0002079   	354.737   	42.3714   	
0.000208   	354.711   	42.5045   	
0.0002081   	355.129   	42.7824   	
0.0002082   	355.545   	43.2743   	
0.0002083   	355.689   	43.2052   	
0.0002084   	356.276   	43.2125   	
0.0002085   	356.199   	43.0033   	
0.0002086   	356.464   	43.6484   	
0.0002087   	356.742   	44.2177   	
0.0002088   	356.905   	43.9446   	
0.0002089   	356.712   	43.9987   	
0.000209   	356.323   	43.6327   	
0.0002091   	356.866   	43.0793   	
0.0002092   	357.06   	43.2427   	
0.0002093   	356.93   	43.045   	
0.0002094   	356.869   	42.7837   	
0.0002095   	356.736   	42.7071   	
0.0002096   	356.399   	42.5838   	
0.0002097   	356.414   	42.4939   	
0.0002098   	357.292   	42.6514   	
0.0002099   	357.272   	42.4456   	
0.00021   	357.487   	41.9062   	
0.0002101   	357.701   	42.0845   	
0.0002102   	358.173   	42.1465   	
0.0002103   	358.498   	42.1026   	
0.0002104   	358.459   	42.5195   	
0.0002105   	358.656   	43.0517   	
0.0002106   	358.634   	42.8396   	
0.0002107   	358.442   	43.2128   	
0.0002108   	358.813   	43.4534   	
0.0002109   	358.723   	43.6455   	
0.000211   	359.412   	43.8001   	
0.0002111   	359.945   	43.2989   	
0.0002112   	360.031   	43.8517   	
0.0002113   	360.572   	43.8834   	
0.0002114   	360.756   	44.0273   	
0.0002115   	361.203   	44.361   	
0.0002116   	361.585   	44.0879   	
0.0002117   	361.687   	44.31   	
0.0002118   	362.172   	44.9428   	
0.0002119   	362.103   	44.5451   	
0.000212   	362.046   	44.6476   	
0.0002121   	361.644   	44.4498   	
0.0002122   	361.83   	43.5965   	
0.0002123   	362.004   	43.4853   	
0.0002124   	362.185   	43.4501   	
0.0002125   	362.086   	43.5834   	
0.0002126   	362.118   	43.349   	
0.0002127   	361.881   	43.4256   	
0.0002128   	361.665   	43.4245   	
0.0002129   	362.535   	43.5186   	
0.000213   	362.582   	43.787   	
0.0002131   	362.956   	43.7751   	
0.0002132   	363.044   	42.6935   	
0.0002133   	363.439   	42.8815   	
0.0002134   	363.861   	42.9041   	
0.0002135   	363.794   	43.1707   	
0.0002136   	364.038   	43.7394   	
0.0002137   	364.052   	43.827   	
0.0002138   	364.046   	44.2191   	
0.0002139   	364.279   	44.511   	
0.000214   	364.418   	45.0959   	
0.0002141   	364.975   	44.6815   	
0.0002142   	365.589   	44.5698   	
0.0002143   	365.61   	45.1036   	
0.0002144   	365.961   	45.2685   	
0.0002145   	366.246   	45.5042   	
0.0002146   	366.677   	45.2649   	
0.0002147   	367.175   	45.4039   	
0.0002148   	367.235   	45.1132   	
0.0002149   	367.626   	45.8089   	
0.000215   	368.186   	45.7762   	
0.0002151   	367.906   	45.586   	
0.0002152   	367.494   	45.742   	
0.0002153   	367.82   	45.2802   	
0.0002154   	368.311   	45.1903   	
0.0002155   	368.298   	44.8525   	
0.0002156   	368.234   	45.0894   	
0.0002157   	368.018   	45.4424   	
0.0002158   	368.221   	45.2455   	
0.0002159   	367.923   	45.1204   	
0.000216   	368.442   	44.8866   	
0.0002161   	368.909   	44.7569   	
0.0002162   	369.309   	44.7464   	
0.0002163   	369.33   	44.4829   	
0.0002164   	369.866   	44.2097   	
0.0002165   	370.11   	43.7589   	
0.0002166   	370.421   	43.5569   	
0.0002167   	370.55   	44.1603   	
0.0002168   	370.661   	45.0493   	
0.0002169   	370.784   	44.7887   	
0.000217   	370.902   	45.3243   	
0.0002171   	371.263   	45.4264   	
0.0002172   	371.501   	45.8313   	
0.0002173   	372.33   	46.017   	
0.0002174   	372.456   	46.092   	
0.0002175   	372.734   	46.2728   	
0.0002176   	373.241   	46.6687   	
0.0002177   	373.807   	46.6786   	
0.0002178   	374.316   	47.204   	
0.0002179   	374.093   	46.3823   	
0.000218   	374.575   	46.8846   	
0.0002181   	375.024   	47.3716   	
0.0002182   	375.129   	47.0346   	
0.0002183   	374.924   	47.4703   	
0.0002184   	374.976   	47.2552   	
0.0002185   	375.533   	46.6188   	
0.0002186   	375.6   	46.3066   	
0.0002187   	375.714   	46.4753   	
0.0002188   	375.867   	46.494   	
0.0002189   	375.616   	46.3212   	
0.000219   	375.63   	46.2217   	
0.0002191   	375.794   	46.3109   	
0.0002192   	376.608   	46.3596   	
0.0002193   	376.91   	46.4594   	
0.0002194   	377.126   	46.2553   	
0.0002195   	377.587   	45.9825   	
0.0002196   	378.162   	45.6027   	
0.0002197   	378.426   	45.433   	
0.0002198   	378.728   	45.6639   	
0.0002199   	378.765   	46.0838   	
0.00022   	378.94   	45.6083   	
0.0002201   	379.025   	46.0224   	
0.0002202   	379.38   	46.3988   	
0.0002203   	379.432   	46.5793   	
0.0002204   	380.275   	46.4863   	
0.0002205   	380.707   	46.3171   	
0.0002206   	381.048   	46.8739   	
0.0002207   	381.66   	47.1654   	
0.0002208   	382.099   	47.5345   	
0.0002209   	382.519   	47.3821   	
0.000221   	382.987   	46.9167   	
0.0002211   	383.313   	46.8065   	
0.0002212   	383.808   	47.1318   	
0.0002213   	383.859   	47.1513   	
0.0002214   	383.919   	47.429   	
0.0002215   	383.514   	47.5588   	
0.0002216   	384.032   	46.9863   	
0.0002217   	384.322   	46.8561   	
0.0002218   	384.413   	46.8965   	
0.0002219   	384.674   	46.8773   	
0.000222   	384.653   	46.8631   	
0.0002221   	384.777   	46.7847   	
0.0002222   	384.554   	47.0407   	
0.0002223   	385.462   	47.0387   	
0.0002224   	385.536   	47.1074   	
0.0002225   	386.209   	46.9399   	
0.0002226   	386.379   	46.2615   	
0.0002227   	386.858   	45.9644   	
0.0002228   	387.446   	45.7733   	
0.0002229   	387.331   	45.3416   	
0.000223   	387.845   	45.4231   	
0.0002231   	387.856   	45.4011   	
0.0002232   	388.054   	45.4656   	
0.0002233   	388.512   	45.7785   	
0.0002234   	388.64   	46.3156   	
0.0002235   	389.402   	45.7313   	
0.0002236   	390.033   	45.5182   	
0.0002237   	390.189   	46.0167   	
0.0002238   	390.7   	46.3913   	
0.0002239   	391.229   	46.6358   	
0.000224   	391.608   	46.6217   	
0.0002241   	392.25   	46.3357   	
0.0002242   	392.494   	46.0062   	
0.0002243   	392.984   	46.1568   	
0.0002244   	393.618   	46.2405   	
0.0002245   	393.476   	46.2625   	
0.0002246   	393.241   	46.5218   	
0.0002247   	393.589   	46.3886   	
0.0002248   	394.151   	46.492   	
0.0002249   	394.297   	46.0141   	
0.000225   	394.418   	45.9909   	
0.0002251   	394.318   	45.8917   	
0.0002252   	394.554   	45.7818   	
0.0002253   	394.25   	45.2908   	
0.0002254   	395.018   	45.2206   	
0.0002255   	395.608   	45.6932   	
0.0002256   	396.157   	45.7699   	
0.0002257   	396.297   	45.4039   	
0.0002258   	396.914   	45.2875   	
0.0002259   	397.341   	45.0762   	
0.000226   	397.842   	44.067   	
0.0002261   	397.855   	44.4734   	
0.0002262   	398.109   	44.4294   	
0.0002263   	398.621   	44.3582   	
0.0002264   	398.774   	44.6984   	
0.0002265   	399.106   	45.0971   	
0.0002266   	399.684   	44.4173   	
0.0002267   	400.428   	44.9853   	
0.0002268   	400.792   	45.0814   	
0.0002269   	401.15   	45.2521   	
0.000227   	401.599   	45.2006   	
0.0002271   	402.399   	45.5631   	
0.0002272   	402.779   	45.3607   	
0.0002273   	402.862   	44.606   	
0.0002274   	403.627   	44.9896   	
0.0002275   	404.171   	44.8954   	
0.0002276   	404.347   	44.952   	
0.0002277   	404.146   	45.274   	
0.0002278   	404.301   	45.0293   	
0.0002279   	404.882   	44.9536   	
0.000228   	405.096   	44.3526   	
0.0002281   	405.249   	44.0918   	
0.0002282   	405.38   	44.0558   	
0.0002283   	405.372   	44.0101   	
0.0002284   	405.365   	43.6977   	
0.0002285   	405.732   	43.4395   	
0.0002286   	406.622   	43.6279   	
0.0002287   	407.007   	43.6561   	
0.0002288   	407.348   	43.6771   	
0.0002289   	407.753   	43.5495   	
0.000229   	408.51   	43.3065   	
0.0002291   	409.043   	42.6465   	
0.0002292   	409.38   	42.7196   	
0.0002293   	409.383   	42.7816   	
0.0002294   	409.892   	42.5414   	
0.0002295   	409.912   	42.7498   	
0.0002296   	410.347   	43.1144   	
0.0002297   	410.639   	42.7216   	
0.0002298   	411.677   	42.9962   	
0.0002299   	412.026   	42.9438   	
0.00023   	412.473   	42.9279   	
0.0002301   	413.229   	43.2851   	
0.0002302   	413.613   	43.9313   	
0.0002303   	414.336   	42.9035   	
0.0002304   	414.752   	42.9583   	
0.0002305   	415.09   	42.5403   	
0.0002306   	415.577   	42.5283   	
0.0002307   	415.753   	42.49   	
0.0002308   	415.946   	42.7782   	
0.0002309   	415.739   	42.8218   	
0.000231   	416.462   	42.7044   	
0.0002311   	416.707   	42.0998   	
0.0002312   	416.831   	41.4042   	
0.0002313   	417.011   	41.6942   	
0.0002314   	417.286   	41.4528   	
0.0002315   	417.295   	41.337   	
0.0002316   	417.358   	40.8915   	
0.0002317   	418.542   	40.9756   	
0.0002318   	418.534   	41.3548   	
0.0002319   	419.001   	41.5471   	
0.000232   	419.36   	41.5255   	
0.0002321   	420.083   	41.3292   	
0.0002322   	420.838   	41.018   	
0.0002323   	420.676   	40.7611   	
0.0002324   	421.362   	40.3748   	
0.0002325   	421.361   	40.5661   	
0.0002326   	421.483   	40.4886   	
0.0002327   	422.085   	41.0399   	
0.0002328   	422.269   	40.6895   	
0.0002329   	423.309   	40.5977   	
0.000233   	423.762   	40.4855   	
0.0002331   	424.159   	40.7628   	
0.0002332   	424.792   	41.2224   	
0.0002333   	425.21   	41.4288   	
0.0002334   	425.928   	40.9802   	
0.0002335   	426.616   	40.8529   	
0.0002336   	426.855   	40.444   	
0.0002337   	427.386   	40.3478   	
0.0002338   	427.777   	40.2728   	
0.0002339   	427.837   	40.0339   	
0.000234   	427.72   	40.0868   	
0.0002341   	428.089   	40.4384   	
0.0002342   	428.516   	40.329   	
0.0002343   	428.825   	39.6677   	
0.0002344   	429.03   	39.7523   	
0.0002345   	429.085   	39.8032   	
0.0002346   	429.328   	39.7912   	
0.0002347   	429.127   	39.6768   	
0.0002348   	430.064   	39.4319   	
0.0002349   	430.604   	39.6266   	
0.000235   	431.054   	40.0411   	
0.0002351   	431.291   	39.9599   	
0.0002352   	431.921   	40.1452   	
0.0002353   	432.58   	39.9671   	
0.0002354   	432.918   	39.2789   	
0.0002355   	433.096   	39.3071   	
0.0002356   	433.232   	39.1598   	
0.0002357   	433.725   	38.731   	
0.0002358   	434.118   	38.6838   	
0.0002359   	434.263   	38.8536   	
0.000236   	434.976   	38.7099   	
0.0002361   	435.703   	38.8762   	
0.0002362   	436.215   	38.6931   	
0.0002363   	436.604   	38.995   	
0.0002364   	437.029   	39.0065   	
0.0002365   	437.692   	38.7064   	
0.0002366   	438.236   	38.1991   	
0.0002367   	438.4   	37.9259   	
0.0002368   	439.086   	38.2384   	
0.0002369   	439.731   	37.7672   	
0.000237   	439.884   	37.7532   	
0.0002371   	439.615   	37.4647   	
0.0002372   	440.043   	37.7659   	
0.0002373   	440.533   	37.6808   	
0.0002374   	440.784   	37.1847   	
0.0002375   	441.031   	37.2704   	
0.0002376   	441.077   	37.7131   	
0.0002377   	441.242   	37.4888   	
0.0002378   	441.186   	37.6239   	
0.0002379   	441.491   	36.938   	
0.000238   	442.337   	37.4003   	
0.0002381   	442.865   	37.7034   	
0.0002382   	443.082   	38.1405   	
0.0002383   	443.69   	38.1625   	
0.0002384   	444.201   	37.8283   	
0.0002385   	444.724   	37.4129   	
0.0002386   	445.104   	37.476   	
0.0002387   	445.448   	36.9553   	
0.0002388   	445.668   	36.5294   	
0.0002389   	445.777   	36.3289   	
0.000239   	446.231   	36.9352   	
0.0002391   	446.581   	36.3424   	
0.0002392   	447.561   	36.3609   	
0.0002393   	447.824   	36.4121   	
0.0002394   	448.436   	36.1428   	
0.0002395   	449.182   	35.8305   	
0.0002396   	449.407   	36.3587   	
0.0002397   	450.13   	35.2901   	
0.0002398   	450.459   	35.4386   	
0.0002399   	450.916   	35.6648   	
0.00024   	451.312   	35.528   	
0.0002401   	451.687   	35.3134   	
0.0002402   	451.772   	35.1902   	
0.0002403   	451.587   	35.5022   	
0.0002404   	452.481   	35.6649   	
0.0002405   	452.784   	34.9353   	
0.0002406   	452.914   	34.5623   	
0.0002407   	453.145   	34.8371   	
0.0002408   	453.189   	35.1792   	
0.0002409   	453.283   	35.2285   	
0.000241   	453.447   	34.86   	
0.0002411   	454.605   	35.0956   	
0.0002412   	454.762   	35.5805   	
0.0002413   	455.143   	35.8002   	
0.0002414   	455.517   	35.8521   	
0.0002415   	456.184   	35.9449   	
0.0002416   	456.885   	35.5007   	
0.0002417   	456.856   	35.3895   	
0.0002418   	457.542   	35.2234   	
0.0002419   	457.651   	34.9127   	
0.000242   	457.616   	34.2324   	
0.0002421   	458.16   	34.8853   	
0.0002422   	458.391   	34.2769   	
0.0002423   	459.451   	34.1489   	
0.0002424   	460.041   	34.0211   	
0.0002425   	460.301   	33.7259   	
0.0002426   	461.08   	33.2915   	
0.0002427   	461.415   	33.3872   	
0.0002428   	462.211   	32.9175   	
0.0002429   	462.773   	32.6333   	
0.000243   	463.129   	32.9236   	
0.0002431   	463.641   	32.9143   	
0.0002432   	463.999   	32.2851   	
0.0002433   	464.13   	32.4268   	
0.0002434   	464.007   	32.4548   	
0.0002435   	464.482   	32.5134   	
0.0002436   	464.679   	31.8892   	
0.0002437   	465.06   	31.7025   	
0.0002438   	465.313   	31.5587   	
0.0002439   	465.485   	31.6848   	
0.000244   	465.562   	31.7562   	
0.0002441   	465.546   	31.8689   	
0.0002442   	466.559   	31.6883   	
0.0002443   	466.959   	31.8777   	
0.0002444   	467.395   	32.3281   	
0.0002445   	467.822   	32.4596   	
0.0002446   	468.357   	32.6047   	
0.0002447   	469.075   	32.6795   	
0.0002448   	469.338   	32.3729   	
0.0002449   	469.646   	32.0332   	
0.000245   	469.786   	31.797   	
0.0002451   	470.29   	31.4583   	
0.0002452   	470.63   	31.2098   	
0.0002453   	470.75   	31.4585   	
0.0002454   	471.507   	31.2676   	
0.0002455   	472.32   	30.9279   	
0.0002456   	472.722   	30.5972   	
0.0002457   	473.07   	30.399   	
0.0002458   	473.738   	30.1321   	
0.0002459   	474.285   	29.6122   	
0.000246   	474.976   	29.2068   	
0.0002461   	475.149   	29.4549   	
0.0002462   	475.783   	29.5311   	
0.0002463   	476.513   	28.7955   	
0.0002464   	476.565   	28.9881   	
0.0002465   	476.317   	28.3401   	
0.0002466   	476.783   	28.1992   	
0.0002467   	477.405   	27.9666   	
0.0002468   	477.608   	27.2457   	
0.0002469   	477.862   	27.0925   	
0.000247   	477.737   	26.8716   	
0.0002471   	478.161   	26.478   	
0.0002472   	478.011   	27.0053   	
0.0002473   	478.637   	26.7436   	
0.0002474   	479.278   	26.9791   	
0.0002475   	479.765   	27.2467   	
0.0002476   	479.902   	27.8012   	
0.0002477   	480.695   	28.0818   	
0.0002478   	481.236   	27.8416   	
0.0002479   	481.65   	28.0473   	
0.000248   	481.874   	27.9804   	
0.0002481   	482.201   	27.5763   	
0.0002482   	482.571   	27.2389   	
0.0002483   	482.713   	27.0813   	
0.0002484   	483.211   	27.1489   	
0.0002485   	483.468   	26.6833   	
0.0002486   	484.617   	26.6201   	
0.0002487   	484.809   	26.3457   	
0.0002488   	485.37   	26.2126   	
0.0002489   	486.087   	25.9638   	
0.000249   	486.471   	26.0064   	
0.0002491   	487.293   	25.3144   	
0.0002492   	487.328   	25.5136   	
0.0002493   	487.878   	25.5433   	
0.0002494   	488.458   	24.9118   	
0.0002495   	488.788   	24.3603   	
0.0002496   	488.767   	23.7135   	
0.0002497   	488.721   	23.8963   	
0.0002498   	489.404   	23.4836   	
0.0002499   	489.737   	22.648   	
0.00025   	489.885   	22.5253   	
0.0002501   	490.007   	21.8311   	
0.0002502   	490.045   	21.5319   	
0.0002503   	489.992   	21.803   	
0.0002504   	490.289   	21.6023   	
0.0002505   	491.259   	21.3534   	
0.0002506   	491.446   	21.6658   	
0.0002507   	491.905   	22.065   	
0.0002508   	492.297   	22.628   	
0.0002509   	492.911   	22.2088   	
0.000251   	493.422   	22.0863   	
0.0002511   	493.59   	22.346   	
0.0002512   	493.932   	22.3409   	
0.0002513   	494.091   	22.2128   	
0.0002514   	494.177   	21.9166   	
0.0002515   	494.574   	22.0768   	
0.0002516   	494.655   	21.6749   	
0.0002517   	495.557   	21.3927   	
0.0002518   	496.305   	21.4842   	
0.0002519   	496.471   	21.0596   	
0.000252   	497.206   	21.0977   	
0.0002521   	497.574   	21.4036   	
0.0002522   	498.065   	21.0754   	
0.0002523   	498.551   	21.1305   	
0.0002524   	498.917   	21.3193   	
0.0002525   	499.504   	20.8555   	
0.0002526   	499.539   	20.5115   	
0.0002527   	499.691   	20.5479   	
0.0002528   	499.44   	20.4431   	
0.0002529   	499.725   	20.1018   	
0.000253   	500.097   	19.611   	
0.0002531   	500.384   	19.2222   	
0.0002532   	500.465   	19.1719   	
0.0002533   	500.586   	18.5019   	
0.0002534   	500.526   	18.509   	
0.0002535   	500.483   	18.4799   	
0.0002536   	501.484   	18.2557   	
0.0002537   	501.662   	18.3297   	
0.0002538   	502.143   	18.7253   	
0.0002539   	502.376   	18.9165   	
0.000254   	502.823   	18.7133   	
0.0002541   	503.43   	18.8759   	
0.0002542   	503.414   	19.1715   	
0.0002543   	503.767   	19.0565   	
0.0002544   	504.013   	19.0811   	
0.0002545   	504.095   	18.897   	
0.0002546   	504.505   	18.808   	
0.0002547   	504.669   	19.0143   	
0.0002548   	505.459   	18.4985   	
0.0002549   	506.051   	18.4432   	
0.000255   	506.24   	18.0225   	
0.0002551   	506.662   	18.1649   	
0.0002552   	507.095   	18.7094   	
0.0002553   	507.612   	18.4669   	
0.0002554   	508.095   	18.6032   	
