0   	175.1   	13.8302   	
5e-08   	174.711   	14.0658   	
1e-07   	175.036   	13.9615   	
1.5e-07   	175.307   	14.0662   	
2e-07   	175.392   	14.5654   	
2.5e-07   	175.581   	14.5939   	
3e-07   	175.462   	14.4329   	
3.5e-07   	175.727   	14.3525   	
4e-07   	176.337   	14.4481   	
4.5e-07   	176.476   	14.3514   	
5e-07   	176.971   	14.4146   	
5.5e-07   	176.966   	14.6331   	
6e-07   	177.123   	14.7948   	
6.5e-07   	177.191   	14.5207   	
7e-07   	177.335   	14.5023   	
7.5e-07   	177.563   	14.3712   	
8e-07   	177.794   	14.3576   	
8.5e-07   	178.198   	14.0806   	
9e-07   	178.021   	13.8971   	
9.5e-07   	178.428   	13.5587   	
1e-06   	178.553   	13.2557   	
1.05e-06   	178.665   	13.7036   	
1.1e-06   	178.859   	13.762   	
1.15e-06   	178.837   	13.5113   	
1.2e-06   	178.998   	13.2133   	
1.25e-06   	178.662   	13.3507   	
1.3e-06   	179.202   	13.3913   	
1.35e-06   	179.367   	13.4677   	
1.4e-06   	179.503   	13.5204   	
1.45e-06   	180.087   	13.5076   	
1.5e-06   	180.027   	13.9247   	
1.55e-06   	180.15   	13.9419   	
1.6e-06   	179.844   	13.721   	
1.65e-06   	179.963   	13.6608   	
1.7e-06   	180.004   	13.786   	
1.75e-06   	179.647   	13.5757   	
1.8e-06   	179.723   	13.5081   	
1.85e-06   	179.517   	13.2157   	
1.9e-06   	179.956   	13.2525   	
1.95e-06   	180.03   	12.9766   	
2e-06   	180.362   	13.1232   	
2.05e-06   	180.23   	12.5649   	
2.1e-06   	180.523   	12.3721   	
2.15e-06   	180.512   	12.0525   	
2.2e-06   	180.513   	12.012   	
2.25e-06   	180.612   	12.0973   	
2.3e-06   	180.699   	12.0103   	
2.35e-06   	180.598   	11.4949   	
2.4e-06   	180.29   	11.5063   	
2.45e-06   	180.636   	11.435   	
2.5e-06   	180.423   	11.6221   	
2.55e-06   	180.561   	11.7897   	
2.6e-06   	180.435   	11.642   	
2.65e-06   	180.422   	11.6506   	
2.7e-06   	180.59   	12.051   	
2.75e-06   	180.664   	12.4415   	
2.8e-06   	181.237   	12.2868   	
2.85e-06   	181.642   	12.6105   	
2.9e-06   	181.314   	12.8102   	
2.95e-06   	181.419   	12.3966   	
3e-06   	181.685   	12.6756   	
3.05e-06   	181.905   	12.8266   	
3.1e-06   	181.825   	12.6565   	
3.15e-06   	181.858   	12.5013   	
3.2e-06   	182.237   	12.5704   	
3.25e-06   	182.284   	12.8678   	
3.3e-06   	182.672   	12.7101   	
3.35e-06   	182.854   	12.7093   	
3.4e-06   	183.008   	12.5478   	
3.45e-06   	183.3   	12.6343   	
3.5e-06   	183.217   	12.5655   	
3.55e-06   	183.293   	12.914   	
3.6e-06   	183.201   	12.91   	
3.65e-06   	183.271   	12.678   	
3.7e-06   	183.341   	12.7871   	
3.75e-06   	183.156   	13.0213   	
3.8e-06   	183.037   	12.5114   	
3.85e-06   	183.437   	12.6787   	
3.9e-06   	183.382   	12.6164   	
3.95e-06   	183.145   	12.847   	
4e-06   	183.174   	12.8238   	
4.05e-06   	183.56   	12.8255   	
4.1e-06   	183.357   	12.8851   	
4.15e-06   	183.596   	13.1489   	
4.2e-06   	183.572   	13.3383   	
4.25e-06   	183.496   	13.1727   	
4.3e-06   	183.921   	13.1027   	
4.35e-06   	184.27   	13.0609   	
4.4e-06   	184.552   	13.1036   	
4.45e-06   	184.607   	13.3959   	
4.5e-06   	184.439   	13.8344   	
4.55e-06   	184.506   	13.1777   	
4.6e-06   	184.331   	13.3135   	
4.65e-06   	184.37   	13.6442   	
4.7e-06   	184.444   	13.4135   	
4.75e-06   	184.73   	13.1992   	
4.8e-06   	184.626   	13.3505   	
4.85e-06   	184.73   	13.0101   	
4.9e-06   	184.909   	12.9492   	
4.95e-06   	184.958   	13.1804   	
5e-06   	185.114   	13.2277   	
5.05e-06   	185.035   	13.2932   	
5.1e-06   	185.369   	12.8515   	
5.15e-06   	185.014   	13.0839   	
5.2e-06   	185.155   	13.1994   	
5.25e-06   	185.419   	12.9716   	
5.3e-06   	185.512   	13.0858   	
5.35e-06   	185.66   	12.9895   	
5.4e-06   	185.581   	13.0427   	
5.45e-06   	185.894   	12.8479   	
5.5e-06   	185.444   	12.5968   	
5.55e-06   	185.571   	12.5185   	
5.6e-06   	185.573   	12.2737   	
5.65e-06   	185.187   	12.4437   	
5.7e-06   	184.885   	12.1802   	
5.75e-06   	184.812   	12.1236   	
5.8e-06   	185.149   	12.0112   	
5.85e-06   	185.167   	11.9626   	
5.9e-06   	185.316   	11.9345   	
5.95e-06   	185.605   	11.4815   	
6e-06   	185.564   	11.3215   	
6.05e-06   	185.509   	11.1746   	
6.1e-06   	185.394   	11.0212   	
6.15e-06   	185.385   	11.2411   	
6.2e-06   	185.476   	11.214   	
6.25e-06   	185.358   	11.0008   	
6.3e-06   	185.245   	11.1268   	
6.35e-06   	185.241   	11.0824   	
6.4e-06   	185.133   	10.9867   	
6.45e-06   	185.164   	11.2213   	
6.5e-06   	185.113   	11.2256   	
6.55e-06   	185.006   	11.2073   	
6.6e-06   	185.034   	11.3167   	
6.65e-06   	185.247   	11.6605   	
6.7e-06   	185.484   	11.7132   	
6.75e-06   	186.115   	12.0083   	
6.8e-06   	185.867   	12.1379   	
6.85e-06   	185.95   	11.735   	
6.9e-06   	186.031   	11.8382   	
6.95e-06   	186.338   	11.8503   	
7e-06   	186.189   	11.8301   	
7.05e-06   	186.215   	11.8596   	
7.1e-06   	186.513   	12.2033   	
7.15e-06   	186.692   	12.562   	
7.2e-06   	186.964   	12.1675   	
7.25e-06   	187.095   	12.1531   	
7.3e-06   	187.215   	11.9167   	
7.35e-06   	187.679   	12.0715   	
7.4e-06   	187.625   	12.013   	
7.45e-06   	187.709   	12.1954   	
7.5e-06   	187.394   	12.2648   	
7.55e-06   	187.652   	12.4139   	
7.6e-06   	187.588   	12.2336   	
7.65e-06   	187.634   	12.2889   	
7.7e-06   	187.33   	12.2913   	
7.75e-06   	187.297   	11.9712   	
7.8e-06   	187.531   	11.8011   	
7.85e-06   	187.444   	12.1187   	
7.9e-06   	187.277   	12.2422   	
7.95e-06   	187.395   	12.1421   	
8e-06   	187.452   	12.2039   	
8.05e-06   	187.471   	12.3949   	
8.1e-06   	187.233   	12.5898   	
8.15e-06   	187.111   	12.1959   	
8.2e-06   	187.705   	12.3334   	
8.25e-06   	187.957   	12.5248   	
8.3e-06   	188.09   	12.3628   	
8.35e-06   	188.209   	12.3395   	
8.4e-06   	188.088   	12.7191   	
8.45e-06   	188.034   	12.4783   	
8.5e-06   	187.928   	12.316   	
8.55e-06   	188.104   	12.4614   	
8.6e-06   	188.066   	12.4191   	
8.65e-06   	188.448   	12.4555   	
8.7e-06   	188.363   	12.5449   	
8.75e-06   	188.453   	12.5261   	
8.8e-06   	188.742   	12.7558   	
8.85e-06   	188.783   	12.3821   	
8.9e-06   	188.923   	12.6746   	
8.95e-06   	188.921   	12.7675   	
9e-06   	189.188   	12.4095   	
9.05e-06   	189.171   	12.5213   	
9.1e-06   	189.003   	12.5655   	
9.15e-06   	189.297   	12.7461   	
9.2e-06   	189.361   	12.8   	
9.25e-06   	189.507   	12.7072   	
9.3e-06   	189.141   	12.9172   	
9.35e-06   	189.299   	12.5763   	
9.4e-06   	189.043   	12.4603   	
9.45e-06   	189.012   	12.3892   	
9.5e-06   	188.969   	12.4897   	
9.55e-06   	188.693   	12.3892   	
9.6e-06   	188.308   	12.1637   	
9.65e-06   	188.359   	12.1258   	
9.7e-06   	188.459   	12.2982   	
9.75e-06   	188.523   	12.5529   	
9.8e-06   	188.774   	12.7367   	
9.85e-06   	188.899   	12.4459   	
9.9e-06   	188.762   	12.2167   	
9.95e-06   	188.893   	11.9966   	
1e-05   	188.884   	11.9389   	
1.005e-05   	188.779   	11.8857   	
1.01e-05   	188.932   	12.1169   	
1.015e-05   	188.947   	12.1193   	
1.02e-05   	188.865   	11.8724   	
1.025e-05   	188.95   	12.0746   	
1.03e-05   	188.842   	11.8229   	
1.035e-05   	188.913   	12.075   	
1.04e-05   	188.886   	12.2896   	
1.045e-05   	188.685   	12.3545   	
1.05e-05   	188.682   	12.4974   	
1.055e-05   	188.776   	12.7599   	
1.06e-05   	189.093   	12.4262   	
1.065e-05   	189.599   	12.6296   	
1.07e-05   	189.521   	12.6715   	
1.075e-05   	189.746   	12.7026   	
1.08e-05   	189.896   	12.8884   	
1.085e-05   	190.157   	12.8594   	
1.09e-05   	190.441   	13.1217   	
1.095e-05   	190.259   	13.3128   	
1.1e-05   	190.475   	13.4134   	
1.105e-05   	190.533   	13.4515   	
1.11e-05   	190.921   	13.6528   	
1.115e-05   	190.963   	13.0881   	
1.12e-05   	191.235   	13.064   	
1.125e-05   	191.523   	13.1141   	
1.13e-05   	191.628   	13.0479   	
1.135e-05   	191.535   	13.1727   	
1.14e-05   	191.467   	13.5806   	
1.145e-05   	191.799   	13.6757   	
1.15e-05   	191.484   	13.8228   	
1.155e-05   	191.633   	13.968   	
1.16e-05   	191.176   	13.9526   	
1.165e-05   	191.226   	13.7919   	
1.17e-05   	191.348   	13.4715   	
1.175e-05   	191.264   	13.6718   	
1.18e-05   	190.955   	13.755   	
1.185e-05   	191.192   	13.7186   	
1.19e-05   	191.467   	13.4496   	
1.195e-05   	191.467   	13.9802   	
1.2e-05   	191.38   	14.1701   	
1.205e-05   	191.274   	13.9664   	
1.21e-05   	191.601   	13.9764   	
1.215e-05   	192.084   	14.1232   	
1.22e-05   	192.237   	14.0271   	
1.225e-05   	192.28   	14.2187   	
1.23e-05   	192.372   	14.4041   	
1.235e-05   	192.285   	14.333   	
1.24e-05   	192.508   	14.1799   	
1.245e-05   	192.538   	14.2021   	
1.25e-05   	192.743   	14.3921   	
1.255e-05   	193.096   	14.5057   	
1.26e-05   	193.252   	14.3434   	
1.265e-05   	193.24   	14.7199   	
1.27e-05   	193.375   	14.8932   	
1.275e-05   	193.629   	14.3159   	
1.28e-05   	193.743   	14.4574   	
1.285e-05   	193.918   	14.5146   	
1.29e-05   	193.823   	14.391   	
1.295e-05   	194.115   	14.2535   	
1.3e-05   	193.645   	14.2641   	
1.305e-05   	194.098   	14.3797   	
1.31e-05   	193.883   	14.6278   	
1.315e-05   	193.958   	14.7244   	
1.32e-05   	193.957   	14.843   	
1.325e-05   	194.087   	14.7279   	
1.33e-05   	193.977   	14.3243   	
1.335e-05   	193.83   	14.3501   	
1.34e-05   	193.845   	14.6384   	
1.345e-05   	193.818   	14.446   	
1.35e-05   	193.259   	14.3045   	
1.355e-05   	193.322   	14.3949   	
1.36e-05   	193.294   	14.5711   	
1.365e-05   	193.347   	14.6363   	
1.37e-05   	193.585   	14.7501   	
1.375e-05   	193.597   	14.6525   	
1.38e-05   	193.478   	14.1031   	
1.385e-05   	193.765   	14.0604   	
1.39e-05   	193.819   	14.1824   	
1.395e-05   	193.422   	14.1281   	
1.4e-05   	193.743   	14.4744   	
1.405e-05   	193.563   	14.4971   	
1.41e-05   	193.639   	14.3231   	
1.415e-05   	193.639   	14.6453   	
1.42e-05   	193.831   	14.2861   	
1.425e-05   	193.705   	13.9788   	
1.43e-05   	193.642   	14.2119   	
1.435e-05   	193.573   	14.3534   	
1.44e-05   	193.501   	14.4553   	
1.445e-05   	193.698   	14.3428   	
1.45e-05   	193.78   	14.2855   	
1.455e-05   	194.377   	14.4567   	
1.46e-05   	194.633   	14.1772   	
1.465e-05   	194.647   	14.6147   	
1.47e-05   	194.527   	14.8875   	
1.475e-05   	194.826   	14.91   	
1.48e-05   	195.034   	15.045   	
1.485e-05   	195.138   	15.0798   	
1.49e-05   	195.208   	15.475   	
1.495e-05   	195.352   	15.4571   	
1.5e-05   	195.688   	15.7035   	
1.505e-05   	195.891   	15.3136   	
1.51e-05   	196.033   	15.223   	
1.515e-05   	196.182   	15.2568   	
1.52e-05   	196.574   	15.4128   	
1.525e-05   	196.427   	15.1949   	
1.53e-05   	196.517   	15.4135   	
1.535e-05   	196.499   	15.5685   	
1.54e-05   	196.526   	15.6298   	
1.545e-05   	196.655   	15.8741   	
1.55e-05   	196.569   	15.9574   	
1.555e-05   	196.397   	15.5476   	
1.56e-05   	196.503   	15.4692   	
1.565e-05   	196.708   	15.5076   	
1.57e-05   	196.349   	15.5256   	
1.575e-05   	196.577   	15.4414   	
1.58e-05   	196.847   	15.3477   	
1.585e-05   	196.799   	15.8676   	
1.59e-05   	196.771   	15.9231   	
1.595e-05   	196.683   	15.905   	
1.6e-05   	196.901   	15.5155   	
1.605e-05   	197.271   	15.5879   	
1.61e-05   	197.366   	15.9812   	
1.615e-05   	197.871   	15.9779   	
1.62e-05   	197.82   	15.9875   	
1.625e-05   	197.758   	16.3422   	
1.63e-05   	197.876   	15.9999   	
1.635e-05   	197.817   	16.3127   	
1.64e-05   	197.938   	16.7362   	
1.645e-05   	198.102   	16.6335   	
1.65e-05   	198.667   	16.5978   	
1.655e-05   	198.496   	16.9815   	
1.66e-05   	198.845   	17.3594   	
1.665e-05   	199.04   	16.9936   	
1.67e-05   	198.944   	16.8653   	
1.675e-05   	199.144   	16.8712   	
1.68e-05   	199.253   	17.065   	
1.685e-05   	199.414   	17.2027   	
1.69e-05   	199.038   	16.8697   	
1.695e-05   	199.495   	17.0907   	
1.7e-05   	199.741   	17.3013   	
1.705e-05   	199.765   	17.5125   	
1.71e-05   	200.101   	17.3479   	
1.715e-05   	199.904   	17.2729   	
1.72e-05   	200.136   	17.0802   	
1.725e-05   	199.998   	16.902   	
1.73e-05   	200.132   	17.2189   	
1.735e-05   	200.203   	17.0835   	
1.74e-05   	199.747   	16.9083   	
1.745e-05   	199.657   	17.0992   	
1.75e-05   	199.456   	17.3968   	
1.755e-05   	199.695   	17.3261   	
1.76e-05   	199.677   	17.2866   	
1.765e-05   	199.998   	17.3713   	
1.77e-05   	199.998   	17.0776   	
1.775e-05   	200.1   	16.9362   	
1.78e-05   	200.026   	17.0166   	
1.785e-05   	199.845   	16.7976   	
1.79e-05   	199.951   	16.8883   	
1.795e-05   	200.078   	16.8784   	
1.8e-05   	200.082   	16.6931   	
1.805e-05   	199.888   	16.8319   	
1.81e-05   	200.265   	16.6066   	
1.815e-05   	199.955   	16.6111   	
1.82e-05   	200.291   	16.5425   	
1.825e-05   	200.126   	16.6404   	
1.83e-05   	200.113   	16.6243   	
1.835e-05   	200.237   	16.6381   	
1.84e-05   	200.341   	16.4702   	
1.845e-05   	200.866   	16.5695   	
1.85e-05   	201.359   	16.5074   	
1.855e-05   	201.16   	16.5524   	
1.86e-05   	201.263   	16.9765   	
1.865e-05   	201.448   	17.2437   	
1.87e-05   	201.7   	17.4756   	
1.875e-05   	201.554   	17.4951   	
1.88e-05   	201.591   	17.4849   	
1.885e-05   	201.863   	17.6197   	
1.89e-05   	201.942   	17.9283   	
1.895e-05   	202.4   	17.5488   	
1.9e-05   	202.314   	17.5562   	
1.905e-05   	202.566   	17.6143   	
1.91e-05   	202.883   	17.7146   	
1.915e-05   	202.97   	17.3275   	
1.92e-05   	202.953   	17.5643   	
1.925e-05   	202.663   	17.8919   	
1.93e-05   	202.803   	18.187   	
1.935e-05   	202.829   	17.9323   	
1.94e-05   	202.746   	18.2838   	
1.945e-05   	202.841   	18.0271   	
1.95e-05   	202.915   	18.0022   	
1.955e-05   	203.098   	17.7219   	
1.96e-05   	202.982   	17.6809   	
1.965e-05   	203.127   	17.82   	
1.97e-05   	203.346   	17.6865   	
1.975e-05   	203.327   	18.2413   	
1.98e-05   	203.593   	18.306   	
1.985e-05   	203.566   	18.223   	
1.99e-05   	203.621   	17.8093   	
1.995e-05   	204.047   	17.6389   	
2e-05   	204.393   	18.1656   	
2.005e-05   	204.788   	18.2479   	
2.01e-05   	204.822   	18.3319   	
2.015e-05   	204.691   	18.6979   	
2.02e-05   	204.993   	18.4075   	
2.025e-05   	204.896   	18.476   	
2.03e-05   	205.225   	18.7168   	
2.035e-05   	205.503   	18.6765   	
2.04e-05   	205.844   	18.8687   	
2.045e-05   	205.776   	19.2224   	
2.05e-05   	205.999   	19.331   	
2.055e-05   	206.284   	19.2617   	
2.06e-05   	206.335   	18.8734   	
2.065e-05   	206.567   	18.8406   	
2.07e-05   	206.581   	18.8543   	
2.075e-05   	206.965   	18.7715   	
2.08e-05   	206.584   	18.3879   	
2.085e-05   	206.804   	18.4518   	
2.09e-05   	207.109   	18.7782   	
2.095e-05   	207.192   	18.9313   	
2.1e-05   	207.524   	18.7101   	
2.105e-05   	207.392   	18.6402   	
2.11e-05   	207.819   	18.3612   	
2.115e-05   	207.581   	18.175   	
2.12e-05   	207.644   	18.4867   	
2.125e-05   	207.503   	18.2811   	
2.13e-05   	207.33   	18.2614   	
2.135e-05   	206.953   	18.1643   	
2.14e-05   	206.972   	18.6102   	
2.145e-05   	207.264   	18.3335   	
2.15e-05   	207.266   	18.2979   	
2.155e-05   	207.507   	18.4451   	
2.16e-05   	207.712   	18.4729   	
2.165e-05   	207.631   	18.1144   	
2.17e-05   	207.618   	17.9416   	
2.175e-05   	207.419   	18.1725   	
2.18e-05   	207.569   	18.1201   	
2.185e-05   	207.645   	18.3095   	
2.19e-05   	207.541   	18.1479   	
2.195e-05   	207.684   	18.029   	
2.2e-05   	207.67   	17.9207   	
2.205e-05   	207.713   	17.6405   	
2.21e-05   	207.831   	17.904   	
2.215e-05   	207.857   	17.9197   	
2.22e-05   	207.641   	17.9663   	
2.225e-05   	207.593   	17.9349   	
2.23e-05   	207.91   	17.9103   	
2.235e-05   	208.304   	17.6473   	
2.24e-05   	208.881   	17.8516   	
2.245e-05   	208.754   	17.9028   	
2.25e-05   	208.977   	18.1846   	
2.255e-05   	209.097   	18.3082   	
2.26e-05   	209.398   	18.381   	
2.265e-05   	209.379   	18.4937   	
2.27e-05   	209.432   	18.5842   	
2.275e-05   	209.562   	18.6004   	
2.28e-05   	209.748   	18.9941   	
2.285e-05   	209.956   	18.8311   	
2.29e-05   	210.041   	18.7829   	
2.295e-05   	210.091   	18.6068   	
2.3e-05   	210.619   	18.8221   	
2.305e-05   	210.604   	18.393   	
2.31e-05   	210.64   	18.4517   	
2.315e-05   	210.369   	18.8892   	
2.32e-05   	210.718   	19.1177   	
2.325e-05   	210.777   	19.209   	
2.33e-05   	210.815   	19.3505   	
2.335e-05   	210.708   	19.3795   	
2.34e-05   	210.689   	19.3043   	
2.345e-05   	210.938   	18.9615   	
2.35e-05   	211.101   	19.1047   	
2.355e-05   	210.919   	18.8289   	
2.36e-05   	211.062   	19.2898   	
2.365e-05   	211.205   	19.5334   	
2.37e-05   	211.321   	19.7112   	
2.375e-05   	211.347   	19.8147   	
2.38e-05   	211.228   	19.3263   	
2.385e-05   	211.826   	19.2935   	
2.39e-05   	212.076   	19.6779   	
2.395e-05   	212.429   	19.7473   	
2.4e-05   	212.39   	19.7676   	
2.405e-05   	212.461   	20.1018   	
2.41e-05   	212.496   	20.2485   	
2.415e-05   	212.408   	20.0504   	
2.42e-05   	212.79   	20.1158   	
2.425e-05   	212.854   	20.3963   	
2.43e-05   	213.324   	20.4884   	
2.435e-05   	213.296   	20.5917   	
2.44e-05   	213.619   	20.6436   	
2.445e-05   	213.656   	20.9505   	
2.45e-05   	213.753   	20.4222   	
2.455e-05   	214.043   	20.5326   	
2.46e-05   	214.252   	20.663   	
2.465e-05   	214.454   	20.5356   	
2.47e-05   	214.376   	20.1965   	
2.475e-05   	214.265   	20.0503   	
2.48e-05   	214.662   	20.4697   	
2.485e-05   	214.704   	20.7646   	
2.49e-05   	214.862   	20.6026   	
2.495e-05   	215.052   	20.4193   	
2.5e-05   	215.376   	20.0023   	
2.505e-05   	215.245   	19.8939   	
2.51e-05   	215.25   	20.0567   	
2.515e-05   	215.158   	20.0776   	
2.52e-05   	215.065   	20.0163   	
2.525e-05   	214.607   	20.0497   	
2.53e-05   	214.754   	20.2216   	
2.535e-05   	214.824   	20.1094   	
2.54e-05   	215.173   	19.9446   	
2.545e-05   	215.404   	20.1472   	
2.55e-05   	215.522   	19.9232   	
2.555e-05   	215.382   	19.5022   	
2.56e-05   	215.564   	19.1636   	
2.565e-05   	215.696   	19.3303   	
2.57e-05   	215.606   	19.1197   	
2.575e-05   	215.83   	19.6149   	
2.58e-05   	215.716   	19.6481   	
2.585e-05   	215.589   	19.5873   	
2.59e-05   	215.669   	19.4359   	
2.595e-05   	215.628   	19.2599   	
2.6e-05   	215.882   	19.1301   	
2.605e-05   	215.723   	19.3835   	
2.61e-05   	215.625   	19.469   	
2.615e-05   	215.522   	19.4466   	
2.62e-05   	215.848   	19.3642   	
2.625e-05   	216.231   	19.0109   	
2.63e-05   	216.783   	19.3052   	
2.635e-05   	216.85   	19.2594   	
2.64e-05   	217.067   	19.5271   	
2.645e-05   	217.163   	19.8015   	
2.65e-05   	217.284   	19.6708   	
2.655e-05   	217.577   	19.9891   	
2.66e-05   	217.491   	19.9889   	
2.665e-05   	217.707   	19.9485   	
2.67e-05   	217.716   	19.9591   	
2.675e-05   	218.154   	20.0837   	
2.68e-05   	218.305   	19.641   	
2.685e-05   	218.657   	19.791   	
2.69e-05   	218.883   	19.9859   	
2.695e-05   	219.135   	19.6012   	
2.7e-05   	219.149   	19.5435   	
2.705e-05   	219.042   	19.7543   	
2.71e-05   	219.506   	19.87   	
2.715e-05   	219.233   	19.902   	
2.72e-05   	219.62   	20.1392   	
2.725e-05   	219.471   	20.4486   	
2.73e-05   	219.47   	20.0552   	
2.735e-05   	219.678   	19.7837   	
2.74e-05   	219.633   	19.9474   	
2.745e-05   	219.297   	20.1402   	
2.75e-05   	219.608   	20.2974   	
2.755e-05   	219.982   	20.1825   	
2.76e-05   	220.025   	20.8019   	
2.765e-05   	220.087   	20.8044   	
2.77e-05   	220.036   	20.4054   	
2.775e-05   	220.312   	19.9639   	
2.78e-05   	220.976   	20.1592   	
2.785e-05   	221.115   	20.2829   	
2.79e-05   	221.441   	20.4082   	
2.795e-05   	221.616   	20.2587   	
2.8e-05   	221.636   	20.4151   	
2.805e-05   	221.907   	20.1392   	
2.81e-05   	222.099   	20.3612   	
2.815e-05   	222.397   	20.5471   	
2.82e-05   	222.597   	20.6601   	
2.825e-05   	222.958   	20.58   	
2.83e-05   	222.944   	21.1431   	
2.835e-05   	223.271   	21.2055   	
2.84e-05   	223.496   	20.4541   	
2.845e-05   	223.81   	20.4642   	
2.85e-05   	224.118   	20.3452   	
2.855e-05   	224.108   	20.2603   	
2.86e-05   	224.482   	20.2039   	
2.865e-05   	224.066   	20.0076   	
2.87e-05   	224.627   	20.2117   	
2.875e-05   	224.693   	20.4402   	
2.88e-05   	225.014   	20.4255   	
2.885e-05   	225.288   	20.1699   	
2.89e-05   	225.485   	20.0395   	
2.895e-05   	225.477   	19.7897   	
2.9e-05   	225.532   	19.8613   	
2.905e-05   	225.6   	20.0805   	
2.91e-05   	225.577   	19.9749   	
2.915e-05   	225.253   	19.7646   	
2.92e-05   	225.299   	19.8287   	
2.925e-05   	225.272   	20.0457   	
2.93e-05   	225.743   	19.5492   	
2.935e-05   	225.989   	19.6407   	
2.94e-05   	226.126   	19.6397   	
2.945e-05   	225.994   	19.2271   	
2.95e-05   	226.466   	18.9257   	
2.955e-05   	226.519   	19.034   	
2.96e-05   	226.288   	18.8111   	
2.965e-05   	226.476   	19.0614   	
2.97e-05   	226.477   	19.1175   	
2.975e-05   	226.596   	18.8566   	
2.98e-05   	226.468   	19.2871   	
2.985e-05   	226.674   	19.0641   	
2.99e-05   	226.576   	18.7881   	
2.995e-05   	226.648   	18.8822   	
3e-05   	226.512   	18.8542   	
3.005e-05   	226.499   	19.0505   	
3.01e-05   	226.658   	18.7399   	
3.015e-05   	226.862   	18.5047   	
3.02e-05   	227.551   	18.6962   	
3.025e-05   	227.852   	18.2947   	
3.03e-05   	227.842   	18.6969   	
3.035e-05   	227.781   	19.118   	
3.04e-05   	228.2   	19.1212   	
3.045e-05   	228.321   	19.2249   	
3.05e-05   	228.491   	19.1462   	
3.055e-05   	228.53   	19.406   	
3.06e-05   	228.805   	19.1512   	
3.065e-05   	229.021   	19.6396   	
3.07e-05   	229.359   	19.3539   	
3.075e-05   	229.56   	19.0862   	
3.08e-05   	229.68   	19.3062   	
3.085e-05   	230.13   	19.4433   	
3.09e-05   	230.145   	19.0473   	
3.095e-05   	230.231   	19.3086   	
3.1e-05   	230.246   	19.4145   	
3.105e-05   	230.467   	19.7054   	
3.11e-05   	230.674   	19.7653   	
3.115e-05   	230.77   	20.1309   	
3.12e-05   	230.534   	19.8913   	
3.125e-05   	230.814   	19.9229   	
3.13e-05   	231.011   	19.7636   	
3.135e-05   	230.756   	19.7412   	
3.14e-05   	231.038   	19.9874   	
3.145e-05   	231.371   	19.8332   	
3.15e-05   	231.316   	20.3133   	
3.155e-05   	231.576   	20.2903   	
3.16e-05   	231.455   	20.2442   	
3.165e-05   	231.735   	19.7665   	
3.17e-05   	232.181   	19.611   	
3.175e-05   	232.394   	20.0942   	
3.18e-05   	232.964   	20.1873   	
3.185e-05   	233.016   	20.1508   	
3.19e-05   	233.084   	20.2547   	
3.195e-05   	233.366   	20.1478   	
3.2e-05   	233.389   	20.3902   	
3.205e-05   	233.65   	20.646   	
3.21e-05   	233.876   	20.6952   	
3.215e-05   	234.427   	20.6225   	
3.22e-05   	234.282   	21.0711   	
3.225e-05   	234.596   	21.2933   	
3.23e-05   	235.018   	20.8903   	
3.235e-05   	234.992   	20.7857   	
3.24e-05   	235.462   	20.723   	
3.245e-05   	235.492   	20.857   	
3.25e-05   	235.776   	20.7199   	
3.255e-05   	235.496   	20.3691   	
3.26e-05   	235.868   	20.5136   	
3.265e-05   	236.107   	20.7456   	
3.27e-05   	236.167   	20.8969   	
3.275e-05   	236.795   	20.639   	
3.28e-05   	236.64   	20.9104   	
3.285e-05   	237.075   	20.7152   	
3.29e-05   	236.794   	20.6353   	
3.295e-05   	237.146   	20.796   	
3.3e-05   	236.994   	20.9736   	
3.305e-05   	236.711   	20.7501   	
3.31e-05   	236.801   	20.9102   	
3.315e-05   	236.668   	21.0325   	
3.32e-05   	237.053   	20.5398   	
3.325e-05   	237.053   	20.5651   	
3.33e-05   	237.589   	20.6887   	
3.335e-05   	237.655   	20.6625   	
3.34e-05   	237.764   	20.4541   	
3.345e-05   	237.819   	20.2805   	
3.35e-05   	237.858   	20.3833   	
3.355e-05   	237.887   	20.326   	
3.36e-05   	238.009   	20.6481   	
3.365e-05   	237.899   	20.4149   	
3.37e-05   	237.778   	20.3598   	
3.375e-05   	238.149   	20.2549   	
3.38e-05   	237.93   	20.1176   	
3.385e-05   	238.169   	20.006   	
3.39e-05   	237.941   	20.1349   	
3.395e-05   	237.937   	19.9788   	
3.4e-05   	237.982   	19.9116   	
3.405e-05   	238.199   	19.7055   	
3.41e-05   	238.714   	19.7789   	
3.415e-05   	239.427   	19.6406   	
3.42e-05   	239.257   	19.6244   	
3.425e-05   	239.361   	20.0349   	
3.43e-05   	239.568   	20.2138   	
3.435e-05   	239.939   	20.1912   	
3.44e-05   	239.702   	20.208   	
3.445e-05   	239.779   	20.3518   	
3.45e-05   	240.279   	20.1921   	
3.455e-05   	240.407   	20.4633   	
3.46e-05   	240.768   	20.0574   	
3.465e-05   	240.901   	20.0145   	
3.47e-05   	241.118   	20.0674   	
3.475e-05   	241.451   	20.2321   	
3.48e-05   	241.581   	19.8276   	
3.485e-05   	241.733   	20.144   	
3.49e-05   	241.408   	20.2988   	
3.495e-05   	241.697   	20.5128   	
3.5e-05   	241.886   	20.3527   	
3.505e-05   	241.996   	20.5832   	
3.51e-05   	241.984   	20.4309   	
3.515e-05   	242.089   	20.4932   	
3.52e-05   	242.423   	20.307   	
3.525e-05   	242.26   	20.2966   	
3.53e-05   	242.363   	20.5554   	
3.535e-05   	242.696   	20.2624   	
3.54e-05   	242.712   	20.6899   	
3.545e-05   	242.897   	20.8007   	
3.55e-05   	242.944   	20.7135   	
3.555e-05   	242.993   	20.2536   	
3.56e-05   	243.5   	19.8942   	
3.565e-05   	243.933   	20.3736   	
3.57e-05   	244.302   	20.3868   	
3.575e-05   	244.566   	20.4672   	
3.58e-05   	244.477   	20.4717   	
3.585e-05   	244.751   	20.6432   	
3.59e-05   	244.767   	20.6309   	
3.595e-05   	245.181   	20.885   	
3.6e-05   	245.296   	21.0626   	
3.605e-05   	245.641   	21.0545   	
3.61e-05   	245.711   	21.495   	
3.615e-05   	245.926   	21.7435   	
3.62e-05   	246.141   	21.6586   	
3.625e-05   	246.363   	21.053   	
3.63e-05   	246.783   	21.0539   	
3.635e-05   	246.863   	21.3316   	
3.64e-05   	247.268   	21.288   	
3.645e-05   	247.068   	20.9077   	
3.65e-05   	247.246   	21.0103   	
3.655e-05   	247.681   	21.2375   	
3.66e-05   	247.618   	21.396   	
3.665e-05   	248.053   	21.1781   	
3.67e-05   	248.057   	21.1201   	
3.675e-05   	248.593   	20.8809   	
3.68e-05   	248.337   	20.894   	
3.685e-05   	248.413   	21.1779   	
3.69e-05   	248.45   	21.1108   	
3.695e-05   	248.363   	20.8688   	
3.7e-05   	248.046   	20.9106   	
3.705e-05   	248.08   	21.1068   	
3.71e-05   	248.492   	20.9785   	
3.715e-05   	248.619   	20.9845   	
3.72e-05   	248.898   	21.1525   	
3.725e-05   	249.187   	21.0837   	
3.73e-05   	249.125   	20.7866   	
3.735e-05   	249.186   	20.4662   	
3.74e-05   	249.274   	20.652   	
3.745e-05   	249.382   	20.4476   	
3.75e-05   	249.399   	20.7665   	
3.755e-05   	249.4   	20.6866   	
3.76e-05   	249.434   	20.6805   	
3.765e-05   	249.387   	20.655   	
3.77e-05   	249.524   	20.2769   	
3.775e-05   	249.617   	20.4538   	
3.78e-05   	249.697   	20.517   	
3.785e-05   	249.349   	20.5152   	
3.79e-05   	249.412   	20.3892   	
3.795e-05   	249.576   	20.0455   	
3.8e-05   	250.077   	19.9043   	
3.805e-05   	250.638   	19.9719   	
3.81e-05   	250.609   	19.9773   	
3.815e-05   	250.76   	20.1317   	
3.82e-05   	250.866   	20.3939   	
3.825e-05   	251.309   	20.4236   	
3.83e-05   	251.329   	20.6877   	
3.835e-05   	251.258   	20.6476   	
3.84e-05   	251.639   	20.4102   	
3.845e-05   	251.699   	20.7598   	
3.85e-05   	252.067   	20.5489   	
3.855e-05   	252.243   	20.2848   	
3.86e-05   	252.398   	20.2239   	
3.865e-05   	252.768   	20.6186   	
3.87e-05   	252.977   	20.137   	
3.875e-05   	252.954   	20.3275   	
3.88e-05   	252.752   	20.7908   	
3.885e-05   	253.268   	20.8344   	
3.89e-05   	253.292   	20.9795   	
3.895e-05   	253.537   	21.064   	
3.9e-05   	253.49   	21.1312   	
3.905e-05   	253.496   	21.0007   	
3.91e-05   	253.761   	20.6911   	
3.915e-05   	253.907   	20.8443   	
3.92e-05   	253.633   	20.8366   	
3.925e-05   	253.924   	21.1656   	
3.93e-05   	254.225   	21.1526   	
3.935e-05   	254.286   	21.4851   	
3.94e-05   	254.269   	21.3985   	
3.945e-05   	254.308   	21.0784   	
3.95e-05   	254.919   	20.8261   	
3.955e-05   	255.265   	21.0375   	
3.96e-05   	255.551   	21.1163   	
3.965e-05   	255.846   	21.0469   	
3.97e-05   	256.023   	21.2535   	
3.975e-05   	256.125   	21.4889   	
3.98e-05   	256.091   	21.3976   	
3.985e-05   	256.459   	21.488   	
3.99e-05   	256.641   	21.9523   	
3.995e-05   	257.072   	22.0437   	
4e-05   	257.124   	22.4031   	
4.005e-05   	257.367   	22.4581   	
4.01e-05   	257.509   	22.5978   	
4.015e-05   	257.768   	21.8328   	
4.02e-05   	258.151   	22.0702   	
4.025e-05   	258.476   	22.2092   	
4.03e-05   	258.593   	22.1193   	
4.035e-05   	258.626   	22.1059   	
4.04e-05   	258.498   	21.7657   	
4.045e-05   	258.937   	22.2072   	
4.05e-05   	258.984   	22.5098   	
4.055e-05   	259.272   	22.4134   	
4.06e-05   	259.511   	22.1569   	
4.065e-05   	259.827   	21.7161   	
4.07e-05   	259.767   	21.4987   	
4.075e-05   	259.853   	21.4816   	
4.08e-05   	259.871   	21.686   	
4.085e-05   	259.808   	21.4781   	
4.09e-05   	259.497   	21.3737   	
4.095e-05   	259.599   	21.6921   	
4.1e-05   	259.689   	21.6152   	
4.105e-05   	259.898   	21.3785   	
4.11e-05   	260.344   	21.633   	
4.115e-05   	260.476   	21.4039   	
4.12e-05   	260.362   	21.1106   	
4.125e-05   	260.558   	20.8624   	
4.13e-05   	260.751   	21.0229   	
4.135e-05   	260.624   	20.8839   	
4.14e-05   	260.897   	21.1662   	
4.145e-05   	260.803   	21.4031   	
4.15e-05   	260.851   	21.3806   	
4.155e-05   	260.867   	21.3019   	
4.16e-05   	260.919   	21.2157   	
4.165e-05   	261.04   	20.9266   	
4.17e-05   	260.943   	21.0914   	
4.175e-05   	260.834   	21.0648   	
4.18e-05   	260.647   	20.9895   	
4.185e-05   	261.106   	20.5834   	
4.19e-05   	261.323   	20.4098   	
4.195e-05   	262.027   	20.7003   	
4.2e-05   	262.033   	20.5011   	
4.205e-05   	262.253   	20.8414   	
4.21e-05   	262.314   	21.1941   	
4.215e-05   	262.569   	21.0273   	
4.22e-05   	262.787   	21.411   	
4.225e-05   	262.707   	21.2883   	
4.23e-05   	262.913   	21.1443   	
4.235e-05   	262.928   	21.1536   	
4.24e-05   	263.463   	21.3352   	
4.245e-05   	263.626   	20.8598   	
4.25e-05   	263.971   	20.9445   	
4.255e-05   	264.048   	21.0307   	
4.26e-05   	264.504   	20.8122   	
4.265e-05   	264.441   	20.6494   	
4.27e-05   	264.402   	20.9057   	
4.275e-05   	264.822   	21.0198   	
4.28e-05   	264.567   	21.1968   	
4.285e-05   	265.031   	21.2231   	
4.29e-05   	264.932   	21.7049   	
4.295e-05   	265.022   	21.1702   	
4.3e-05   	265.174   	20.9503   	
4.305e-05   	265.315   	20.9928   	
4.31e-05   	264.958   	21.1001   	
4.315e-05   	265.416   	21.1779   	
4.32e-05   	265.56   	21.0866   	
4.325e-05   	265.732   	21.5864   	
4.33e-05   	265.908   	21.5342   	
4.335e-05   	265.754   	21.2539   	
4.34e-05   	266.058   	20.7706   	
4.345e-05   	266.618   	20.8017   	
4.35e-05   	266.835   	20.9318   	
4.355e-05   	267.181   	20.9613   	
4.36e-05   	267.286   	21.0478   	
4.365e-05   	267.407   	21.4972   	
4.37e-05   	267.687   	21.2504   	
4.375e-05   	267.858   	21.5959   	
4.38e-05   	268.113   	21.7475   	
4.385e-05   	268.281   	21.895   	
4.39e-05   	268.674   	21.8054   	
4.395e-05   	268.632   	22.0999   	
4.4e-05   	268.982   	22.3402   	
4.405e-05   	269.242   	21.7176   	
4.41e-05   	269.514   	21.5456   	
4.415e-05   	269.755   	21.5415   	
4.42e-05   	269.862   	21.4866   	
4.425e-05   	270.164   	21.6957   	
4.43e-05   	269.78   	21.3305   	
4.435e-05   	270.336   	21.4964   	
4.44e-05   	270.417   	21.6719   	
4.445e-05   	270.693   	21.9488   	
4.45e-05   	271.1   	21.3088   	
4.455e-05   	271.196   	21.1634   	
4.46e-05   	271.217   	20.6838   	
4.465e-05   	271.166   	20.7   	
4.47e-05   	271.249   	20.9677   	
4.475e-05   	271.349   	20.8254   	
4.48e-05   	271.047   	20.6132   	
4.485e-05   	271.113   	20.7833   	
4.49e-05   	270.982   	21.0687   	
4.495e-05   	271.407   	20.434   	
4.5e-05   	271.649   	20.4397   	
4.505e-05   	271.854   	20.5528   	
4.51e-05   	271.815   	20.3309   	
4.515e-05   	272.197   	20.1062   	
4.52e-05   	272.134   	20.1266   	
4.525e-05   	271.992   	19.9787   	
4.53e-05   	272.182   	19.8468   	
4.535e-05   	272.25   	20.0632   	
4.54e-05   	272.318   	20.1715   	
4.545e-05   	272.052   	20.4399   	
4.55e-05   	272.455   	20.4669   	
4.555e-05   	272.283   	20.3424   	
4.56e-05   	272.438   	20.3134   	
4.565e-05   	272.282   	20.2034   	
4.57e-05   	272.24   	20.1837   	
4.575e-05   	272.399   	20.1774   	
4.58e-05   	272.521   	19.8784   	
4.585e-05   	273.25   	19.9878   	
4.59e-05   	273.596   	19.5283   	
4.595e-05   	273.519   	19.9001   	
4.6e-05   	273.553   	20.2623   	
4.605e-05   	273.862   	20.4177   	
4.61e-05   	274.073   	20.6377   	
4.615e-05   	274.217   	20.7746   	
4.62e-05   	274.25   	20.599   	
4.625e-05   	274.517   	20.4783   	
4.63e-05   	274.74   	20.8832   	
4.635e-05   	275.063   	20.4734   	
4.64e-05   	275.251   	20.2305   	
4.645e-05   	275.318   	20.3675   	
4.65e-05   	275.822   	20.3983   	
4.655e-05   	275.849   	19.8858   	
4.66e-05   	275.949   	19.948   	
4.665e-05   	275.886   	20.1473   	
4.67e-05   	276.094   	20.3693   	
4.675e-05   	276.33   	20.134   	
4.68e-05   	276.339   	20.3712   	
4.685e-05   	276.253   	20.2289   	
4.69e-05   	276.573   	20.1193   	
4.695e-05   	276.584   	20.0235   	
4.7e-05   	276.501   	20.1388   	
4.705e-05   	276.681   	20.4478   	
4.71e-05   	277.119   	20.1555   	
4.715e-05   	277.058   	20.7279   	
4.72e-05   	277.322   	20.7101   	
4.725e-05   	277.236   	20.691   	
4.73e-05   	277.415   	20.4913   	
4.735e-05   	277.959   	20.1101   	
4.74e-05   	278.232   	20.4435   	
4.745e-05   	278.752   	20.4563   	
4.75e-05   	278.776   	20.5197   	
4.755e-05   	278.828   	20.7732   	
4.76e-05   	279.062   	20.7928   	
4.765e-05   	279.075   	21.0878   	
4.77e-05   	279.374   	21.4057   	
4.775e-05   	279.612   	21.394   	
4.78e-05   	280.084   	21.3735   	
4.785e-05   	279.977   	21.532   	
4.79e-05   	280.295   	21.5658   	
4.795e-05   	280.745   	21.2547   	
4.8e-05   	280.627   	20.853   	
4.805e-05   	281.137   	20.8621   	
4.81e-05   	281.176   	21.0562   	
4.815e-05   	281.533   	21.1191   	
4.82e-05   	281.264   	20.652   	
4.825e-05   	281.61   	20.8583   	
4.83e-05   	281.897   	20.9511   	
4.835e-05   	281.948   	21.1445   	
4.84e-05   	282.49   	20.7514   	
4.845e-05   	282.412   	20.9594   	
4.85e-05   	282.849   	20.4607   	
4.855e-05   	282.508   	20.3572   	
4.86e-05   	282.812   	20.5337   	
4.865e-05   	282.736   	20.2341   	
4.87e-05   	282.476   	20.2651   	
4.875e-05   	282.487   	20.272   	
4.88e-05   	282.392   	20.6466   	
4.885e-05   	282.794   	20.1559   	
4.89e-05   	282.914   	19.8462   	
4.895e-05   	283.239   	20.0932   	
4.9e-05   	283.471   	20.0421   	
4.905e-05   	283.409   	19.9003   	
4.91e-05   	283.487   	19.472   	
4.915e-05   	283.518   	19.4493   	
4.92e-05   	283.619   	19.1828   	
4.925e-05   	283.738   	19.3719   	
4.93e-05   	283.657   	19.5491   	
4.935e-05   	283.608   	19.7325   	
4.94e-05   	283.842   	19.6748   	
4.945e-05   	283.62   	19.5375   	
4.95e-05   	283.859   	19.79   	
4.955e-05   	283.721   	19.7377   	
4.96e-05   	283.68   	19.668   	
4.965e-05   	283.714   	19.5687   	
4.97e-05   	283.921   	19.5287   	
4.975e-05   	284.454   	19.4902   	
4.98e-05   	285.133   	19.5339   	
4.985e-05   	284.938   	19.3265   	
4.99e-05   	285.11   	19.8507   	
4.995e-05   	285.289   	19.831   	
5e-05   	285.587   	19.9936   	
5.005e-05   	285.421   	20.4267   	
5.01e-05   	285.577   	20.4814   	
5.015e-05   	285.849   	20.374   	
5.02e-05   	286.127   	20.6912   	
5.025e-05   	286.436   	20.3066   	
5.03e-05   	286.681   	20.0526   	
5.035e-05   	286.858   	20.106   	
5.04e-05   	287.2   	20.4042   	
5.045e-05   	287.244   	19.9494   	
5.05e-05   	287.401   	19.9504   	
5.055e-05   	287.18   	20.1827   	
5.06e-05   	287.487   	20.1881   	
5.065e-05   	287.671   	20.1091   	
5.07e-05   	287.747   	20.2768   	
5.075e-05   	287.674   	20.5101   	
5.08e-05   	287.781   	20.3541   	
5.085e-05   	288.166   	19.8916   	
5.09e-05   	288.162   	20.021   	
5.095e-05   	288.152   	20.1053   	
5.1e-05   	288.377   	19.9517   	
5.105e-05   	288.523   	20.2798   	
5.11e-05   	288.672   	20.3642   	
5.115e-05   	288.688   	20.4257   	
5.12e-05   	288.668   	20.0631   	
5.125e-05   	289.336   	19.6521   	
5.13e-05   	289.748   	20.1036   	
5.135e-05   	290.052   	20.1879   	
5.14e-05   	290.26   	20.1385   	
5.145e-05   	290.228   	20.5266   	
5.15e-05   	290.509   	20.7138   	
5.155e-05   	290.585   	20.7515   	
5.16e-05   	290.908   	20.8277   	
5.165e-05   	291.019   	21.0941   	
5.17e-05   	291.434   	21.0677   	
5.175e-05   	291.347   	21.1101   	
5.18e-05   	291.583   	21.5045   	
5.185e-05   	291.863   	21.4669   	
5.19e-05   	292.123   	20.9094   	
5.195e-05   	292.432   	20.8354   	
5.2e-05   	292.633   	21.086   	
5.205e-05   	293.001   	20.943   	
5.21e-05   	292.857   	20.5432   	
5.215e-05   	292.951   	20.5398   	
5.22e-05   	293.434   	20.7061   	
5.225e-05   	293.428   	20.8777   	
5.23e-05   	293.739   	20.854   	
5.235e-05   	293.81   	20.4862   	
5.24e-05   	294.24   	20.0659   	
5.245e-05   	294.133   	20.0054   	
5.25e-05   	294.149   	20.085   	
5.255e-05   	294.13   	19.851   	
5.26e-05   	294.089   	19.812   	
5.265e-05   	293.812   	19.9889   	
5.27e-05   	293.834   	20.2964   	
5.275e-05   	294.136   	20.1561   	
5.28e-05   	294.344   	19.8084   	
5.285e-05   	294.633   	20.0661   	
5.29e-05   	294.857   	20.025   	
5.295e-05   	294.816   	19.9337   	
5.3e-05   	294.86   	19.5235   	
5.305e-05   	294.954   	19.3758   	
5.31e-05   	295.034   	19.0476   	
5.315e-05   	295.073   	19.3579   	
5.32e-05   	295.181   	19.4885   	
5.325e-05   	295.109   	19.7999   	
5.33e-05   	295.151   	19.7336   	
5.335e-05   	295.199   	19.5648   	
5.34e-05   	295.294   	19.5189   	
5.345e-05   	295.429   	19.7318   	
5.35e-05   	295.036   	19.6325   	
5.355e-05   	295.045   	19.4077   	
5.36e-05   	295.269   	19.3783   	
5.365e-05   	295.768   	19.15   	
5.37e-05   	296.279   	19.2385   	
5.375e-05   	296.351   	19.0787   	
5.38e-05   	296.537   	19.2305   	
5.385e-05   	296.653   	19.6119   	
5.39e-05   	296.958   	19.3942   	
5.395e-05   	297.211   	19.9022   	
5.4e-05   	297.085   	20.1475   	
5.405e-05   	297.287   	19.9044   	
5.41e-05   	297.429   	20.0176   	
5.415e-05   	297.787   	20.0819   	
5.42e-05   	297.958   	19.7535   	
5.425e-05   	298.178   	19.8088   	
5.43e-05   	298.556   	19.9759   	
5.435e-05   	298.745   	19.5369   	
5.44e-05   	298.666   	19.6487   	
5.445e-05   	298.551   	19.6718   	
5.45e-05   	299.129   	19.4819   	
5.455e-05   	299.002   	19.7283   	
5.46e-05   	299.274   	19.9061   	
5.465e-05   	299.185   	20.5365   	
5.47e-05   	299.228   	20.2268   	
5.475e-05   	299.567   	20.0227   	
5.48e-05   	299.548   	20.3837   	
5.485e-05   	299.384   	20.1102   	
5.49e-05   	299.657   	20.5454   	
5.495e-05   	299.963   	20.3104   	
5.5e-05   	299.969   	20.7287   	
5.505e-05   	300.01   	20.6634   	
5.51e-05   	300.092   	20.5126   	
5.515e-05   	300.644   	19.9986   	
5.52e-05   	301.005   	20.3901   	
5.525e-05   	301.281   	20.62   	
5.53e-05   	301.636   	20.3971   	
5.535e-05   	301.789   	20.6082   	
5.54e-05   	301.73   	20.9257   	
5.545e-05   	301.928   	20.8377   	
5.55e-05   	302.166   	20.9639   	
5.555e-05   	302.409   	21.2151   	
5.56e-05   	302.867   	21.4738   	
5.565e-05   	302.93   	21.506   	
5.57e-05   	303.053   	21.5779   	
5.575e-05   	303.289   	21.9243   	
5.58e-05   	303.482   	21.1818   	
5.585e-05   	303.842   	21.3006   	
5.59e-05   	304.232   	21.0956   	
5.595e-05   	304.211   	21.0932   	
5.6e-05   	304.451   	20.939   	
5.605e-05   	304.183   	20.6486   	
5.61e-05   	304.713   	20.7693   	
5.615e-05   	304.687   	20.8325   	
5.62e-05   	304.962   	21.2336   	
5.625e-05   	305.284   	20.6068   	
5.63e-05   	305.526   	20.5639   	
5.635e-05   	305.589   	20.4098   	
5.64e-05   	305.6   	20.4938   	
5.645e-05   	305.58   	20.2901   	
5.65e-05   	305.538   	20.2142   	
5.655e-05   	305.282   	20.1712   	
5.66e-05   	305.346   	20.4689   	
5.665e-05   	305.395   	20.4434   	
5.67e-05   	305.671   	19.8701   	
5.675e-05   	306.096   	19.9226   	
5.68e-05   	306.202   	19.8081   	
5.685e-05   	306.088   	19.6648   	
5.69e-05   	306.338   	19.5954   	
5.695e-05   	306.498   	19.6545   	
5.7e-05   	306.378   	19.1346   	
5.705e-05   	306.607   	19.2794   	
5.71e-05   	306.531   	19.4403   	
5.715e-05   	306.692   	19.7313   	
5.72e-05   	306.519   	19.7393   	
5.725e-05   	306.734   	19.8538   	
5.73e-05   	306.781   	19.5607   	
5.735e-05   	306.702   	19.919   	
5.74e-05   	306.529   	20.0402   	
5.745e-05   	306.431   	19.6864   	
5.75e-05   	306.75   	19.3824   	
5.755e-05   	306.977   	19.1035   	
5.76e-05   	307.712   	19.3736   	
5.765e-05   	307.841   	19.1625   	
5.77e-05   	307.993   	19.4661   	
5.775e-05   	307.933   	19.707   	
5.78e-05   	308.298   	19.6389   	
5.785e-05   	308.486   	19.6783   	
5.79e-05   	308.443   	20.0767   	
5.795e-05   	308.642   	20.0764   	
5.8e-05   	308.709   	19.7576   	
5.805e-05   	309.171   	20.0507   	
5.81e-05   	309.365   	19.7025   	
5.815e-05   	309.714   	19.6412   	
5.82e-05   	309.828   	19.7319   	
5.825e-05   	310.215   	19.7674   	
5.83e-05   	310.22   	19.6361   	
5.835e-05   	310.216   	19.6153   	
5.84e-05   	310.408   	19.4825   	
5.845e-05   	310.335   	19.284   	
5.85e-05   	310.704   	19.2581   	
5.855e-05   	310.734   	19.8634   	
5.86e-05   	310.644   	19.5255   	
5.865e-05   	310.954   	19.4116   	
5.87e-05   	311.124   	19.4455   	
5.875e-05   	310.732   	19.3016   	
5.88e-05   	311.075   	19.3672   	
5.885e-05   	311.344   	19.3319   	
5.89e-05   	311.421   	20.0054   	
5.895e-05   	311.567   	19.9352   	
5.9e-05   	311.482   	19.832   	
5.905e-05   	311.76   	19.5256   	
5.91e-05   	312.365   	19.3838   	
5.915e-05   	312.509   	19.8027   	
5.92e-05   	312.989   	19.7635   	
5.925e-05   	313.026   	19.6481   	
5.93e-05   	313.194   	19.8166   	
5.935e-05   	313.33   	19.5813   	
5.94e-05   	313.523   	19.7775   	
5.945e-05   	313.737   	20.1465   	
5.95e-05   	314.011   	20.1836   	
5.955e-05   	314.452   	19.9216   	
5.96e-05   	314.34   	20.1565   	
5.965e-05   	314.805   	20.4847   	
5.97e-05   	315.032   	19.7938   	
5.975e-05   	315.145   	19.6009   	
5.98e-05   	315.512   	19.4869   	
5.985e-05   	315.605   	19.5723   	
5.99e-05   	315.838   	19.5945   	
5.995e-05   	315.508   	18.9577   	
6e-05   	316.089   	19.0644   	
6.005e-05   	316.191   	19.1588   	
6.01e-05   	316.342   	19.3806   	
6.015e-05   	316.86   	18.7942   	
6.02e-05   	316.819   	19.0079   	
6.025e-05   	316.982   	18.682   	
6.03e-05   	316.838   	18.8498   	
6.035e-05   	316.986   	18.887   	
6.04e-05   	317.106   	18.4628   	
6.045e-05   	316.823   	18.5066   	
6.05e-05   	316.823   	18.7256   	
6.055e-05   	316.619   	18.9596   	
6.06e-05   	317.076   	18.6259   	
6.065e-05   	317.277   	18.1722   	
6.07e-05   	317.639   	18.4086   	
6.075e-05   	317.553   	18.3299   	
6.08e-05   	317.85   	18.0501   	
6.085e-05   	317.871   	18.0223   	
6.09e-05   	317.862   	17.6592   	
6.095e-05   	317.915   	17.5188   	
6.1e-05   	318.048   	17.8101   	
6.105e-05   	317.981   	18.0319   	
6.11e-05   	317.726   	18.2146   	
6.115e-05   	318.137   	18.3803   	
6.12e-05   	317.98   	18.2744   	
6.125e-05   	318.166   	18.4675   	
6.13e-05   	318.077   	18.6191   	
6.135e-05   	317.954   	18.3755   	
6.14e-05   	318.139   	18.1216   	
6.145e-05   	318.284   	18.0278   	
6.15e-05   	318.904   	18.2571   	
6.155e-05   	319.338   	18.0899   	
6.16e-05   	319.201   	18.3231   	
6.165e-05   	319.367   	18.5489   	
6.17e-05   	319.623   	18.7206   	
6.175e-05   	319.885   	18.9916   	
6.18e-05   	319.891   	19.1067   	
6.185e-05   	319.955   	19.0739   	
6.19e-05   	320.309   	18.7964   	
6.195e-05   	320.366   	19.2706   	
6.2e-05   	320.729   	18.9019   	
6.205e-05   	320.945   	18.4847   	
6.21e-05   	321.171   	18.8858   	
6.215e-05   	321.53   	19.0873   	
6.22e-05   	321.637   	18.6003   	
6.225e-05   	321.728   	18.4632   	
6.23e-05   	321.659   	18.4823   	
6.235e-05   	321.816   	18.2284   	
6.24e-05   	321.975   	17.8175   	
6.245e-05   	321.961   	18.1328   	
6.25e-05   	321.902   	18.1118   	
6.255e-05   	322.326   	18.1987   	
6.26e-05   	322.377   	18.2559   	
6.265e-05   	322.319   	18.3344   	
6.27e-05   	322.369   	18.4617   	
6.275e-05   	322.853   	18.0115   	
6.28e-05   	322.776   	18.5367   	
6.285e-05   	323.073   	18.5387   	
6.29e-05   	323.041   	18.4918   	
6.295e-05   	323.099   	18.3814   	
6.3e-05   	323.656   	17.947   	
6.305e-05   	324.023   	18.4078   	
6.31e-05   	324.419   	18.6957   	
6.315e-05   	324.574   	18.5336   	
6.32e-05   	324.55   	18.4817   	
6.325e-05   	324.853   	18.2404   	
6.33e-05   	324.786   	18.1776   	
6.335e-05   	325.093   	18.6514   	
6.34e-05   	325.358   	18.3554   	
6.345e-05   	325.763   	18.6191   	
6.35e-05   	325.785   	18.5769   	
6.355e-05   	326.012   	18.9061   	
6.36e-05   	326.369   	18.363   	
6.365e-05   	326.45   	17.8909   	
6.37e-05   	326.868   	17.8832   	
6.375e-05   	326.878   	17.8574   	
6.38e-05   	327.298   	17.7275   	
6.385e-05   	327.003   	17.3395   	
6.39e-05   	327.259   	17.5185   	
6.395e-05   	327.592   	17.6593   	
6.4e-05   	327.741   	17.8546   	
6.405e-05   	328.111   	17.7222   	
6.41e-05   	328.218   	17.7777   	
6.415e-05   	328.628   	17.5999   	
6.42e-05   	328.279   	17.6532   	
6.425e-05   	328.492   	17.7953   	
6.43e-05   	328.476   	17.5245   	
6.435e-05   	328.283   	17.7456   	
6.44e-05   	328.138   	17.7543   	
6.445e-05   	328.138   	18.1538   	
6.45e-05   	328.599   	18.1088   	
6.455e-05   	328.681   	17.4445   	
6.46e-05   	328.885   	17.6419   	
6.465e-05   	329.276   	17.429   	
6.47e-05   	329.202   	17.2264   	
6.475e-05   	329.275   	16.9865   	
6.48e-05   	329.238   	16.8062   	
6.485e-05   	329.325   	16.4999   	
6.49e-05   	329.484   	16.8964   	
6.495e-05   	329.373   	17.0745   	
6.5e-05   	329.449   	17.2039   	
6.505e-05   	329.494   	17.2527   	
6.51e-05   	329.448   	16.9445   	
6.515e-05   	329.62   	17.1719   	
6.52e-05   	329.542   	17.5795   	
6.525e-05   	329.498   	17.3265   	
6.53e-05   	329.492   	17.0137   	
6.535e-05   	329.717   	17.0619   	
6.54e-05   	330.118   	17.012   	
6.545e-05   	330.825   	17.3826   	
6.55e-05   	330.698   	17.3726   	
6.555e-05   	330.812   	17.5333   	
6.56e-05   	330.921   	17.535   	
6.565e-05   	331.337   	17.4171   	
6.57e-05   	331.251   	17.9373   	
6.575e-05   	331.327   	18.2174   	
6.58e-05   	331.651   	18.0332   	
6.585e-05   	331.879   	18.3018   	
6.59e-05   	332.181   	18.0889   	
6.595e-05   	332.315   	17.9523   	
6.6e-05   	332.495   	18.1617   	
6.605e-05   	332.929   	18.616   	
6.61e-05   	333.006   	18.1568   	
6.615e-05   	333.096   	18.1091   	
6.62e-05   	332.87   	18.0151   	
6.625e-05   	333.327   	17.8722   	
6.63e-05   	333.383   	17.4399   	
6.635e-05   	333.526   	17.6221   	
6.64e-05   	333.411   	17.85   	
6.645e-05   	333.549   	17.9928   	
6.65e-05   	333.914   	18.0193   	
6.655e-05   	333.908   	18.3229   	
6.66e-05   	333.864   	18.1545   	
6.665e-05   	334.068   	18.157   	
6.67e-05   	334.204   	18.3189   	
6.675e-05   	334.313   	18.5605   	
6.68e-05   	334.344   	18.3331   	
6.685e-05   	334.365   	18.0435   	
6.69e-05   	334.993   	17.7914   	
6.695e-05   	335.372   	18.4121   	
6.7e-05   	335.725   	18.5003   	
6.705e-05   	336.116   	18.351   	
6.71e-05   	336.021   	18.1767   	
6.715e-05   	336.202   	17.9044   	
6.72e-05   	336.262   	17.796   	
6.725e-05   	336.634   	17.967   	
6.73e-05   	336.716   	18.2919   	
6.735e-05   	337.153   	18.375   	
6.74e-05   	337.145   	18.1823   	
6.745e-05   	337.276   	18.46   	
6.75e-05   	337.66   	18.5172   	
6.755e-05   	337.784   	17.6589   	
6.76e-05   	338.168   	17.7088   	
6.765e-05   	338.409   	17.8308   	
6.77e-05   	338.683   	17.7056   	
6.775e-05   	338.669   	17.2875   	
6.78e-05   	338.657   	17.2519   	
6.785e-05   	339.149   	17.2008   	
6.79e-05   	339.16   	17.372   	
6.795e-05   	339.473   	17.4277   	
6.8e-05   	339.479   	17.3445   	
6.805e-05   	339.916   	17.3189   	
6.81e-05   	339.827   	17.3215   	
6.815e-05   	339.919   	17.5132   	
6.82e-05   	339.874   	17.4176   	
6.825e-05   	339.799   	17.4085   	
6.83e-05   	339.56   	17.4229   	
6.835e-05   	339.615   	17.6677   	
6.84e-05   	339.815   	17.6588   	
6.845e-05   	340.057   	17.2677   	
6.85e-05   	340.431   	17.5889   	
6.855e-05   	340.566   	17.1084   	
6.86e-05   	340.505   	17.0021   	
6.865e-05   	340.685   	16.8695   	
6.87e-05   	340.746   	16.7603   	
6.875e-05   	340.711   	16.2698   	
6.88e-05   	340.853   	16.5654   	
6.885e-05   	340.96   	16.934   	
6.89e-05   	340.864   	16.8614   	
6.895e-05   	340.917   	17.0449   	
6.9e-05   	340.891   	16.6969   	
6.905e-05   	341.045   	16.6711   	
6.91e-05   	341.05   	17.2729   	
6.915e-05   	340.777   	17.1174   	
6.92e-05   	340.798   	16.7761   	
6.925e-05   	341.004   	16.886   	
6.93e-05   	341.502   	16.7228   	
6.935e-05   	342.082   	17.0416   	
6.94e-05   	342.074   	16.9492   	
6.945e-05   	342.319   	17.2102   	
6.95e-05   	342.422   	17.442   	
6.955e-05   	342.668   	17.082   	
6.96e-05   	342.932   	17.2859   	
6.965e-05   	342.796   	17.7493   	
6.97e-05   	343.015   	17.6773   	
6.975e-05   	343.056   	17.409   	
6.98e-05   	343.524   	17.3577   	
6.985e-05   	343.661   	16.935   	
6.99e-05   	343.982   	17.3106   	
6.995e-05   	344.29   	17.5762   	
7e-05   	344.449   	17.4549   	
7.005e-05   	344.465   	17.4644   	
7.01e-05   	344.43   	16.8549   	
7.015e-05   	344.905   	16.6028   	
7.02e-05   	344.757   	16.2925   	
7.025e-05   	345.077   	16.1845   	
7.03e-05   	344.859   	16.3786   	
7.035e-05   	344.989   	16.3257   	
7.04e-05   	345.278   	15.9991   	
7.045e-05   	345.29   	16.5329   	
7.05e-05   	345.09   	16.3137   	
7.055e-05   	345.361   	16.4281   	
7.06e-05   	345.711   	16.4315   	
7.065e-05   	345.811   	16.754   	
7.07e-05   	345.811   	16.78   	
7.075e-05   	345.826   	16.8384   	
7.08e-05   	346.23   	16.6314   	
7.085e-05   	346.783   	17.0069   	
7.09e-05   	347.059   	16.9163   	
7.095e-05   	347.236   	16.7829   	
7.1e-05   	347.444   	16.6774   	
7.105e-05   	347.445   	16.4685   	
7.11e-05   	347.736   	16.3591   	
7.115e-05   	347.813   	16.7012   	
7.12e-05   	348.162   	16.9693   	
7.125e-05   	348.569   	16.9284   	
7.13e-05   	348.699   	16.8945   	
7.135e-05   	348.757   	16.9955   	
7.14e-05   	348.986   	17.0855   	
7.145e-05   	349.285   	16.391   	
7.15e-05   	349.57   	16.4602   	
7.155e-05   	349.973   	16.5471   	
7.16e-05   	349.914   	16.6352   	
7.165e-05   	350.215   	16.4266   	
7.17e-05   	349.933   	16.1003   	
7.175e-05   	350.459   	16.0462   	
7.18e-05   	350.414   	15.9589   	
7.185e-05   	350.69   	16.0972   	
7.19e-05   	351.031   	15.8255   	
7.195e-05   	351.296   	15.9844   	
7.2e-05   	351.262   	16.0188   	
7.205e-05   	351.286   	16.2294   	
7.21e-05   	351.305   	16.2136   	
7.215e-05   	351.357   	16.1516   	
7.22e-05   	351.037   	16.0982   	
7.225e-05   	351.118   	16.3962   	
7.23e-05   	351.12   	16.5563   	
7.235e-05   	351.423   	16.5193   	
7.24e-05   	351.812   	16.3424   	
7.245e-05   	351.957   	16.2257   	
7.25e-05   	351.799   	16.053   	
7.255e-05   	352.141   	15.81   	
7.26e-05   	352.302   	15.9026   	
7.265e-05   	352.04   	15.7176   	
7.27e-05   	352.441   	15.7217   	
7.275e-05   	352.214   	15.9906   	
7.28e-05   	352.343   	16.2244   	
7.285e-05   	352.303   	16.3422   	
7.29e-05   	352.478   	16.2191   	
7.295e-05   	352.439   	15.7059   	
7.3e-05   	352.389   	16.1313   	
7.305e-05   	352.304   	16.3918   	
7.31e-05   	352.182   	16.1775   	
7.315e-05   	352.428   	16.1922   	
7.32e-05   	352.652   	16.0695   	
7.325e-05   	353.366   	16.734   	
7.33e-05   	353.62   	16.2878   	
7.335e-05   	353.655   	16.6327   	
7.34e-05   	353.611   	16.7393   	
7.345e-05   	354.012   	16.5306   	
7.35e-05   	354.199   	16.6327   	
7.355e-05   	354.242   	16.7437   	
7.36e-05   	354.385   	17.0592   	
7.365e-05   	354.558   	16.6281   	
7.37e-05   	354.862   	16.7062   	
7.375e-05   	355.096   	16.651   	
7.38e-05   	355.368   	16.6469   	
7.385e-05   	355.57   	16.5452   	
7.39e-05   	355.954   	16.8114   	
7.395e-05   	355.878   	16.5885   	
7.4e-05   	356.021   	16.2919   	
7.405e-05   	356.073   	16.1648   	
7.41e-05   	356.181   	15.709   	
7.415e-05   	356.476   	15.4479   	
7.42e-05   	356.511   	15.2631   	
7.425e-05   	356.454   	15.4079   	
7.43e-05   	356.577   	15.1834   	
7.435e-05   	356.853   	15.2686   	
7.44e-05   	356.528   	15.0679   	
7.445e-05   	356.848   	15.0789   	
7.45e-05   	357.128   	15.2204   	
7.455e-05   	357.128   	15.8307   	
7.46e-05   	357.303   	15.7579   	
7.465e-05   	357.201   	15.605   	
7.47e-05   	357.56   	15.5697   	
7.475e-05   	358.018   	15.703   	
7.48e-05   	358.188   	15.8842   	
7.485e-05   	358.699   	16.0352   	
7.49e-05   	358.796   	16.3009   	
7.495e-05   	358.801   	15.8188   	
7.5e-05   	359.117   	15.5374   	
7.505e-05   	359.197   	15.9288   	
7.51e-05   	359.435   	16.4512   	
7.515e-05   	359.634   	16.316   	
7.52e-05   	360.234   	15.9879   	
7.525e-05   	360.112   	16.0771   	
7.53e-05   	360.5   	16.2142   	
7.535e-05   	360.76   	15.8902   	
7.54e-05   	360.902   	15.5868   	
7.545e-05   	361.238   	15.7828   	
7.55e-05   	361.356   	15.7487   	
7.555e-05   	361.525   	15.7392   	
7.56e-05   	361.238   	15.3289   	
7.565e-05   	361.742   	15.2666   	
7.57e-05   	361.969   	15.1811   	
7.575e-05   	362.005   	15.2078   	
7.58e-05   	362.58   	14.808   	
7.585e-05   	362.482   	15.1224   	
7.59e-05   	362.768   	15.1043   	
7.595e-05   	362.634   	15.1515   	
7.6e-05   	362.756   	15.4   	
7.605e-05   	362.886   	15.22   	
7.61e-05   	362.485   	15.1642   	
7.615e-05   	362.554   	15.6252   	
7.62e-05   	362.389   	15.7815   	
7.625e-05   	362.864   	15.9276   	
7.63e-05   	362.923   	15.679   	
7.635e-05   	363.322   	15.6256   	
7.64e-05   	363.416   	15.6442   	
7.645e-05   	363.576   	15.3095   	
7.65e-05   	363.667   	15.571   	
7.655e-05   	363.543   	15.4879   	
7.66e-05   	363.651   	15.4446   	
7.665e-05   	363.781   	15.7445   	
7.67e-05   	363.768   	15.6364   	
7.675e-05   	363.595   	15.7925   	
7.68e-05   	363.934   	15.5774   	
7.685e-05   	363.658   	15.1187   	
7.69e-05   	363.936   	15.4059   	
7.695e-05   	363.74   	15.6402   	
7.7e-05   	363.759   	15.5086   	
7.705e-05   	363.869   	15.5103   	
7.71e-05   	364.004   	15.2478   	
7.715e-05   	364.535   	15.6015   	
7.72e-05   	365.06   	15.7575   	
7.725e-05   	365.042   	15.7951   	
7.73e-05   	365.133   	16.0084   	
7.735e-05   	365.41   	16.2453   	
7.74e-05   	365.666   	16.323   	
7.745e-05   	365.581   	16.6453   	
7.75e-05   	365.601   	16.9024   	
7.755e-05   	366.024   	16.5659   	
7.76e-05   	366.108   	16.6822   	
7.765e-05   	366.549   	16.6396   	
7.77e-05   	366.644   	16.4897   	
7.775e-05   	366.889   	16.5149   	
7.78e-05   	367.276   	16.8779   	
7.785e-05   	367.397   	16.2292   	
7.79e-05   	367.462   	15.6981   	
7.795e-05   	367.242   	15.4721   	
7.8e-05   	367.502   	15.289   	
7.805e-05   	367.671   	14.9018   	
7.81e-05   	367.699   	14.6042   	
7.815e-05   	367.78   	14.7357   	
7.82e-05   	367.959   	14.6813   	
7.825e-05   	368.137   	14.7088   	
7.83e-05   	368.003   	14.9388   	
7.835e-05   	368.144   	14.7113   	
7.84e-05   	368.464   	14.6629   	
7.845e-05   	368.458   	15.2584   	
7.85e-05   	368.742   	15.3967   	
7.855e-05   	368.748   	15.1795   	
7.86e-05   	368.803   	15.5732   	
7.865e-05   	369.31   	15.242   	
7.87e-05   	369.706   	15.6272   	
7.875e-05   	370.185   	15.7633   	
7.88e-05   	370.318   	15.9715   	
7.885e-05   	370.248   	15.6744   	
7.89e-05   	370.614   	15.2622   	
7.895e-05   	370.533   	15.4343   	
7.9e-05   	370.89   	15.8104   	
7.905e-05   	371.137   	15.6974   	
7.91e-05   	371.509   	15.5782   	
7.915e-05   	371.475   	15.3125   	
7.92e-05   	371.687   	15.5082   	
7.925e-05   	371.985   	15.3628   	
7.93e-05   	372.155   	15.1435   	
7.935e-05   	372.56   	15.1137   	
7.94e-05   	372.64   	15.1184   	
7.945e-05   	373.043   	15.2774   	
7.95e-05   	372.761   	15.1014   	
7.955e-05   	373.006   	15.017   	
7.96e-05   	373.399   	14.7902   	
7.965e-05   	373.469   	14.8214   	
7.97e-05   	373.854   	14.4602   	
7.975e-05   	373.876   	14.4126   	
7.98e-05   	374.356   	14.7093   	
7.985e-05   	374.111   	14.806   	
7.99e-05   	374.211   	15.0333   	
7.995e-05   	374.117   	14.7703   	
8e-05   	374.087   	15.1139   	
8.005e-05   	373.773   	15.4791   	
8.01e-05   	373.831   	16.0125   	
8.015e-05   	374.262   	16.1202   	
8.02e-05   	374.454   	15.8397   	
8.025e-05   	374.75   	15.862   	
8.03e-05   	374.986   	15.6355   	
8.035e-05   	374.87   	15.4313   	
8.04e-05   	375.011   	15.3316   	
8.045e-05   	374.987   	15.0944   	
8.05e-05   	375.126   	14.858   	
8.055e-05   	375.191   	15.0385   	
8.06e-05   	375.095   	15.0744   	
8.065e-05   	375.217   	14.8979   	
8.07e-05   	375.161   	14.8691   	
8.075e-05   	375.21   	14.7806   	
8.08e-05   	375.383   	14.9181   	
8.085e-05   	375.404   	15.2582   	
8.09e-05   	375.204   	15.2961   	
8.095e-05   	375.148   	15.1598   	
8.1e-05   	375.458   	15.221   	
8.105e-05   	375.909   	15.0877   	
8.11e-05   	376.482   	15.5787   	
8.115e-05   	376.336   	15.6528   	
8.12e-05   	376.587   	15.8873   	
8.125e-05   	376.698   	16.0571   	
8.13e-05   	377.022   	16.1075   	
8.135e-05   	376.977   	16.2667   	
8.14e-05   	377.142   	16.6683   	
8.145e-05   	377.385   	16.2331   	
8.15e-05   	377.587   	16.3055   	
8.155e-05   	377.843   	16.1718   	
8.16e-05   	378.017   	16.249   	
8.165e-05   	378.171   	16.2103   	
8.17e-05   	378.686   	16.4591   	
8.175e-05   	378.717   	15.8995   	
8.18e-05   	378.771   	15.8286   	
8.185e-05   	378.59   	15.5363   	
8.19e-05   	379.041   	15.3518   	
8.195e-05   	379.159   	14.9544   	
8.2e-05   	379.311   	14.8445   	
8.205e-05   	379.241   	14.8168   	
8.21e-05   	379.293   	15.1884   	
8.215e-05   	379.565   	14.9261   	
8.22e-05   	379.74   	14.9227   	
8.225e-05   	379.542   	14.5435   	
8.23e-05   	379.738   	14.5223   	
8.235e-05   	379.978   	15.0456   	
8.24e-05   	380.084   	15.2814   	
8.245e-05   	380.111   	15.1441   	
8.25e-05   	380.057   	15.1439   	
8.255e-05   	380.687   	14.9876   	
8.26e-05   	381.014   	15.7131   	
8.265e-05   	381.467   	15.5954   	
8.27e-05   	381.644   	15.7372   	
8.275e-05   	381.835   	15.7336   	
8.28e-05   	382.001   	15.195   	
8.285e-05   	381.932   	15.2515   	
8.29e-05   	382.288   	15.657   	
8.295e-05   	382.357   	15.8714   	
8.3e-05   	382.858   	15.8456   	
8.305e-05   	382.865   	15.7145   	
8.31e-05   	383.132   	15.6825   	
8.315e-05   	383.24   	16.1238   	
8.32e-05   	383.533   	15.8421   	
8.325e-05   	383.88   	15.932   	
8.33e-05   	384.184   	16.0268   	
8.335e-05   	384.431   	16.0189   	
8.34e-05   	384.386   	15.9187   	
8.345e-05   	384.314   	15.8108   	
8.35e-05   	384.744   	15.5762   	
8.355e-05   	384.841   	15.3892   	
8.36e-05   	385.053   	15.3073   	
8.365e-05   	385.29   	15.0893   	
8.37e-05   	385.645   	15.4964   	
8.375e-05   	385.521   	15.5549   	
8.38e-05   	385.703   	15.8472   	
8.385e-05   	385.692   	15.6787   	
8.39e-05   	385.598   	15.665   	
8.395e-05   	385.264   	16.0934   	
8.4e-05   	385.4   	16.5936   	
8.405e-05   	385.517   	16.7011   	
8.41e-05   	385.83   	16.7913   	
8.415e-05   	386.096   	16.7528   	
8.42e-05   	386.341   	16.2366   	
8.425e-05   	386.176   	16.2604   	
8.43e-05   	386.381   	16.2409   	
8.435e-05   	386.504   	16.3921   	
8.44e-05   	386.489   	16.0279   	
8.445e-05   	386.693   	16.236   	
8.45e-05   	386.631   	16.3769   	
8.455e-05   	386.615   	16.1594   	
8.46e-05   	386.666   	16.0724   	
8.465e-05   	386.615   	16.1623   	
8.47e-05   	386.833   	16.0189   	
8.475e-05   	386.741   	16.5533   	
8.48e-05   	386.611   	16.7134   	
8.485e-05   	386.541   	16.3801   	
8.49e-05   	386.796   	16.5399   	
8.495e-05   	387.229   	16.3691   	
8.5e-05   	387.818   	16.83   	
8.505e-05   	387.838   	16.7292   	
8.51e-05   	388.014   	17.0131   	
8.515e-05   	388.188   	16.9993   	
8.52e-05   	388.321   	17.0209   	
8.525e-05   	388.631   	17.0561   	
8.53e-05   	388.524   	17.6343   	
8.535e-05   	388.783   	17.5931   	
8.54e-05   	388.81   	16.9351   	
8.545e-05   	389.239   	17.2565   	
8.55e-05   	389.406   	17.0472   	
8.555e-05   	389.748   	17.2096   	
8.56e-05   	389.999   	17.1965   	
8.565e-05   	390.265   	17.1955   	
8.57e-05   	390.219   	17.066   	
8.575e-05   	390.099   	16.5482   	
8.58e-05   	390.609   	16.2436   	
8.585e-05   	390.394   	15.4638   	
8.59e-05   	390.817   	15.3636   	
8.595e-05   	390.715   	14.988   	
8.6e-05   	390.772   	15.5613   	
8.605e-05   	390.985   	15.4883   	
8.61e-05   	391.042   	15.6861   	
8.615e-05   	390.79   	15.3273   	
8.62e-05   	391.14   	15.195   	
8.625e-05   	391.496   	15.68   	
8.63e-05   	391.537   	15.9003   	
8.635e-05   	391.609   	15.8917   	
8.64e-05   	391.537   	15.6453   	
8.645e-05   	391.869   	15.6959   	
8.65e-05   	392.451   	16.1676   	
8.655e-05   	392.656   	16.2518   	
8.66e-05   	392.962   	16.5311   	
8.665e-05   	393.142   	16.8407   	
8.67e-05   	393.176   	16.4269   	
8.675e-05   	393.413   	16.2388   	
8.68e-05   	393.646   	16.4925   	
8.685e-05   	393.884   	16.7219   	
8.69e-05   	394.116   	16.5751   	
8.695e-05   	394.463   	16.2513   	
8.7e-05   	394.48   	16.1625   	
8.705e-05   	394.78   	16.4847   	
8.71e-05   	394.994   	16.3773   	
8.715e-05   	395.327   	16.373   	
8.72e-05   	395.659   	16.602   	
8.725e-05   	395.634   	16.4323   	
8.73e-05   	395.984   	16.2636   	
8.735e-05   	395.574   	16.1857   	
8.74e-05   	396.179   	16.0315   	
8.745e-05   	396.194   	15.7361   	
8.75e-05   	396.505   	15.3613   	
8.755e-05   	396.803   	14.9662   	
8.76e-05   	397.001   	15.1249   	
8.765e-05   	397.017   	15.1678   	
8.77e-05   	397.042   	15.5429   	
8.775e-05   	397.128   	15.9197   	
8.78e-05   	397.073   	15.6829   	
8.785e-05   	396.783   	16.1772   	
8.79e-05   	396.845   	16.6126   	
8.795e-05   	396.818   	16.8866   	
8.8e-05   	397.307   	17.2909   	
8.805e-05   	397.505   	16.9262   	
8.81e-05   	397.607   	16.9335   	
8.815e-05   	397.543   	17.0769   	
8.82e-05   	397.962   	16.8785   	
8.825e-05   	398.039   	17.3876   	
8.83e-05   	397.771   	17.1204   	
8.835e-05   	398.008   	17.1281   	
8.84e-05   	398.03   	17.1511   	
8.845e-05   	398.109   	17.223   	
8.85e-05   	397.972   	17.043   	
8.855e-05   	398.211   	17.0792   	
8.86e-05   	398.121   	16.9379   	
8.865e-05   	398.146   	17.3524   	
8.87e-05   	398.004   	17.6415   	
8.875e-05   	398.034   	17.416   	
8.88e-05   	398.186   	17.473   	
8.885e-05   	398.392   	17.371   	
8.89e-05   	399.056   	17.8615   	
8.895e-05   	399.359   	17.5608   	
8.9e-05   	399.368   	17.7186   	
8.905e-05   	399.292   	17.7402   	
8.91e-05   	399.713   	17.6993   	
8.915e-05   	399.852   	17.8221   	
8.92e-05   	400.076   	18.3099   	
8.925e-05   	400.051   	18.4667   	
8.93e-05   	400.331   	18.0303   	
8.935e-05   	400.536   	18.0373   	
8.94e-05   	400.88   	18.1113   	
8.945e-05   	401.057   	18.0928   	
8.95e-05   	401.194   	18.0353   	
8.955e-05   	401.642   	18.3097   	
8.96e-05   	401.685   	18.081   	
8.965e-05   	401.742   	17.5936   	
8.97e-05   	401.769   	17.1427   	
8.975e-05   	401.99   	16.8557   	
8.98e-05   	402.232   	16.5212   	
8.985e-05   	402.255   	15.9547   	
8.99e-05   	402.064   	16.4646   	
8.995e-05   	402.339   	16.5215   	
9e-05   	402.538   	16.347   	
9.005e-05   	402.257   	16.4724   	
9.01e-05   	402.54   	16.3025   	
9.015e-05   	402.878   	16.5832   	
9.02e-05   	402.843   	17.0262   	
9.025e-05   	403.084   	17.2604   	
9.03e-05   	403.007   	17.0493   	
9.035e-05   	403.23   	17.1765   	
9.04e-05   	403.751   	17.1333   	
9.045e-05   	403.891   	17.2155   	
9.05e-05   	404.455   	17.6117   	
9.055e-05   	404.506   	17.8988   	
9.06e-05   	404.577   	17.5954   	
9.065e-05   	404.856   	17.0489   	
9.07e-05   	404.903   	17.16   	
9.075e-05   	405.176   	17.3097   	
9.08e-05   	405.393   	17.0864   	
9.085e-05   	405.934   	16.999   	
9.09e-05   	405.814   	16.5627   	
9.095e-05   	406.149   	16.7793   	
9.1e-05   	406.523   	16.8185   	
9.105e-05   	406.505   	16.7381   	
9.11e-05   	406.96   	17.0534   	
9.115e-05   	407.004   	16.5898   	
9.12e-05   	407.295   	16.588   	
9.125e-05   	406.987   	16.5884   	
9.13e-05   	407.374   	16.6325   	
9.135e-05   	407.641   	16.4303   	
9.14e-05   	407.695   	16.039   	
9.145e-05   	408.32   	15.3552   	
9.15e-05   	408.175   	15.4258   	
9.155e-05   	408.608   	15.724   	
9.16e-05   	408.356   	16.0529   	
9.165e-05   	408.646   	16.3296   	
9.17e-05   	408.523   	16.3669   	
9.175e-05   	408.244   	16.8223   	
9.18e-05   	408.354   	17.1262   	
9.185e-05   	408.189   	17.6339   	
9.19e-05   	408.532   	18.219   	
9.195e-05   	408.594   	18.0006   	
9.2e-05   	409.096   	18.2259   	
9.205e-05   	409.152   	18.149   	
9.21e-05   	409.264   	18.0275   	
9.215e-05   	409.339   	18.562   	
9.22e-05   	409.41   	18.5219   	
9.225e-05   	409.387   	18.4223   	
9.23e-05   	409.49   	18.4377   	
9.235e-05   	409.423   	18.6839   	
9.24e-05   	409.332   	18.5765   	
9.245e-05   	409.632   	18.6757   	
9.25e-05   	409.439   	18.1867   	
9.255e-05   	409.689   	18.4291   	
9.26e-05   	409.435   	18.6745   	
9.265e-05   	409.438   	18.3355   	
9.27e-05   	409.517   	18.3267   	
9.275e-05   	409.757   	18.0954   	
9.28e-05   	410.271   	18.2772   	
9.285e-05   	410.933   	18.2929   	
9.29e-05   	410.757   	18.1018   	
9.295e-05   	410.895   	18.2567   	
9.3e-05   	411.091   	18.6177   	
9.305e-05   	411.43   	18.6338   	
9.31e-05   	411.214   	18.9093   	
9.315e-05   	411.315   	19.0772   	
9.32e-05   	411.79   	18.7928   	
9.325e-05   	411.921   	18.657   	
9.33e-05   	412.289   	18.689   	
9.335e-05   	412.461   	18.6234   	
9.34e-05   	412.669   	18.414   	
9.345e-05   	412.952   	18.502   	
9.35e-05   	413.099   	18.2428   	
9.355e-05   	413.266   	18.1977   	
9.36e-05   	412.977   	17.5547   	
9.365e-05   	413.228   	17.232   	
9.37e-05   	413.378   	16.9237   	
9.375e-05   	413.498   	16.5963   	
9.38e-05   	413.514   	16.8694   	
9.385e-05   	413.605   	17.1918   	
9.39e-05   	413.919   	16.9641   	
9.395e-05   	413.782   	17.1207   	
9.4e-05   	413.898   	16.7748   	
9.405e-05   	414.192   	16.843   	
9.41e-05   	414.226   	17.2714   	
9.415e-05   	414.438   	17.6281   	
9.42e-05   	414.467   	17.3406   	
9.425e-05   	414.493   	17.4727   	
9.43e-05   	414.995   	17.2356   	
9.435e-05   	415.462   	17.4706   	
9.44e-05   	415.817   	17.5631   	
9.445e-05   	416.053   	17.8505   	
9.45e-05   	415.987   	17.6486   	
9.455e-05   	416.305   	17.2386   	
9.46e-05   	416.274   	16.9593   	
9.465e-05   	416.677   	17.065   	
9.47e-05   	416.801   	17.0743   	
9.475e-05   	417.204   	17.2789   	
9.48e-05   	417.214   	16.7584   	
9.485e-05   	417.4   	17.0453   	
9.49e-05   	417.66   	17.2233   	
9.495e-05   	417.905   	17.1488   	
9.5e-05   	418.285   	17.1522   	
9.505e-05   	418.381   	16.9636   	
9.51e-05   	418.813   	16.9796   	
9.515e-05   	418.568   	17.1791   	
9.52e-05   	418.786   	17.3148   	
9.525e-05   	419.193   	16.7654   	
9.53e-05   	419.172   	16.6431   	
9.535e-05   	419.571   	16.2283   	
9.54e-05   	419.552   	15.9297   	
9.545e-05   	420.135   	16.0272   	
9.55e-05   	419.807   	16.5609   	
9.555e-05   	419.962   	16.781   	
9.56e-05   	419.944   	16.7304   	
9.565e-05   	419.887   	16.8847   	
9.57e-05   	419.519   	17.0016   	
9.575e-05   	419.586   	17.3151   	
9.58e-05   	420.008   	17.9761   	
9.585e-05   	420.142   	18.1404   	
9.59e-05   	420.443   	18.3399   	
9.595e-05   	420.713   	18.1629   	
9.6e-05   	420.642   	18.2256   	
9.605e-05   	420.693   	18.1046   	
9.61e-05   	420.768   	18.4427   	
9.615e-05   	420.892   	18.1451   	
9.62e-05   	420.907   	18.1241   	
9.625e-05   	420.905   	18.1814   	
9.63e-05   	420.939   	18.1281   	
9.635e-05   	420.944   	17.9846   	
9.64e-05   	421.075   	17.7834   	
9.645e-05   	421.131   	17.7712   	
9.65e-05   	421.205   	18.0685   	
9.655e-05   	420.874   	17.7372   	
9.66e-05   	420.922   	17.5407   	
9.665e-05   	421.099   	17.7281   	
9.67e-05   	421.566   	17.389   	
9.675e-05   	422.143   	17.7583   	
9.68e-05   	422.156   	17.5595   	
9.685e-05   	422.279   	17.5682   	
9.69e-05   	422.384   	17.7646   	
9.695e-05   	422.824   	17.8887   	
9.7e-05   	422.871   	18.0286   	
9.705e-05   	422.75   	18.3606   	
9.71e-05   	423.155   	18.0789   	
9.715e-05   	423.236   	17.869   	
9.72e-05   	423.577   	17.7483   	
9.725e-05   	423.744   	17.5567   	
9.73e-05   	423.871   	17.5256   	
9.735e-05   	424.28   	17.762   	
9.74e-05   	424.497   	17.7184   	
9.745e-05   	424.463   	17.734   	
9.75e-05   	424.296   	17.2292   	
9.755e-05   	424.805   	16.9551   	
9.76e-05   	424.797   	16.5645   	
9.765e-05   	425.031   	16.6839   	
9.77e-05   	425.009   	16.6345   	
9.775e-05   	425.004   	17.0719   	
9.78e-05   	425.328   	16.9777   	
9.785e-05   	425.39   	17.194   	
9.79e-05   	425.117   	17.0765   	
9.795e-05   	425.441   	16.8385   	
9.8e-05   	425.733   	17.295   	
9.805e-05   	425.882   	17.544   	
9.81e-05   	425.914   	17.2923   	
9.815e-05   	426.016   	17.4466   	
9.82e-05   	426.628   	17.5165   	
9.825e-05   	426.957   	17.6883   	
9.83e-05   	427.251   	17.2655   	
9.835e-05   	427.597   	17.4808   	
9.84e-05   	427.807   	17.7502   	
9.845e-05   	427.874   	17.7588   	
9.85e-05   	427.848   	17.4042   	
9.855e-05   	428.251   	17.3104   	
9.86e-05   	428.429   	17.3345   	
9.865e-05   	428.835   	17.3798   	
9.87e-05   	428.899   	17.3234   	
9.875e-05   	429.198   	17.3525   	
9.88e-05   	429.308   	17.7896   	
9.885e-05   	429.551   	18.0147   	
9.89e-05   	429.938   	17.7642   	
9.895e-05   	430.262   	17.7699   	
9.9e-05   	430.517   	18.2471   	
9.905e-05   	430.537   	18.0926   	
9.91e-05   	430.445   	18.2499   	
9.915e-05   	430.931   	18.0531   	
9.92e-05   	430.96   	17.7895   	
9.925e-05   	431.221   	17.4934   	
9.93e-05   	431.441   	17.1509   	
9.935e-05   	431.794   	17.1945   	
9.94e-05   	431.745   	17.3817   	
9.945e-05   	431.835   	17.8542   	
9.95e-05   	431.822   	18.1148   	
9.955e-05   	431.766   	18.14   	
9.96e-05   	431.475   	18.6152   	
9.965e-05   	431.541   	18.4922   	
9.97e-05   	431.634   	18.929   	
9.975e-05   	431.85   	19.3429   	
9.98e-05   	432.296   	19.7354   	
9.985e-05   	432.445   	19.5658   	
9.99e-05   	432.27   	19.4329   	
9.995e-05   	432.514   	19.5236   	
0.0001   	432.716   	19.7423   	
0.00010005   	432.566   	19.4128   	
0.0001001   	432.808   	19.5187   	
0.00010015   	432.758   	19.7899   	
0.0001002   	432.787   	19.6613   	
0.00010025   	432.76   	19.6386   	
0.0001003   	432.837   	19.6002   	
0.00010035   	432.989   	19.3806   	
0.0001004   	432.86   	19.5904   	
0.00010045   	432.779   	19.2449   	
0.0001005   	432.549   	19.3013   	
0.00010055   	433.026   	19.2631   	
0.0001006   	433.252   	18.9484   	
0.00010065   	433.912   	19.3062   	
0.0001007   	433.895   	19.129   	
0.00010075   	434.173   	19.211   	
0.0001008   	434.199   	19.258   	
0.00010085   	434.407   	19.3888   	
0.0001009   	434.677   	19.3222   	
0.00010095   	434.6   	19.7893   	
0.000101   	434.79   	19.4412   	
0.00010105   	434.799   	19.1106   	
0.0001011   	435.307   	19.0762   	
0.00010115   	435.511   	18.8374   	
0.0001012   	435.843   	18.6291   	
0.00010125   	435.914   	18.5981   	
0.0001013   	436.349   	18.9432   	
0.00010135   	436.329   	18.9486   	
0.0001014   	436.271   	18.5871   	
0.00010145   	436.691   	18.3448   	
0.0001015   	436.445   	18.0425   	
0.00010155   	436.926   	18.1068   	
0.0001016   	436.95   	17.578   	
0.00010165   	437.009   	18.248   	
0.0001017   	437.169   	18.153   	
0.00010175   	437.292   	18.3227   	
0.0001018   	436.979   	17.9419   	
0.00010185   	437.369   	18.0089   	
0.0001019   	437.57   	18.077   	
0.00010195   	437.711   	18.146   	
0.000102   	437.915   	17.8818   	
0.00010205   	437.727   	17.8972   	
0.0001021   	438.011   	18.0004   	
0.00010215   	438.614   	17.9529   	
0.0001022   	438.835   	17.5847   	
0.00010225   	439.16   	17.5174   	
0.0001023   	439.254   	18.092   	
0.00010235   	439.432   	17.6488   	
0.0001024   	439.641   	17.4432   	
0.00010245   	439.867   	17.346   	
0.0001025   	440.112   	17.5072   	
0.00010255   	440.28   	17.4056   	
0.0001026   	440.695   	16.9876   	
0.00010265   	440.643   	16.7539   	
0.0001027   	441.016   	17.0916   	
0.00010275   	441.279   	17.2415   	
0.0001028   	441.531   	17.0742   	
0.00010285   	441.76   	17.3541   	
0.0001029   	441.868   	17.5155   	
0.00010295   	442.224   	17.5717   	
0.000103   	441.829   	17.5324   	
0.00010305   	442.387   	17.3013   	
0.0001031   	442.47   	16.8255   	
0.00010315   	442.735   	16.331   	
0.0001032   	443.196   	16.2947   	
0.00010325   	443.281   	16.2872   	
0.0001033   	443.302   	16.42   	
0.00010335   	443.277   	16.6066   	
0.0001034   	443.338   	16.9109   	
0.00010345   	443.497   	16.5205   	
0.0001035   	443.261   	16.7641   	
0.00010355   	443.367   	16.8325   	
0.0001036   	443.278   	16.7692   	
0.00010365   	443.718   	17.5076   	
0.0001037   	443.987   	17.5468   	
0.00010375   	444.164   	17.5598   	
0.0001038   	444.134   	17.5789   	
0.00010385   	444.511   	17.527   	
0.0001039   	444.489   	17.7676   	
0.00010395   	444.327   	17.7481   	
0.000104   	444.518   	17.6029   	
0.00010405   	444.603   	17.6649   	
0.0001041   	444.654   	17.912   	
0.00010415   	444.397   	17.7141   	
0.0001042   	444.753   	17.9585   	
0.00010425   	444.595   	17.5675   	
0.0001043   	444.755   	17.6128   	
0.00010435   	444.59   	17.5729   	
0.0001044   	444.549   	17.2764   	
0.00010445   	444.71   	17.4067   	
0.0001045   	444.843   	17.3582   	
0.00010455   	445.595   	17.7339   	
0.0001046   	446.02   	17.6174   	
0.00010465   	445.974   	17.7876   	
0.0001047   	445.964   	17.6415   	
0.00010475   	446.303   	17.7298   	
0.0001048   	446.509   	17.7951   	
0.00010485   	446.641   	18.3237   	
0.0001049   	446.725   	18.0505   	
0.00010495   	446.959   	18.0072   	
0.000105   	447.178   	17.797   	
0.00010505   	447.436   	17.5966   	
0.0001051   	447.666   	17.8714   	
0.00010515   	447.797   	17.5905   	
0.0001052   	448.229   	17.8208   	
0.00010525   	448.276   	17.9519   	
0.0001053   	448.365   	17.9459   	
0.00010535   	448.32   	17.6771   	
0.0001054   	448.512   	17.7963   	
0.00010545   	448.734   	17.7406   	
0.0001055   	448.777   	17.2735   	
0.00010555   	448.637   	17.6009   	
0.0001056   	448.974   	17.6604   	
0.00010565   	448.979   	17.6253   	
0.0001057   	448.894   	17.5943   	
0.00010575   	449.096   	17.14   	
0.0001058   	449.486   	17.2699   	
0.00010585   	449.428   	16.9833   	
0.0001059   	449.708   	17.0841   	
0.00010595   	449.678   	16.6783   	
0.000106   	449.809   	16.8802   	
0.00010605   	450.361   	16.8889   	
0.0001061   	450.608   	16.7308   	
0.00010615   	451.16   	16.8105   	
0.0001062   	451.182   	17.4998   	
0.00010625   	451.225   	17.3514   	
0.0001063   	451.475   	17.0349   	
0.00010635   	451.479   	16.8929   	
0.0001064   	451.786   	17.0047   	
0.00010645   	451.991   	16.743   	
0.0001065   	452.524   	16.7003   	
0.00010655   	452.421   	16.6963   	
0.0001066   	452.707   	16.7419   	
0.00010665   	453.134   	16.6471   	
0.0001067   	453.039   	16.7736   	
0.00010675   	453.55   	16.7608   	
0.0001068   	453.544   	16.6355   	
0.00010685   	453.924   	16.6635   	
0.0001069   	453.664   	16.7916   	
0.00010695   	453.985   	16.5084   	
0.000107   	454.295   	16.2133   	
0.00010705   	454.324   	16.0023   	
0.0001071   	454.866   	15.7921   	
0.00010715   	454.826   	15.763   	
0.0001072   	455.236   	16.3065   	
0.00010725   	454.863   	16.3592   	
0.0001073   	455.197   	16.3017   	
0.00010735   	455.123   	15.8189   	
0.0001074   	454.867   	15.9624   	
0.00010745   	454.857   	16.0014   	
0.0001075   	454.795   	16.0358   	
0.00010755   	455.175   	16.7162   	
0.0001076   	455.293   	16.8597   	
0.00010765   	455.625   	16.7195   	
0.0001077   	455.846   	16.7359   	
0.00010775   	455.811   	16.9463   	
0.0001078   	455.869   	16.8778   	
0.00010785   	455.905   	16.8771   	
0.0001079   	455.976   	16.5699   	
0.00010795   	456.139   	16.4774   	
0.000108   	456.045   	16.8651   	
0.00010805   	455.929   	16.5459   	
0.0001081   	456.23   	16.7508   	
0.00010815   	456.006   	16.37   	
0.0001082   	456.248   	16.1643   	
0.00010825   	456.098   	16.3733   	
0.0001083   	456.056   	15.8638   	
0.00010835   	456.096   	16.1434   	
0.0001084   	456.302   	15.9887   	
0.00010845   	456.822   	16.2362   	
0.0001085   	457.51   	15.9645   	
0.00010855   	457.332   	15.9943   	
0.0001086   	457.474   	15.8597   	
0.00010865   	457.689   	16.1807   	
0.0001087   	457.962   	16.1894   	
0.00010875   	457.81   	16.3907   	
0.0001088   	457.96   	16.6074   	
0.00010885   	458.215   	16.9694   	
0.0001089   	458.523   	16.5385   	
0.00010895   	458.865   	16.3308   	
0.000109   	459.062   	16.6176   	
0.00010905   	459.255   	16.5848   	
0.0001091   	459.571   	16.5646   	
0.00010915   	459.632   	16.6251   	
0.0001092   	459.789   	16.7256   	
0.00010925   	459.56   	16.5108   	
0.0001093   	459.872   	16.6978   	
0.00010935   	460.05   	16.2501   	
0.0001094   	460.123   	15.8555   	
0.00010945   	460.048   	15.8606   	
0.0001095   	460.151   	16.2081   	
0.00010955   	460.586   	15.9148   	
0.0001096   	460.506   	15.8354   	
0.00010965   	460.508   	15.4392   	
0.0001097   	460.739   	15.5289   	
0.00010975   	460.864   	15.1826   	
0.0001098   	461.056   	15.4343   	
0.00010985   	461.062   	14.8436   	
0.0001099   	461.091   	14.823   	
0.00010995   	461.76   	14.9412   	
0.00011   	462.204   	15.0953   	
0.00011005   	462.488   	14.876   	
0.0001101   	462.736   	15.2255   	
0.00011015   	462.712   	15.4148   	
0.0001102   	462.961   	15.1299   	
0.00011025   	463.005   	14.9632   	
0.0001103   	463.375   	14.7204   	
0.00011035   	463.464   	14.7825   	
0.0001104   	463.895   	14.9218   	
0.00011045   	463.947   	14.6745   	
0.0001105   	464.195   	14.5002   	
0.00011055   	464.501   	14.695   	
0.0001106   	464.701   	14.7273   	
0.00011065   	465.015   	14.5692   	
0.0001107   	465.257   	14.5999   	
0.00011075   	465.632   	14.8275   	
0.0001108   	465.446   	14.8149   	
0.00011085   	465.547   	14.7555   	
0.0001109   	466.012   	14.3357   	
0.00011095   	465.945   	14.1083   	
0.000111   	466.308   	13.9418   	
0.00011105   	466.294   	13.9582   	
0.0001111   	466.786   	14.0786   	
0.00011115   	466.659   	14.1065   	
0.0001112   	466.678   	14.0869   	
0.00011125   	466.636   	13.9873   	
0.0001113   	466.576   	13.8476   	
0.00011135   	466.34   	13.9945   	
0.0001114   	466.322   	13.9221   	
0.00011145   	466.619   	14.0788   	
0.0001115   	466.852   	14.4409   	
0.00011155   	467.111   	14.5019   	
0.0001116   	467.311   	14.4403   	
0.00011165   	467.291   	14.7543   	
0.0001117   	467.331   	14.3959   	
0.00011175   	467.423   	14.497   	
0.0001118   	467.478   	14.0644   	
0.00011185   	467.508   	14.1273   	
0.0001119   	467.672   	13.9914   	
0.00011195   	467.672   	13.7324   	
0.000112   	467.664   	13.6514   	
0.00011205   	467.702   	13.6073   	
0.0001121   	467.831   	13.361   	
0.00011215   	467.951   	13.5271   	
0.0001122   	467.531   	13.265   	
0.00011225   	467.528   	13.4072   	
0.0001123   	467.74   	13.4242   	
0.00011235   	468.308   	13.5415   	
0.0001124   	468.786   	13.8522   	
0.00011245   	468.866   	13.7396   	
0.0001125   	469.038   	13.8433   	
0.00011255   	469.186   	13.8223   	
0.0001126   	469.455   	14.1608   	
0.00011265   	469.689   	14.0724   	
0.0001127   	469.566   	14.501   	
0.00011275   	469.78   	14.7209   	
0.0001128   	469.91   	14.6364   	
0.00011285   	470.243   	14.5157   	
0.0001129   	470.471   	14.1971   	
0.00011295   	470.676   	14.5636   	
0.000113   	471.038   	14.5871   	
0.00011305   	471.228   	14.5878   	
0.0001131   	471.15   	14.7226   	
0.00011315   	471.044   	14.8178   	
0.0001132   	471.597   	14.7357   	
0.00011325   	471.491   	14.4329   	
0.0001133   	471.785   	14.4018   	
0.00011335   	471.697   	14.1649   	
0.0001134   	471.701   	14.3582   	
0.00011345   	472.012   	14.1679   	
0.0001135   	472.043   	14.1532   	
0.00011355   	471.884   	14.1806   	
0.0001136   	472.141   	13.8148   	
0.00011365   	472.432   	14.0152   	
0.0001137   	472.479   	13.9199   	
0.00011375   	472.464   	13.6157   	
0.0001138   	472.549   	13.3545   	
0.00011385   	473.11   	13.4963   	
0.0001139   	473.469   	13.8104   	
0.00011395   	473.781   	13.4517   	
0.000114   	474.1   	13.3502   	
0.00011405   	474.228   	14.0576   	
0.0001141   	474.21   	13.7761   	
0.00011415   	474.376   	13.7119   	
0.0001142   	474.642   	13.3203   	
0.00011425   	474.87   	13.131   	
0.0001143   	475.304   	12.9749   	
0.00011435   	475.383   	12.9681   	
0.0001144   	475.53   	12.8853   	
0.00011445   	475.769   	12.8216   	
0.0001145   	475.964   	13.1189   	
0.00011455   	476.312   	13.0004   	
0.0001146   	476.655   	13.1016   	
0.00011465   	476.666   	13.3123   	
0.0001147   	476.918   	13.1591   	
0.00011475   	476.634   	13.4762   	
0.0001148   	477.186   	13.2085   	
0.00011485   	477.14   	12.9654   	
0.0001149   	477.436   	13.0741   	
0.00011495   	477.772   	12.9087   	
0.000115   	477.97   	12.8152   	
0.00011505   	478.056   	13.0144   	
0.0001151   	478.052   	12.8606   	
0.00011515   	478.041   	12.9619   	
0.0001152   	477.994   	12.4455   	
0.00011525   	477.69   	12.7029   	
0.0001153   	477.778   	12.74   	
0.00011535   	477.877   	12.6274   	
0.0001154   	478.146   	13.1447   	
0.00011545   	478.545   	13.2237   	
0.0001155   	478.673   	12.874   	
0.00011555   	478.594   	13.437   	
0.0001156   	478.769   	13.4735   	
0.00011565   	478.967   	13.5308   	
0.0001157   	478.841   	13.2076   	
0.00011575   	479.062   	13.1559   	
0.0001158   	478.99   	13.3299   	
0.00011585   	479.107   	13.2132   	
0.0001159   	478.988   	13.0377   	
0.00011595   	479.193   	12.7892   	
0.000116   	479.263   	12.5663   	
0.00011605   	479.157   	12.7267   	
0.0001161   	479.029   	12.6919   	
0.00011615   	478.936   	12.7452   	
0.0001162   	479.19   	12.7387   	
0.00011625   	479.455   	12.8559   	
0.0001163   	480.208   	12.9685   	
0.00011635   	480.293   	12.9315   	
0.0001164   	480.45   	13.0214   	
0.00011645   	480.355   	12.9425   	
0.0001165   	480.769   	13.3616   	
0.00011655   	480.925   	13.4292   	
0.0001166   	480.884   	13.5743   	
0.00011665   	481.098   	13.7566   	
0.0001167   	481.2   	13.8969   	
0.00011675   	481.627   	13.9684   	
0.0001168   	481.81   	13.625   	
0.00011685   	482.156   	13.732   	
0.0001169   	482.271   	13.5606   	
0.00011695   	482.68   	13.811   	
0.000117   	482.691   	13.87   	
0.00011705   	482.634   	13.9176   	
0.0001171   	482.891   	14.0466   	
0.00011715   	482.776   	14.0469   	
0.0001172   	483.157   	14.547   	
0.00011725   	483.17   	14.2575   	
0.0001173   	483.113   	14.4671   	
0.00011735   	483.423   	14.3205   	
0.0001174   	483.583   	14.3305   	
0.00011745   	483.196   	14.3343   	
0.0001175   	483.548   	14.1807   	
0.00011755   	483.789   	14.3593   	
0.0001176   	483.896   	14.0112   	
0.00011765   	484.028   	13.9887   	
0.0001177   	483.95   	13.5984   	
0.00011775   	484.23   	13.9122   	
0.0001178   	484.8   	14.1405   	
0.00011785   	484.978   	14.1847   	
0.0001179   	485.456   	13.9964   	
0.00011795   	485.487   	14.5014   	
0.000118   	485.663   	14.4157   	
0.00011805   	485.806   	13.8588   	
0.0001181   	485.986   	13.7195   	
0.00011815   	486.232   	13.6977   	
0.0001182   	486.452   	13.4531   	
0.00011825   	486.894   	13.4028   	
0.0001183   	486.814   	13.1942   	
0.00011835   	487.259   	13.1356   	
0.0001184   	487.507   	13.4966   	
0.00011845   	487.626   	13.7887   	
0.0001185   	487.988   	13.9967   	
0.00011855   	488.07   	14.0292   	
0.0001186   	488.297   	13.7367   	
0.00011865   	487.947   	14.3638   	
0.0001187   	488.508   	13.8609   	
0.00011875   	488.684   	13.5805   	
0.0001188   	488.807   	13.3445   	
0.00011885   	489.295   	13.2657   	
0.0001189   	489.294   	13.2802   	
0.00011895   	489.455   	13.5164   	
0.000119   	489.301   	13.4221   	
0.00011905   	489.434   	13.5642   	
0.0001191   	489.606   	13.1651   	
0.00011915   	489.27   	13.0607   	
0.0001192   	489.264   	13.406   	
0.00011925   	489.082   	12.9526   	
0.0001193   	489.561   	13.0648   	
0.00011935   	489.762   	13.1107   	
0.0001194   	490.068   	13.066   	
0.00011945   	490.006   	12.8711   	
0.0001195   	490.339   	12.953   	
0.00011955   	490.379   	13.0169   	
0.0001196   	490.296   	13.0846   	
0.00011965   	490.373   	12.8439   	
0.0001197   	490.497   	13.0603   	
0.00011975   	490.462   	13.0781   	
0.0001198   	490.167   	12.9512   	
0.00011985   	490.592   	12.7719   	
0.0001199   	490.428   	12.309   	
0.00011995   	490.638   	12.4348   	
0.00012   	490.521   	12.4695   	
0.00012005   	490.38   	12.4281   	
0.0001201   	490.592   	12.6977   	
0.00012015   	490.715   	12.7559   	
0.0001202   	491.387   	12.7805   	
0.00012025   	491.821   	12.7374   	
0.0001203   	491.665   	13.1252   	
0.00012035   	491.831   	12.7234   	
0.0001204   	492.081   	12.8676   	
0.00012045   	492.366   	13.2532   	
0.0001205   	492.358   	13.2189   	
0.00012055   	492.417   	13.3137   	
0.0001206   	492.744   	13.423   	
0.00012065   	492.829   	13.5605   	
0.0001207   	493.191   	13.6215   	
0.00012075   	493.412   	13.5186   	
0.0001208   	493.627   	13.3219   	
0.00012085   	493.98   	13.364   	
0.0001209   	494.126   	13.5933   	
0.00012095   	494.209   	13.5838   	
0.000121   	494.111   	13.5551   	
0.00012105   	494.293   	13.5417   	
0.0001211   	494.423   	14.2515   	
0.00012115   	494.453   	13.9138   	
0.0001212   	494.348   	13.9585   	
0.00012125   	494.784   	14.0125   	
0.0001213   	494.847   	13.973   	
0.00012135   	494.775   	14.0879   	
0.0001214   	494.842   	13.8784   	
0.00012145   	495.298   	13.8646   	
0.0001215   	495.248   	13.7928   	
0.00012155   	495.526   	13.8533   	
0.0001216   	495.519   	13.42   	
0.00012165   	495.593   	13.4491   	
0.0001217   	496.117   	13.6466   	
0.00012175   	496.469   	13.7467   	
0.0001218   	496.857   	13.4874   	
0.00012185   	497.048   	14.0421   	
0.0001219   	497.01   	13.9587   	
0.00012195   	497.325   	13.3513   	
0.000122   	497.273   	13.3922   	
0.00012205   	497.552   	13.4401   	
0.0001221   	497.823   	13.2235   	
0.00012215   	498.239   	13.2888   	
0.0001222   	498.237   	13.171   	
0.00012225   	498.474   	12.8876   	
0.0001223   	498.841   	13.1256   	
0.00012235   	498.871   	13.6852   	
0.0001224   	499.328   	13.8782   	
0.00012245   	499.334   	14.1097   	
0.0001225   	499.736   	13.9023   	
0.00012255   	499.471   	14.3423   	
0.0001226   	499.726   	14.2238   	
0.00012265   	500.063   	14.0076   	
0.0001227   	500.225   	13.8804   	
0.00012275   	500.601   	13.7953   	
0.0001228   	500.649   	13.5889   	
0.00012285   	501.067   	13.497   	
0.0001229   	500.749   	13.5194   	
0.00012295   	500.953   	13.5106   	
0.000123   	500.908   	13.205   	
0.00012305   	500.73   	12.8113   	
0.0001231   	500.637   	13.1605   	
0.00012315   	500.641   	12.9251   	
0.0001232   	501.057   	12.9328   	
0.00012325   	501.147   	12.7641   	
0.0001233   	501.4   	12.7661   	
0.00012335   	501.725   	12.5821   	
0.0001234   	501.629   	13.0088   	
0.00012345   	501.76   	12.854   	
0.0001235   	501.696   	13.0115   	
0.00012355   	501.798   	12.9916   	
0.0001236   	501.932   	12.8466   	
0.00012365   	501.828   	12.9241   	
0.0001237   	501.907   	12.8114   	
0.00012375   	501.952   	12.6395   	
0.0001238   	501.906   	12.4011   	
0.00012385   	502.067   	12.2928   	
0.0001239   	502.051   	11.9039   	
0.00012395   	501.956   	12.0607   	
0.000124   	501.947   	12.219   	
0.00012405   	502.161   	12.2005   	
0.0001241   	502.574   	12.3307   	
0.00012415   	503.301   	12.4239   	
0.0001242   	503.146   	12.4917   	
0.00012425   	503.265   	12.1626   	
0.0001243   	503.399   	12.1993   	
0.00012435   	503.831   	12.7579   	
0.0001244   	503.705   	12.4757   	
0.00012445   	503.782   	12.3723   	
0.0001245   	504.159   	12.8651   	
0.00012455   	504.332   	12.8835   	
0.0001246   	504.644   	12.8778   	
0.00012465   	504.796   	12.817   	
0.0001247   	504.955   	12.8355   	
0.00012475   	505.403   	12.7937   	
0.0001248   	505.482   	13.021   	
0.00012485   	505.55   	13.1919   	
0.0001249   	505.351   	13.1053   	
0.00012495   	505.799   	13.1415   	
0.000125   	505.872   	13.5676   	
0.00012505   	505.987   	13.6163   	
0.0001251   	505.892   	13.5589   	
0.00012515   	506.01   	13.5894   	
0.0001252   	506.395   	13.475   	
0.00012525   	506.344   	13.5994   	
0.0001253   	506.311   	13.6017   	
0.00012535   	506.547   	13.4758   	
0.0001254   	506.645   	13.5208   	
0.00012545   	506.769   	13.6293   	
0.0001255   	506.859   	13.7583   	
0.00012555   	506.849   	13.6241   	
0.0001256   	507.464   	13.9707   	
0.00012565   	507.853   	13.9794   	
0.0001257   	508.229   	13.5507   	
0.00012575   	508.565   	13.8243   	
0.0001258   	508.495   	14.0236   	
0.00012585   	508.654   	13.7811   	
0.0001259   	508.711   	13.4349   	
0.00012595   	509.108   	13.4954   	
0.000126   	509.173   	13.397   	
0.00012605   	509.567   	13.4287   	
0.0001261   	509.58   	13.6867   	
0.00012615   	509.741   	13.1476   	
0.0001262   	510.134   	13.1646   	
0.00012625   	510.276   	13.4719   	
0.0001263   	510.652   	13.7231   	
0.00012635   	510.845   	14.1126   	
0.0001264   	511.171   	13.761   	
0.00012645   	511.111   	13.7152   	
0.0001265   	511.137   	14.0671   	
0.00012655   	511.614   	13.6689   	
0.0001266   	511.608   	13.4452   	
0.00012665   	511.914   	13.3761   	
0.0001267   	511.962   	13.5988   	
0.00012675   	512.406   	13.4033   	
0.0001268   	512.301   	13.3005   	
0.00012685   	512.371   	13.1056   	
0.0001269   	512.345   	13.039   	
0.00012695   	512.272   	12.6176   	
0.000127   	512.008   	12.7898   	
0.00012705   	512.064   	12.7028   	
0.0001271   	512.273   	12.4704   	
0.00012715   	512.539   	12.5654   	
0.0001272   	512.871   	12.5115   	
0.00012725   	513.028   	12.4679   	
0.0001273   	512.961   	12.8727   	
0.00012735   	513.143   	12.6849   	
0.0001274   	513.201   	12.8965   	
0.00012745   	513.189   	12.8969   	
0.0001275   	513.346   	12.5083   	
0.00012755   	513.423   	12.4966   	
0.0001276   	513.351   	12.5818   	
0.00012765   	513.376   	12.4011   	
0.0001277   	513.359   	12.1425   	
0.00012775   	513.493   	11.8649   	
0.0001278   	513.499   	11.767   	
0.00012785   	513.221   	11.638   	
0.0001279   	513.259   	11.7004   	
0.00012795   	513.456   	11.8   	
0.000128   	513.95   	11.889   	
0.00012805   	514.521   	11.957   	
0.0001281   	514.567   	12.0226   	
0.00012815   	514.794   	12.2275   	
0.0001282   	514.89   	12.2017   	
0.00012825   	515.129   	12.6686   	
0.0001283   	515.379   	12.1707   	
0.00012835   	515.263   	12.2309   	
0.0001284   	515.411   	12.7298   	
0.00012845   	515.535   	12.5316   	
0.0001285   	515.979   	12.5354   	
0.00012855   	516.158   	12.3556   	
0.0001286   	516.448   	12.5863   	
0.00012865   	516.704   	12.5666   	
0.0001287   	516.948   	12.7708   	
0.00012875   	516.901   	12.9268   	
0.0001288   	516.886   	13.0557   	
0.00012885   	517.329   	13.0463   	
0.0001289   	517.186   	13.0425   	
0.00012895   	517.536   	13.456   	
0.000129   	517.269   	13.4709   	
0.00012905   	517.441   	13.2381   	
0.0001291   	517.741   	13.2503   	
0.00012915   	517.764   	13.4391   	
0.0001292   	517.535   	13.4964   	
0.00012925   	517.821   	13.2399   	
0.0001293   	518.198   	13.3529   	
0.00012935   	518.237   	13.2199   	
0.0001294   	518.256   	13.425   	
0.00012945   	518.315   	13.218   	
0.0001295   	518.716   	13.5871   	
0.00012955   	519.243   	13.4006   	
0.0001296   	519.487   	13.3081   	
0.00012965   	519.711   	13.1208   	
0.0001297   	519.922   	13.3044   	
0.00012975   	519.922   	13.307   	
0.0001298   	520.218   	13.1177   	
0.00012985   	520.275   	12.7975   	
0.0001299   	520.656   	12.6909   	
0.00012995   	521.026   	12.7831   	
0.00013   	521.127   	12.9564   	
0.00013005   	521.241   	12.5282   	
0.0001301   	521.455   	12.4754   	
0.00013015   	521.721   	12.7199   	
0.0001302   	522.031   	13.1864   	
0.00013025   	522.436   	13.4599   	
0.0001303   	522.337   	13.1176   	
0.00013035   	522.687   	12.9489   	
0.0001304   	522.396   	13.6424   	
0.00013045   	522.921   	12.9549   	
0.0001305   	522.888   	12.968   	
0.00013055   	523.171   	13.0971   	
0.0001306   	523.481   	13.2067   	
0.00013065   	523.753   	13.2254   	
0.0001307   	523.709   	13.493   	
0.00013075   	523.722   	13.2402   	
0.0001308   	523.75   	13.3612   	
0.00013085   	523.822   	12.9654   	
0.0001309   	523.51   	13.1296   	
0.00013095   	523.582   	12.9469   	
0.000131   	523.587   	12.8223   	
0.00013105   	523.917   	12.8655   	
0.0001311   	524.31   	12.5717   	
0.00013115   	524.389   	12.6633   	
0.0001312   	524.255   	12.8973   	
0.00013125   	524.597   	13.1592   	
0.0001313   	524.781   	13.0427   	
0.00013135   	524.481   	13.2909   	
0.0001314   	524.865   	13.0832   	
0.00013145   	524.686   	12.9169   	
0.0001315   	524.831   	12.993   	
0.00013155   	524.746   	13.128   	
0.0001316   	524.94   	12.9543   	
0.00013165   	524.891   	12.8142   	
0.0001317   	524.874   	12.7253   	
0.00013175   	524.74   	12.7664   	
0.0001318   	524.65   	12.6905   	
0.00013185   	524.887   	12.7035   	
0.0001319   	525.1   	13.0117   	
0.00013195   	525.824   	12.9385   	
0.000132   	526.069   	12.976   	
0.00013205   	526.113   	12.9595   	
0.0001321   	526.094   	12.7768   	
0.00013215   	526.503   	12.5954   	
0.0001322   	526.633   	12.7205   	
0.00013225   	526.717   	12.4581   	
0.0001323   	526.857   	12.5394   	
0.00013235   	527.005   	12.5995   	
0.0001324   	527.332   	12.5516   	
0.00013245   	527.556   	12.2736   	
0.0001325   	527.841   	12.3774   	
0.00013255   	528.021   	12.5632   	
0.0001326   	528.419   	12.8887   	
0.00013265   	528.337   	12.9395   	
0.0001327   	528.478   	13.0304   	
0.00013275   	528.526   	13.2048   	
0.0001328   	528.612   	12.9996   	
0.00013285   	528.904   	13.5103   	
0.0001329   	529.012   	13.599   	
0.00013295   	528.903   	13.3262   	
0.000133   	529.025   	13.3088   	
0.00013305   	529.294   	13.5817   	
0.0001331   	528.969   	13.4748   	
0.00013315   	529.291   	13.2922   	
0.0001332   	529.534   	13.5601   	
0.00013325   	529.606   	13.5474   	
0.0001333   	529.792   	13.772   	
0.00013335   	529.675   	13.7277   	
0.0001334   	530.028   	14.095   	
0.00013345   	530.502   	13.9446   	
0.0001335   	530.66   	14.0834   	
0.00013355   	531.162   	13.6704   	
0.0001336   	531.259   	14.0224   	
0.00013365   	531.277   	13.9965   	
0.0001337   	531.57   	13.7562   	
0.00013375   	531.635   	13.5561   	
0.0001338   	531.911   	13.1763   	
0.00013385   	532.099   	13.2014   	
0.0001339   	532.692   	13.4095   	
0.00013395   	532.56   	12.9947   	
0.000134   	532.967   	12.7988   	
0.00013405   	533.246   	12.9916   	
0.0001341   	533.378   	13.4984   	
0.00013415   	533.673   	13.8452   	
0.0001342   	533.789   	13.653   	
0.00013425   	533.971   	13.5136   	
0.0001343   	533.714   	13.9586   	
0.00013435   	534.191   	13.5235   	
0.0001344   	534.414   	13.5558   	
0.00013445   	534.435   	13.5863   	
0.0001345   	535.084   	13.654   	
0.00013455   	534.961   	13.8662   	
0.0001346   	535.201   	13.7751   	
0.00013465   	535.103   	14.0583   	
0.0001347   	535.262   	14.0435   	
0.00013475   	535.323   	13.8474   	
0.0001348   	534.956   	13.8754   	
0.00013485   	535.013   	13.8857   	
0.0001349   	534.839   	13.4608   	
0.00013495   	535.357   	13.5307   	
0.000135   	535.388   	13.1448   	
0.00013505   	535.804   	13.2418   	
0.0001351   	535.87   	13.2872   	
0.00013515   	536.031   	13.5285   	
0.0001352   	536.111   	13.4137   	
0.00013525   	535.998   	13.6453   	
0.0001353   	536.159   	13.4716   	
0.00013535   	536.246   	13.3686   	
0.0001354   	536.212   	13.3263   	
0.00013545   	536.018   	13.3131   	
0.0001355   	536.42   	13.1616   	
0.00013555   	536.102   	12.9495   	
0.0001356   	536.371   	12.7828   	
0.00013565   	536.219   	12.5845   	
0.0001357   	536.234   	12.6229   	
0.00013575   	536.34   	12.9423   	
0.0001358   	536.462   	13.2242   	
0.00013585   	537.024   	13.0482   	
0.0001359   	537.581   	13.1365   	
0.00013595   	537.505   	13.2399   	
0.000136   	537.558   	12.7715   	
0.00013605   	537.881   	12.8054   	
0.0001361   	538.155   	13.324   	
0.00013615   	538.041   	12.8745   	
0.0001362   	538.052   	12.7091   	
0.00013625   	538.52   	12.9653   	
0.0001363   	538.564   	12.9564   	
0.00013635   	539.017   	12.722   	
0.0001364   	539.084   	12.7757   	
0.00013645   	539.354   	12.7165   	
0.0001365   	539.759   	12.9605   	
0.00013655   	539.825   	13.4655   	
0.0001366   	539.923   	13.2006   	
0.00013665   	539.693   	13.208   	
0.0001367   	539.966   	12.9877   	
0.00013675   	540.142   	13.5793   	
0.0001368   	540.14   	13.8043   	
0.00013685   	540.238   	13.4468   	
0.0001369   	540.456   	13.5083   	
0.00013695   	540.589   	13.7316   	
0.000137   	540.485   	13.8288   	
0.00013705   	540.629   	13.7234   	
0.0001371   	540.966   	13.8239   	
0.00013715   	540.896   	13.6546   	
0.0001372   	541.209   	13.9569   	
0.00013725   	541.198   	14.2432   	
0.0001373   	541.26   	14.2154   	
0.00013735   	541.763   	14.0948   	
0.0001374   	542.17   	13.9997   	
0.00013745   	542.656   	13.9076   	
0.0001375   	542.764   	14.337   	
0.00013755   	542.732   	14.2488   	
0.0001376   	543.112   	14.1529   	
0.00013765   	542.993   	13.9776   	
0.0001377   	543.376   	13.856   	
0.00013775   	543.582   	13.5577   	
0.0001378   	543.982   	13.6968   	
0.00013785   	543.942   	13.5395   	
0.0001379   	544.168   	13.2071   	
0.00013795   	544.415   	13.294   	
0.000138   	544.611   	13.9739   	
0.00013805   	545.043   	14.4202   	
0.0001381   	545.106   	14.7265   	
0.00013815   	545.492   	14.0238   	
0.0001382   	545.196   	14.2007   	
0.00013825   	545.462   	14.1777   	
0.0001383   	545.858   	13.9266   	
0.00013835   	545.934   	13.8533   	
0.0001384   	546.297   	13.9304   	
0.00013845   	546.329   	14.0946   	
0.0001385   	546.833   	14.2307   	
0.00013855   	546.536   	14.3913   	
0.0001386   	546.656   	14.1809   	
0.00013865   	546.597   	14.2398   	
0.0001387   	546.525   	13.9759   	
0.00013875   	546.261   	14.4221   	
0.0001388   	546.273   	14.0055   	
0.00013885   	546.766   	13.999   	
0.0001389   	546.909   	13.9401   	
0.00013895   	547.199   	13.8617   	
0.000139   	547.44   	13.7677   	
0.00013905   	547.318   	14.004   	
0.0001391   	547.484   	13.8405   	
0.00013915   	547.434   	13.8746   	
0.0001392   	547.567   	13.9069   	
0.00013925   	547.671   	13.5062   	
0.0001393   	547.578   	13.2822   	
0.00013935   	547.668   	13.09   	
0.0001394   	547.673   	12.8078   	
0.00013945   	547.709   	12.8459   	
0.0001395   	547.876   	12.6612   	
0.00013955   	547.828   	12.1181   	
0.0001396   	547.643   	12.3508   	
0.00013965   	547.614   	12.626   	
0.0001397   	547.937   	12.686   	
0.00013975   	548.342   	13.0704   	
0.0001398   	548.919   	13.0152   	
0.00013985   	548.782   	12.8464   	
0.0001399   	549.047   	12.5608   	
0.00013995   	549.126   	12.3571   	
0.00014   	549.48   	12.9056   	
0.00014005   	549.461   	12.3014   	
