0   	177.943   	12.072   	
5e-08   	178.611   	12.1937   	
1e-07   	179.003   	12.0825   	
1.5e-07   	179.292   	11.8005   	
2e-07   	179.535   	12.0939   	
2.5e-07   	179.425   	12.1001   	
3e-07   	179.712   	12.0085   	
3.5e-07   	179.786   	11.7375   	
4e-07   	180.131   	11.4663   	
4.5e-07   	180.234   	11.4578   	
5e-07   	180.639   	11.6165   	
5.5e-07   	180.454   	11.8559   	
6e-07   	180.673   	11.5328   	
6.5e-07   	180.848   	11.4546   	
7e-07   	181.028   	11.8185   	
7.5e-07   	181.133   	11.9099   	
8e-07   	181.122   	12.3622   	
8.5e-07   	181.53   	12.0919   	
9e-07   	181.366   	11.8035   	
9.5e-07   	181.441   	12.028   	
1e-06   	181.855   	11.7998   	
1.05e-06   	181.714   	11.6124   	
1.1e-06   	181.966   	11.7482   	
1.15e-06   	181.81   	11.57   	
1.2e-06   	182.167   	11.6244   	
1.25e-06   	181.885   	11.9274   	
1.3e-06   	181.751   	11.7055   	
1.35e-06   	181.565   	12.0327   	
1.4e-06   	181.425   	11.9685   	
1.45e-06   	181.144   	11.9061   	
1.5e-06   	181.142   	12.058   	
1.55e-06   	181.32   	11.9451   	
1.6e-06   	181.453   	12.1564   	
1.65e-06   	181.659   	12.0207   	
1.7e-06   	181.727   	12.2173   	
1.75e-06   	181.554   	11.6708   	
1.8e-06   	181.493   	11.6076   	
1.85e-06   	181.565   	11.879   	
1.9e-06   	181.588   	12.0519   	
1.95e-06   	181.583   	11.8264   	
2e-06   	181.59   	11.7019   	
2.05e-06   	181.512   	12.0114   	
2.1e-06   	181.492   	12.1482   	
2.15e-06   	181.466   	11.9608   	
2.2e-06   	181.489   	11.7064   	
2.25e-06   	181.566   	11.4643   	
2.3e-06   	181.315   	11.7546   	
2.35e-06   	181.335   	11.742   	
2.4e-06   	181.445   	11.4962   	
2.45e-06   	181.823   	11.76   	
2.5e-06   	182.279   	11.9039   	
2.55e-06   	182.155   	12.0508   	
2.6e-06   	182.094   	11.5926   	
2.65e-06   	182.106   	11.6385   	
2.7e-06   	182.328   	11.7382   	
2.75e-06   	182.502   	11.6666   	
2.8e-06   	182.404   	11.658   	
2.85e-06   	182.588   	11.4252   	
2.9e-06   	182.758   	11.6196   	
2.95e-06   	183.098   	11.8835   	
3e-06   	183.188   	12.0077   	
3.05e-06   	183.529   	12.2251   	
3.1e-06   	183.726   	12.4642   	
3.15e-06   	183.704   	12.1024   	
3.2e-06   	183.58   	12.129   	
3.25e-06   	183.464   	11.8842   	
3.3e-06   	183.901   	12.0236   	
3.35e-06   	183.676   	12.1143   	
3.4e-06   	183.864   	12.269   	
3.45e-06   	183.505   	12.5177   	
3.5e-06   	183.684   	12.3094   	
3.55e-06   	183.939   	12.313   	
3.6e-06   	183.921   	11.8798   	
3.65e-06   	183.664   	12.1069   	
3.7e-06   	183.891   	12.2331   	
3.75e-06   	184.172   	12.5294   	
3.8e-06   	184.042   	12.3813   	
3.85e-06   	184.052   	12.2893   	
3.9e-06   	183.996   	12.0953   	
3.95e-06   	184.458   	11.95   	
4e-06   	184.903   	11.7295   	
4.05e-06   	185.116   	11.4846   	
4.1e-06   	185.202   	11.977   	
4.15e-06   	185.212   	11.7719   	
4.2e-06   	185.033   	11.742   	
4.25e-06   	185.076   	11.7871   	
4.3e-06   	185.07   	11.3173   	
4.35e-06   	185.201   	11.4461   	
4.4e-06   	185.458   	11.6028   	
4.45e-06   	185.205   	11.6111   	
4.5e-06   	185.203   	11.3603   	
4.55e-06   	185.162   	11.3383   	
4.6e-06   	185.252   	11.7002   	
4.65e-06   	185.322   	11.4493   	
4.7e-06   	185.519   	11.9454   	
4.75e-06   	185.325   	11.9279   	
4.8e-06   	185.415   	12.0936   	
4.85e-06   	185.138   	12.2328   	
4.9e-06   	185.582   	12.1059   	
4.95e-06   	185.473   	12.4301   	
5e-06   	185.603   	12.4168   	
5.05e-06   	185.509   	12.77   	
5.1e-06   	185.541   	12.8373   	
5.15e-06   	185.521   	12.9686   	
5.2e-06   	185.413   	12.8958   	
5.25e-06   	185.302   	13.111   	
5.3e-06   	185.367   	13.0984   	
5.35e-06   	185.05   	13.0372   	
5.4e-06   	185.106   	12.9656   	
5.45e-06   	185.117   	12.7912   	
5.5e-06   	185.347   	12.9379   	
5.55e-06   	185.647   	12.9713   	
5.6e-06   	185.519   	13.1126   	
5.65e-06   	185.267   	13.0878   	
5.7e-06   	185.39   	12.8118   	
5.75e-06   	185.466   	12.8793   	
5.8e-06   	185.241   	12.9715   	
5.85e-06   	185.428   	12.7007   	
5.9e-06   	185.276   	12.4749   	
5.95e-06   	185.36   	12.7971   	
6e-06   	185.224   	12.7368   	
6.05e-06   	185.369   	12.6082   	
6.1e-06   	185.378   	12.7003   	
6.15e-06   	185.189   	12.5347   	
6.2e-06   	185.041   	12.6972   	
6.25e-06   	184.939   	12.9896   	
6.3e-06   	185.166   	12.7921   	
6.35e-06   	185.226   	12.764   	
6.4e-06   	185.893   	12.816   	
6.45e-06   	186.009   	13.031   	
6.5e-06   	185.934   	12.5691   	
6.55e-06   	185.805   	12.6836   	
6.6e-06   	186.143   	12.7558   	
6.65e-06   	186.163   	12.6996   	
6.7e-06   	186.089   	12.8762   	
6.75e-06   	186.163   	12.4846   	
6.8e-06   	186.091   	12.5853   	
6.85e-06   	186.313   	12.5797   	
6.9e-06   	186.274   	12.9308   	
6.95e-06   	186.582   	13.1081   	
7e-06   	186.639   	13.3762   	
7.05e-06   	186.86   	13.0175   	
7.1e-06   	186.713   	13.3376   	
7.15e-06   	186.658   	13.083   	
7.2e-06   	186.697   	13.2095   	
7.25e-06   	186.427   	13.4087   	
7.3e-06   	186.717   	13.8936   	
7.35e-06   	186.711   	14.0695   	
7.4e-06   	186.602   	13.9851   	
7.45e-06   	186.755   	13.8502   	
7.5e-06   	186.952   	13.6191   	
7.55e-06   	186.51   	13.7761   	
7.6e-06   	186.817   	13.4582   	
7.65e-06   	187.114   	13.6948   	
7.7e-06   	187.242   	13.443   	
7.75e-06   	187.275   	13.2918   	
7.8e-06   	187.02   	13.1286   	
7.85e-06   	187.384   	13.3067   	
7.9e-06   	187.932   	12.9528   	
7.95e-06   	187.919   	12.3374   	
8e-06   	188.179   	12.6611   	
8.05e-06   	188.04   	12.7492   	
8.1e-06   	188.161   	12.7565   	
8.15e-06   	188.313   	12.6258   	
8.2e-06   	188.296   	12.1905   	
8.25e-06   	188.31   	11.9034   	
8.3e-06   	188.356   	11.9736   	
8.35e-06   	188.724   	11.9443   	
8.4e-06   	188.434   	11.9242   	
8.45e-06   	188.543   	11.6097   	
8.5e-06   	188.585   	12.2263   	
8.55e-06   	188.579   	12.3929   	
8.6e-06   	188.744   	12.5343   	
8.65e-06   	188.776   	12.5095   	
8.7e-06   	188.921   	12.438   	
8.75e-06   	188.657   	12.7958   	
8.8e-06   	189.138   	12.6314   	
8.85e-06   	189.279   	12.8027   	
8.9e-06   	189.232   	12.7216   	
8.95e-06   	189.607   	13.1753   	
9e-06   	189.436   	13.056   	
9.05e-06   	189.556   	13.2942   	
9.1e-06   	189.408   	13.2743   	
9.15e-06   	189.424   	13.2208   	
9.2e-06   	189.502   	13.3783   	
9.25e-06   	189.093   	13.3185   	
9.3e-06   	189.04   	13.5001   	
9.35e-06   	188.868   	12.9555   	
9.4e-06   	189.286   	13.3236   	
9.45e-06   	189.303   	13.6389   	
9.5e-06   	189.456   	13.6548   	
9.55e-06   	189.149   	13.7265   	
9.6e-06   	189.371   	13.7418   	
9.65e-06   	189.351   	13.745   	
9.7e-06   	189.172   	13.9952   	
9.75e-06   	189.295   	13.8358   	
9.8e-06   	189.305   	13.6786   	
9.85e-06   	189.251   	13.7441   	
9.9e-06   	188.867   	13.5135   	
9.95e-06   	189.205   	13.7802   	
1e-05   	188.909   	13.5724   	
1.005e-05   	189.178   	13.408   	
1.01e-05   	189.067   	13.5601   	
1.015e-05   	189.07   	13.8969   	
1.02e-05   	189.189   	13.7213   	
1.025e-05   	189.269   	13.844   	
1.03e-05   	189.945   	13.9851   	
1.035e-05   	190.391   	14.2576   	
1.04e-05   	190.225   	13.9435   	
1.045e-05   	190.236   	13.797   	
1.05e-05   	190.452   	14.0374   	
1.055e-05   	190.606   	14.1328   	
1.06e-05   	190.509   	14.2596   	
1.065e-05   	190.483   	14.0212   	
1.07e-05   	190.877   	14.0976   	
1.075e-05   	190.826   	14.1114   	
1.08e-05   	191.01   	14.2913   	
1.085e-05   	191.178   	14.8175   	
1.09e-05   	191.458   	15.2016   	
1.095e-05   	191.723   	14.9425   	
1.1e-05   	191.685   	15.5206   	
1.105e-05   	191.606   	15.4966   	
1.11e-05   	191.457   	15.7377   	
1.115e-05   	191.493   	15.7107   	
1.12e-05   	191.643   	16.1623   	
1.125e-05   	191.513   	16.1599   	
1.13e-05   	191.538   	16.1034   	
1.135e-05   	191.792   	16.1219   	
1.14e-05   	191.873   	15.9154   	
1.145e-05   	191.735   	15.8856   	
1.15e-05   	191.79   	15.6481   	
1.155e-05   	192.165   	15.9696   	
1.16e-05   	192.06   	15.5045   	
1.165e-05   	192.256   	15.5374   	
1.17e-05   	192.158   	15.3382   	
1.175e-05   	192.201   	15.2559   	
1.18e-05   	192.726   	15.2569   	
1.185e-05   	192.955   	15.0018   	
1.19e-05   	193.326   	14.7911   	
1.195e-05   	193.212   	15.1971   	
1.2e-05   	193.171   	15.0652   	
1.205e-05   	193.36   	14.87   	
1.21e-05   	193.195   	14.5633   	
1.215e-05   	193.27   	14.3218   	
1.22e-05   	193.386   	14.2316   	
1.225e-05   	193.71   	13.9466   	
1.23e-05   	193.539   	14.1559   	
1.235e-05   	193.688   	13.925   	
1.24e-05   	193.823   	14.3836   	
1.245e-05   	193.907   	15.1019   	
1.25e-05   	194.304   	15.089   	
1.255e-05   	194.263   	15.1358   	
1.26e-05   	194.553   	15.0682   	
1.265e-05   	194.253   	15.3027   	
1.27e-05   	194.452   	15.2944   	
1.275e-05   	194.664   	15.4988   	
1.28e-05   	194.653   	15.3506   	
1.285e-05   	194.775   	15.821   	
1.29e-05   	194.741   	15.7006   	
1.295e-05   	195.089   	15.7093   	
1.3e-05   	194.71   	15.6361   	
1.305e-05   	194.871   	15.3116   	
1.31e-05   	194.73   	15.4987   	
1.315e-05   	194.403   	15.3358   	
1.32e-05   	194.194   	15.5272   	
1.325e-05   	194.147   	14.8948   	
1.33e-05   	194.622   	14.8622   	
1.335e-05   	194.651   	15.0759   	
1.34e-05   	194.641   	15.15   	
1.345e-05   	194.811   	15.2437   	
1.35e-05   	194.754   	15.3862   	
1.355e-05   	194.871   	15.6482   	
1.36e-05   	194.725   	15.5836   	
1.365e-05   	194.865   	15.7867   	
1.37e-05   	194.869   	15.4976   	
1.375e-05   	194.706   	15.5219   	
1.38e-05   	194.782   	15.5186   	
1.385e-05   	194.794   	15.4267   	
1.39e-05   	194.773   	15.6047   	
1.395e-05   	194.868   	15.231   	
1.4e-05   	194.799   	14.7065   	
1.405e-05   	194.729   	14.9198   	
1.41e-05   	194.665   	15.1344   	
1.415e-05   	194.99   	15.1906   	
1.42e-05   	195.388   	15.5958   	
1.425e-05   	196.014   	15.5443   	
1.43e-05   	195.88   	15.6415   	
1.435e-05   	196.046   	15.1874   	
1.44e-05   	196.064   	15.2382   	
1.445e-05   	196.367   	15.5851   	
1.45e-05   	196.083   	15.2468   	
1.455e-05   	196.099   	15.0481   	
1.46e-05   	196.33   	15.3029   	
1.465e-05   	196.35   	15.0508   	
1.47e-05   	196.493   	15.426   	
1.475e-05   	196.631   	15.6662   	
1.48e-05   	196.698   	16.1325   	
1.485e-05   	197.106   	15.8873   	
1.49e-05   	197.198   	16.4848   	
1.495e-05   	197.276   	16.4569   	
1.5e-05   	196.968   	16.532   	
1.505e-05   	197.259   	16.7241   	
1.51e-05   	197.312   	17.2511   	
1.515e-05   	197.286   	17.3558   	
1.52e-05   	197.131   	17.3625   	
1.525e-05   	197.126   	17.29   	
1.53e-05   	197.439   	17.3154   	
1.535e-05   	197.595   	17.2984   	
1.54e-05   	197.475   	17.4618   	
1.545e-05   	197.649   	17.3162   	
1.55e-05   	197.728   	17.2422   	
1.555e-05   	197.781   	16.8864   	
1.56e-05   	197.654   	17.0619   	
1.565e-05   	197.564   	17.1662   	
1.57e-05   	198.233   	17.3416   	
1.575e-05   	198.425   	16.995   	
1.58e-05   	198.795   	16.9113   	
1.585e-05   	198.894   	17.074   	
1.59e-05   	198.821   	17.2728   	
1.595e-05   	198.977   	17.2181   	
1.6e-05   	198.914   	17.1285   	
1.605e-05   	199.135   	17.1467   	
1.61e-05   	199.027   	17.052   	
1.615e-05   	199.37   	16.9212   	
1.62e-05   	199.29   	17.1284   	
1.625e-05   	199.366   	16.8737   	
1.63e-05   	199.52   	16.756   	
1.635e-05   	199.619   	17.4949   	
1.64e-05   	199.946   	17.5546   	
1.645e-05   	200.088   	17.8033   	
1.65e-05   	200.286   	17.6633   	
1.655e-05   	200.143   	17.7895   	
1.66e-05   	200.162   	18.0686   	
1.665e-05   	200.581   	17.979   	
1.67e-05   	200.623   	17.795   	
1.675e-05   	200.79   	17.9798   	
1.68e-05   	200.795   	18.2202   	
1.685e-05   	201.258   	18.302   	
1.69e-05   	201.089   	18.429   	
1.695e-05   	201.15   	17.9696   	
1.7e-05   	201.126   	18.0958   	
1.705e-05   	201.052   	18.0631   	
1.71e-05   	200.73   	18.0722   	
1.715e-05   	200.758   	17.8116   	
1.72e-05   	200.994   	17.4949   	
1.725e-05   	201.286   	17.6934   	
1.73e-05   	201.516   	17.3746   	
1.735e-05   	201.568   	17.8106   	
1.74e-05   	201.454   	17.9503   	
1.745e-05   	201.637   	18.0443   	
1.75e-05   	201.613   	18.1137   	
1.755e-05   	201.552   	18.3272   	
1.76e-05   	201.651   	17.9745   	
1.765e-05   	201.602   	17.7614   	
1.77e-05   	201.531   	18.0271   	
1.775e-05   	201.588   	17.9157   	
1.78e-05   	201.527   	18.1202   	
1.785e-05   	201.753   	17.9529   	
1.79e-05   	201.643   	17.4322   	
1.795e-05   	201.365   	17.4776   	
1.8e-05   	201.305   	17.5587   	
1.805e-05   	201.527   	17.5894   	
1.81e-05   	202.042   	18.1569   	
1.815e-05   	202.527   	18.0319   	
1.82e-05   	202.503   	18.2343   	
1.825e-05   	202.711   	17.8241   	
1.83e-05   	202.764   	17.3727   	
1.835e-05   	202.928   	17.7873   	
1.84e-05   	203.103   	17.6038   	
1.845e-05   	202.972   	17.0886   	
1.85e-05   	203.149   	17.3392   	
1.855e-05   	203.149   	17.2518   	
1.86e-05   	203.574   	17.2295   	
1.865e-05   	203.574   	17.7596   	
1.87e-05   	203.76   	18.0396   	
1.875e-05   	204.05   	17.9069   	
1.88e-05   	204.14   	18.3309   	
1.885e-05   	204.054   	18.4393   	
1.89e-05   	203.901   	18.71   	
1.895e-05   	204.289   	18.9248   	
1.9e-05   	204.065   	19.25   	
1.905e-05   	204.404   	19.5871   	
1.91e-05   	204.15   	19.6651   	
1.915e-05   	204.236   	19.3891   	
1.92e-05   	204.4   	19.5747   	
1.925e-05   	204.422   	19.3307   	
1.93e-05   	204.096   	19.556   	
1.935e-05   	204.369   	19.405   	
1.94e-05   	204.595   	19.6679   	
1.945e-05   	204.535   	19.0378   	
1.95e-05   	204.389   	19.4204   	
1.955e-05   	204.202   	19.5645   	
1.96e-05   	204.581   	19.8302   	
1.965e-05   	205.232   	19.5806   	
1.97e-05   	205.463   	19.5289   	
1.975e-05   	205.603   	19.4413   	
1.98e-05   	205.572   	19.7247   	
1.985e-05   	205.518   	19.7624   	
1.99e-05   	205.754   	19.8437   	
1.995e-05   	205.669   	19.4017   	
2e-05   	205.942   	19.2994   	
2.005e-05   	206.172   	19.3618   	
2.01e-05   	206.302   	19.3286   	
2.015e-05   	206.2   	19.075   	
2.02e-05   	206.416   	18.9951   	
2.025e-05   	206.696   	19.6415   	
2.03e-05   	206.965   	19.7899   	
2.035e-05   	207.258   	19.9709   	
2.04e-05   	206.983   	19.8963   	
2.045e-05   	207.214   	19.9959   	
2.05e-05   	206.885   	20.3818   	
2.055e-05   	207.408   	20.1036   	
2.06e-05   	207.335   	20.2176   	
2.065e-05   	207.624   	20.2418   	
2.07e-05   	207.969   	20.5456   	
2.075e-05   	208.204   	20.2177   	
2.08e-05   	208.214   	20.4037   	
2.085e-05   	208.163   	20.2047   	
2.09e-05   	208.204   	19.9927   	
2.095e-05   	208.14   	20.1843   	
2.1e-05   	207.856   	20.3102   	
2.105e-05   	207.891   	20.0897   	
2.11e-05   	207.92   	19.652   	
2.115e-05   	208.276   	19.6936   	
2.12e-05   	208.539   	19.5436   	
2.125e-05   	208.557   	19.6559   	
2.13e-05   	208.332   	20.0433   	
2.135e-05   	208.646   	20.2577   	
2.14e-05   	208.762   	19.9422   	
2.145e-05   	208.378   	20.0995   	
2.15e-05   	208.668   	19.8895   	
2.155e-05   	208.483   	19.874   	
2.16e-05   	208.406   	20.0487   	
2.165e-05   	208.327   	19.6802   	
2.17e-05   	208.391   	19.8599   	
2.175e-05   	208.227   	20.0825   	
2.18e-05   	208.089   	19.6009   	
2.185e-05   	207.923   	19.4968   	
2.19e-05   	207.853   	19.5441   	
2.195e-05   	208.052   	19.5793   	
2.2e-05   	208.261   	19.8775   	
2.205e-05   	208.952   	19.5446   	
2.21e-05   	209.228   	20.0724   	
2.215e-05   	209.176   	19.4882   	
2.22e-05   	209.114   	19.2831   	
2.225e-05   	209.477   	19.1344   	
2.23e-05   	209.607   	19.2316   	
2.235e-05   	209.609   	18.8138   	
2.24e-05   	209.68   	18.5329   	
2.245e-05   	209.908   	18.713   	
2.25e-05   	210.174   	18.43   	
2.255e-05   	210.398   	18.6297   	
2.26e-05   	210.679   	18.9744   	
2.265e-05   	210.822   	19.0559   	
2.27e-05   	211.183   	18.9179   	
2.275e-05   	211.188   	19.2772   	
2.28e-05   	211.24   	19.6207   	
2.285e-05   	211.171   	19.7977   	
2.29e-05   	211.271   	20.1357   	
2.295e-05   	211.449   	20.4759   	
2.3e-05   	211.336   	20.6484   	
2.305e-05   	211.199   	20.3544   	
2.31e-05   	211.326   	20.1619   	
2.315e-05   	211.592   	20.2307   	
2.32e-05   	211.075   	20.3731   	
2.325e-05   	211.557   	20.3197   	
2.33e-05   	211.818   	20.3888   	
2.335e-05   	211.657   	20.0018   	
2.34e-05   	211.874   	20.0364   	
2.345e-05   	211.766   	20.1444   	
2.35e-05   	212.01   	20.3787   	
2.355e-05   	212.493   	20.528   	
2.36e-05   	212.547   	20.3127   	
2.365e-05   	212.94   	20.2388   	
2.37e-05   	212.879   	20.2857   	
2.375e-05   	212.834   	20.4177   	
2.38e-05   	213.163   	20.7115   	
2.385e-05   	213.134   	20.4522   	
2.39e-05   	213.272   	20.0649   	
2.395e-05   	213.498   	20.1827   	
2.4e-05   	214.002   	20.4374   	
2.405e-05   	213.813   	20.195   	
2.41e-05   	214.042   	20.0245   	
2.415e-05   	214.259   	20.4415   	
2.42e-05   	214.29   	20.8725   	
2.425e-05   	214.632   	20.9062   	
2.43e-05   	214.654   	20.8004   	
2.435e-05   	214.899   	20.5786   	
2.44e-05   	214.558   	21.0329   	
2.445e-05   	214.957   	20.9897   	
2.45e-05   	215.212   	21.0242   	
2.455e-05   	215.231   	21.0501   	
2.46e-05   	215.789   	21.6335   	
2.465e-05   	215.698   	21.4567   	
2.47e-05   	215.975   	21.3741   	
2.475e-05   	215.666   	21.5055   	
2.48e-05   	215.809   	21.1854   	
2.485e-05   	215.798   	21.3064   	
2.49e-05   	215.457   	21.5315   	
2.495e-05   	215.456   	21.265   	
2.5e-05   	215.331   	20.9065   	
2.505e-05   	215.722   	21.0166   	
2.51e-05   	215.799   	20.9395   	
2.515e-05   	216.14   	21.0467   	
2.52e-05   	216.106   	21.3755   	
2.525e-05   	216.226   	21.7916   	
2.53e-05   	216.225   	21.5469   	
2.535e-05   	216.083   	21.8262   	
2.54e-05   	216.106   	21.697   	
2.545e-05   	216.184   	21.5485   	
2.55e-05   	216.13   	21.397   	
2.555e-05   	215.933   	21.3314   	
2.56e-05   	216.287   	21.495   	
2.565e-05   	215.97   	21.5662   	
2.57e-05   	216.205   	21.4681   	
2.575e-05   	215.972   	20.9688   	
2.58e-05   	215.966   	21.1854   	
2.585e-05   	216.016   	21.076   	
2.59e-05   	216.188   	21.3717   	
2.595e-05   	216.677   	21.1435   	
2.6e-05   	217.249   	21.267   	
2.605e-05   	217.216   	21.2906   	
2.61e-05   	217.295   	20.8267   	
2.615e-05   	217.511   	20.6274   	
2.62e-05   	217.787   	20.7624   	
2.625e-05   	217.655   	20.2633   	
2.63e-05   	217.674   	20.0607   	
2.635e-05   	218.109   	20.1363   	
2.64e-05   	218.252   	19.7694   	
2.645e-05   	218.648   	20.0285   	
2.65e-05   	218.776   	19.9888   	
2.655e-05   	218.994   	20.0743   	
2.66e-05   	219.292   	20.0422   	
2.665e-05   	219.481   	20.4746   	
2.67e-05   	219.558   	20.4543   	
2.675e-05   	219.3   	20.4345   	
2.68e-05   	219.548   	20.6137   	
2.685e-05   	219.716   	21.0379   	
2.69e-05   	219.788   	20.9588   	
2.695e-05   	219.899   	20.62   	
2.7e-05   	220.042   	20.4025   	
2.705e-05   	220.269   	20.4824   	
2.71e-05   	220.155   	20.5933   	
2.715e-05   	220.209   	20.6649   	
2.72e-05   	220.539   	20.5906   	
2.725e-05   	220.535   	20.204   	
2.73e-05   	220.794   	19.9779   	
2.735e-05   	220.788   	20.5366   	
2.74e-05   	220.878   	20.6211   	
2.745e-05   	221.365   	20.9102   	
2.75e-05   	221.787   	20.449   	
2.755e-05   	222.251   	20.3016   	
2.76e-05   	222.418   	20.0398   	
2.765e-05   	222.325   	20.0981   	
2.77e-05   	222.655   	20.3489   	
2.775e-05   	222.556   	20.2675   	
2.78e-05   	222.934   	19.8581   	
2.785e-05   	223.14   	19.9569   	
2.79e-05   	223.534   	19.8359   	
2.795e-05   	223.538   	19.8992   	
2.8e-05   	223.766   	19.5071   	
2.805e-05   	224.01   	19.4764   	
2.81e-05   	224.269   	19.9455   	
2.815e-05   	224.604   	20.1839   	
2.82e-05   	224.74   	20.2697   	
2.825e-05   	225.154   	19.9294   	
2.83e-05   	224.837   	20.1587   	
2.835e-05   	225.078   	20.1772   	
2.84e-05   	225.459   	20.4465   	
2.845e-05   	225.471   	20.4266   	
2.85e-05   	225.888   	20.7704   	
2.855e-05   	225.919   	21.0884   	
2.86e-05   	226.456   	21.0038   	
2.865e-05   	226.217   	20.9418   	
2.87e-05   	226.282   	20.6392   	
2.875e-05   	226.214   	20.8117   	
2.88e-05   	226.173   	20.8629   	
2.885e-05   	225.916   	20.7969   	
2.89e-05   	225.942   	20.096   	
2.895e-05   	226.316   	19.9742   	
2.9e-05   	226.513   	19.927   	
2.905e-05   	226.799   	19.8741   	
2.91e-05   	227.046   	19.9726   	
2.915e-05   	226.934   	20.1652   	
2.92e-05   	227.06   	20.484   	
2.925e-05   	227.07   	20.1612   	
2.93e-05   	227.24   	20.4638   	
2.935e-05   	227.295   	20.0028   	
2.94e-05   	227.215   	20.0173   	
2.945e-05   	227.246   	20.0436   	
2.95e-05   	227.266   	19.9514   	
2.955e-05   	227.326   	20.2823   	
2.96e-05   	227.414   	20.0104   	
2.965e-05   	227.474   	19.5113   	
2.97e-05   	227.275   	19.4782   	
2.975e-05   	227.211   	19.7669   	
2.98e-05   	227.461   	19.8302   	
2.985e-05   	227.943   	20.0637   	
2.99e-05   	228.539   	19.8975   	
2.995e-05   	228.463   	20.0182   	
3e-05   	228.608   	19.7497   	
3.005e-05   	228.728   	19.4163   	
3.01e-05   	229.113   	19.3682   	
3.015e-05   	229.028   	18.9475   	
3.02e-05   	229.141   	18.6091   	
3.025e-05   	229.455   	19.0033   	
3.03e-05   	229.618   	18.5372   	
3.035e-05   	229.882   	18.74   	
3.04e-05   	230.128   	18.8547   	
3.045e-05   	230.277   	18.9926   	
3.05e-05   	230.713   	18.8427   	
3.055e-05   	230.854   	19.5414   	
3.06e-05   	230.904   	19.4295   	
3.065e-05   	230.629   	19.4027   	
3.07e-05   	231.134   	19.625   	
3.075e-05   	231.194   	20.0412   	
3.08e-05   	231.372   	20.2727   	
3.085e-05   	231.271   	20.0475   	
3.09e-05   	231.326   	19.6142   	
3.095e-05   	231.63   	19.9418   	
3.1e-05   	231.829   	19.7549   	
3.105e-05   	231.589   	19.9484   	
3.11e-05   	231.784   	19.9248   	
3.115e-05   	232.068   	19.6666   	
3.12e-05   	232.191   	19.1889   	
3.125e-05   	232.167   	19.6079   	
3.13e-05   	232.136   	19.9206   	
3.135e-05   	232.761   	20.0944   	
3.14e-05   	233.157   	19.6984   	
3.145e-05   	233.399   	19.7008   	
3.15e-05   	233.643   	19.6181   	
3.155e-05   	233.903   	19.5185   	
3.16e-05   	234.054   	19.7745   	
3.165e-05   	234.001   	19.9128   	
3.17e-05   	234.321   	19.7729   	
3.175e-05   	234.484   	19.2976   	
3.18e-05   	234.941   	19.2583   	
3.185e-05   	235   	19.311   	
3.19e-05   	235.189   	19.1105   	
3.195e-05   	235.337   	18.8713   	
3.2e-05   	235.595   	19.3577   	
3.205e-05   	235.913   	19.5319   	
3.21e-05   	236.253   	19.7883   	
3.215e-05   	236.471   	19.4175   	
3.22e-05   	236.513   	19.4812   	
3.225e-05   	236.407   	20.0341   	
3.23e-05   	236.859   	19.9791   	
3.235e-05   	236.919   	19.9328   	
3.24e-05   	237.117   	20.3316   	
3.245e-05   	237.375   	20.6681   	
3.25e-05   	237.697   	20.6099   	
3.255e-05   	237.569   	20.8477   	
3.26e-05   	237.716   	20.3387   	
3.265e-05   	237.749   	20.3117   	
3.27e-05   	237.651   	20.5836   	
3.275e-05   	237.31   	20.4018   	
3.28e-05   	237.495   	20.1768   	
3.285e-05   	237.558   	19.7746   	
3.29e-05   	237.865   	19.7086   	
3.295e-05   	238.229   	19.4641   	
3.3e-05   	238.356   	19.6178   	
3.305e-05   	238.255   	19.8552   	
3.31e-05   	238.424   	20.2732   	
3.315e-05   	238.65   	19.9087   	
3.32e-05   	238.534   	20.2008   	
3.325e-05   	238.776   	19.9066   	
3.33e-05   	238.698   	19.6949   	
3.335e-05   	238.679   	19.8595   	
3.34e-05   	238.755   	19.7667   	
3.345e-05   	238.746   	19.7603   	
3.35e-05   	238.91   	20.0256   	
3.355e-05   	238.788   	19.1549   	
3.36e-05   	238.681   	19.2718   	
3.365e-05   	238.626   	19.376   	
3.37e-05   	238.892   	19.6327   	
3.375e-05   	239.248   	20.1956   	
3.38e-05   	239.888   	19.661   	
3.385e-05   	239.917   	19.8419   	
3.39e-05   	240.138   	19.7473   	
3.395e-05   	240.183   	19.2679   	
3.4e-05   	240.433   	19.3799   	
3.405e-05   	240.656   	19.2199   	
3.41e-05   	240.601   	18.6235   	
3.415e-05   	240.812   	18.9877   	
3.42e-05   	240.87   	18.8724   	
3.425e-05   	241.311   	18.7212   	
3.43e-05   	241.48   	19.0047   	
3.435e-05   	241.795   	19.1342   	
3.44e-05   	241.973   	19.0823   	
3.445e-05   	242.312   	19.5909   	
3.45e-05   	242.273   	19.5958   	
3.455e-05   	242.18   	19.6372   	
3.46e-05   	242.658   	19.7343   	
3.465e-05   	242.511   	20.1832   	
3.47e-05   	242.955   	20.2624   	
3.475e-05   	242.819   	20.5985   	
3.48e-05   	242.837   	20.2307   	
3.485e-05   	243.049   	20.417   	
3.49e-05   	243.091   	20.414   	
3.495e-05   	242.837   	20.603   	
3.5e-05   	243.147   	20.7064   	
3.505e-05   	243.449   	20.5486   	
3.51e-05   	243.566   	19.8694   	
3.515e-05   	243.674   	20.2436   	
3.52e-05   	243.59   	20.4589   	
3.525e-05   	243.912   	20.7323   	
3.53e-05   	244.563   	20.3394   	
3.535e-05   	244.731   	20.3233   	
3.54e-05   	245.041   	20.3328   	
3.545e-05   	245.199   	20.1818   	
3.55e-05   	245.188   	20.364   	
3.555e-05   	245.492   	20.6752   	
3.56e-05   	245.659   	20.2591   	
3.565e-05   	245.933   	20.0926   	
3.57e-05   	246.154   	20.1059   	
3.575e-05   	246.503   	20.411   	
3.58e-05   	246.497   	20.003   	
3.585e-05   	246.902   	19.7915   	
3.59e-05   	247.083   	20.2934   	
3.595e-05   	247.407   	20.5886   	
3.6e-05   	247.678   	20.8559   	
3.605e-05   	247.702   	20.623   	
3.61e-05   	248.027   	20.5547   	
3.615e-05   	247.602   	20.7983   	
3.62e-05   	248.187   	20.5036   	
3.625e-05   	248.242   	20.7456   	
3.63e-05   	248.527   	20.9839   	
3.635e-05   	248.87   	21.3402   	
3.64e-05   	249.052   	21.3381   	
3.645e-05   	249.076   	21.5598   	
3.65e-05   	249.118   	21.5502   	
3.655e-05   	249.18   	21.0198   	
3.66e-05   	249.193   	21.1974   	
3.665e-05   	248.905   	21.302   	
3.67e-05   	248.941   	21.0267   	
3.675e-05   	248.853   	20.6206   	
3.68e-05   	249.3   	20.7531   	
3.685e-05   	249.541   	20.5121   	
3.69e-05   	249.654   	20.5176   	
3.695e-05   	249.552   	20.703   	
3.7e-05   	250.054   	20.9635   	
3.705e-05   	250.096   	20.5986   	
3.71e-05   	249.855   	20.864   	
3.715e-05   	250.082   	20.6683   	
3.72e-05   	250.087   	20.8001   	
3.725e-05   	250.23   	20.5935   	
3.73e-05   	249.981   	20.4364   	
3.735e-05   	250.227   	20.3744   	
3.74e-05   	250.144   	20.4859   	
3.745e-05   	250.158   	20.0523   	
3.75e-05   	250.085   	19.8176   	
3.755e-05   	250.029   	19.9068   	
3.76e-05   	250.274   	20.0749   	
3.765e-05   	250.456   	20.5609   	
3.77e-05   	251.107   	20.2587   	
3.775e-05   	251.453   	20.5254   	
3.78e-05   	251.467   	20.0358   	
3.785e-05   	251.37   	19.7588   	
3.79e-05   	251.736   	19.8396   	
3.795e-05   	251.876   	19.8453   	
3.8e-05   	252.045   	19.3376   	
3.805e-05   	252.067   	19.4023   	
3.81e-05   	252.386   	19.6015   	
3.815e-05   	252.577   	19.2191   	
3.82e-05   	252.941   	19.4116   	
3.825e-05   	253.146   	19.617   	
3.83e-05   	253.227   	19.6444   	
3.835e-05   	253.753   	19.6744   	
3.84e-05   	253.758   	20.0814   	
3.845e-05   	253.792   	20.0993   	
3.85e-05   	253.831   	20.2195   	
3.855e-05   	253.992   	20.297   	
3.86e-05   	254.237   	20.5842   	
3.865e-05   	254.293   	21.0393   	
3.87e-05   	254.132   	20.6718   	
3.875e-05   	254.396   	20.7032   	
3.88e-05   	254.54   	20.996   	
3.885e-05   	254.338   	21.0646   	
3.89e-05   	254.618   	21.2725   	
3.895e-05   	254.965   	21.1354   	
3.9e-05   	254.941   	20.5959   	
3.905e-05   	255.199   	20.637   	
3.91e-05   	255.078   	20.98   	
3.915e-05   	255.279   	21.1067   	
3.92e-05   	255.829   	21.1952   	
3.925e-05   	255.958   	21.0725   	
3.93e-05   	256.535   	21.0346   	
3.935e-05   	256.597   	20.9485   	
3.94e-05   	256.673   	20.9558   	
3.945e-05   	256.957   	21.2608   	
3.95e-05   	257.016   	21.0703   	
3.955e-05   	257.231   	20.9114   	
3.96e-05   	257.491   	21.1895   	
3.965e-05   	258.004   	21.2017   	
3.97e-05   	257.86   	20.9809   	
3.975e-05   	258.151   	20.8792   	
3.98e-05   	258.58   	21.1681   	
3.985e-05   	258.56   	21.4789   	
3.99e-05   	259.009   	21.6814   	
3.995e-05   	259.06   	21.789   	
4e-05   	259.432   	21.5968   	
4.005e-05   	259.099   	21.6775   	
4.01e-05   	259.473   	21.5517   	
4.015e-05   	259.733   	21.7148   	
4.02e-05   	259.774   	21.7213   	
4.025e-05   	260.413   	22.1587   	
4.03e-05   	260.227   	22.2157   	
4.035e-05   	260.646   	21.9953   	
4.04e-05   	260.356   	22.306   	
4.045e-05   	260.699   	22.1061   	
4.05e-05   	260.596   	22.2246   	
4.055e-05   	260.27   	22.3294   	
4.06e-05   	260.377   	22.1879   	
4.065e-05   	260.264   	21.715   	
4.07e-05   	260.656   	21.6322   	
4.075e-05   	260.711   	21.6758   	
4.08e-05   	261.201   	21.4939   	
4.085e-05   	261.324   	21.7248   	
4.09e-05   	261.308   	21.9598   	
4.095e-05   	261.321   	21.9554   	
4.1e-05   	261.47   	21.943   	
4.105e-05   	261.465   	22.0321   	
4.11e-05   	261.581   	21.8767   	
4.115e-05   	261.514   	21.5913   	
4.12e-05   	261.404   	21.6115   	
4.125e-05   	261.754   	21.4859   	
4.13e-05   	261.498   	21.6654   	
4.135e-05   	261.738   	21.5264   	
4.14e-05   	261.596   	20.9514   	
4.145e-05   	261.542   	21.179   	
4.15e-05   	261.571   	21.0652   	
4.155e-05   	261.756   	21.5422   	
4.16e-05   	262.296   	21.4029   	
4.165e-05   	262.924   	21.427   	
4.17e-05   	262.771   	21.4425   	
4.175e-05   	262.939   	21.0874   	
4.18e-05   	263.146   	20.8526   	
4.185e-05   	263.551   	21.0793   	
4.19e-05   	263.339   	20.545   	
4.195e-05   	263.372   	20.2695   	
4.2e-05   	263.776   	20.2983   	
4.205e-05   	264.021   	19.9577   	
4.21e-05   	264.338   	20.2226   	
4.215e-05   	264.497   	20.2212   	
4.22e-05   	264.723   	20.306   	
4.225e-05   	265.013   	20.2385   	
4.23e-05   	265.139   	20.8624   	
4.235e-05   	265.288   	20.5828   	
4.24e-05   	265.023   	20.6976   	
4.245e-05   	265.337   	20.7174   	
4.25e-05   	265.521   	21.3712   	
4.255e-05   	265.555   	21.4645   	
4.26e-05   	265.601   	21.3601   	
4.265e-05   	265.686   	21.1018   	
4.27e-05   	265.96   	21.4616   	
4.275e-05   	265.865   	21.7516   	
4.28e-05   	265.893   	21.781   	
4.285e-05   	266.21   	21.739   	
4.29e-05   	266.265   	21.3368   	
4.295e-05   	266.503   	21.0657   	
4.3e-05   	266.598   	21.6699   	
4.305e-05   	266.552   	21.7291   	
4.31e-05   	267.126   	21.951   	
4.315e-05   	267.566   	21.6494   	
4.32e-05   	267.888   	21.6713   	
4.325e-05   	268.188   	21.5919   	
4.33e-05   	268.047   	21.6103   	
4.335e-05   	268.356   	21.9945   	
4.34e-05   	268.328   	21.9715   	
4.345e-05   	268.714   	21.9784   	
4.35e-05   	268.865   	21.9604   	
4.355e-05   	269.198   	21.9831   	
4.36e-05   	269.261   	22.0243   	
4.365e-05   	269.498   	21.8874   	
4.37e-05   	269.743   	22.0499   	
4.375e-05   	269.943   	22.5914   	
4.38e-05   	270.346   	22.6737   	
4.385e-05   	270.472   	23.0199   	
4.39e-05   	270.885   	22.7242   	
4.395e-05   	270.673   	22.7046   	
4.4e-05   	270.825   	22.7333   	
4.405e-05   	271.193   	22.6445   	
4.41e-05   	271.215   	22.5376   	
4.415e-05   	271.623   	22.8639   	
4.42e-05   	271.644   	23.3315   	
4.425e-05   	272.164   	23.3115   	
4.43e-05   	271.921   	23.4187   	
4.435e-05   	272.02   	23.0317   	
4.44e-05   	272.054   	23.1015   	
4.445e-05   	271.997   	23.2837   	
4.45e-05   	271.628   	23.1788   	
4.455e-05   	271.658   	22.8219   	
4.46e-05   	272.021   	22.5935   	
4.465e-05   	272.203   	22.5857   	
4.47e-05   	272.454   	22.4419   	
4.475e-05   	272.777   	22.5357   	
4.48e-05   	272.691   	22.6451   	
4.485e-05   	272.721   	23.0622   	
4.49e-05   	272.847   	22.8298   	
4.495e-05   	272.975   	23.0308   	
4.5e-05   	272.938   	22.7451   	
4.505e-05   	273.071   	22.632   	
4.51e-05   	273.015   	22.7534   	
4.515e-05   	272.997   	22.7868   	
4.52e-05   	273.085   	22.8701   	
4.525e-05   	273.155   	22.6046   	
4.53e-05   	273.262   	22.0514   	
4.535e-05   	272.893   	21.8376   	
4.54e-05   	272.966   	21.9433   	
4.545e-05   	273.156   	21.9589   	
4.55e-05   	273.638   	22.4862   	
4.555e-05   	274.188   	22.2031   	
4.56e-05   	274.241   	22.1453   	
4.565e-05   	274.399   	21.9617   	
4.57e-05   	274.461   	21.5733   	
4.575e-05   	274.843   	21.6169   	
4.58e-05   	274.974   	21.2297   	
4.585e-05   	274.817   	20.6767   	
4.59e-05   	275.164   	21.124   	
4.595e-05   	275.256   	20.7533   	
4.6e-05   	275.705   	20.8267   	
4.605e-05   	275.81   	20.9976   	
4.61e-05   	276.014   	21.1129   	
4.615e-05   	276.395   	20.7406   	
4.62e-05   	276.574   	21.1362   	
4.625e-05   	276.55   	21.05   	
4.63e-05   	276.372   	21.06   	
4.635e-05   	276.886   	21.2234   	
4.64e-05   	276.855   	21.6042   	
4.645e-05   	277.07   	21.7282   	
4.65e-05   	277.065   	21.7866   	
4.655e-05   	277.088   	21.3481   	
4.66e-05   	277.437   	21.7913   	
4.665e-05   	277.501   	21.6489   	
4.67e-05   	277.266   	21.9603   	
4.675e-05   	277.556   	21.8667   	
4.68e-05   	277.844   	21.8886   	
4.685e-05   	277.894   	21.3116   	
4.69e-05   	277.896   	21.7968   	
4.695e-05   	277.905   	21.9543   	
4.7e-05   	278.431   	21.9222   	
4.705e-05   	278.823   	21.5042   	
4.71e-05   	279.14   	21.6659   	
4.715e-05   	279.438   	21.729   	
4.72e-05   	279.658   	21.6031   	
4.725e-05   	279.681   	22.0666   	
4.73e-05   	279.701   	22.1279   	
4.735e-05   	280.029   	22.2704   	
4.74e-05   	280.224   	22.0345   	
4.745e-05   	280.68   	22.2051   	
4.75e-05   	280.748   	22.3002   	
4.755e-05   	280.969   	22.0162   	
4.76e-05   	281.113   	22.2361   	
4.765e-05   	281.327   	22.5789   	
4.77e-05   	281.699   	22.7409   	
4.775e-05   	282.121   	23.159   	
4.78e-05   	282.134   	22.7653   	
4.785e-05   	282.278   	22.6173   	
4.79e-05   	282.099   	23.0354   	
4.795e-05   	282.552   	22.8082   	
4.8e-05   	282.574   	22.6895   	
4.805e-05   	282.857   	23.0193   	
4.81e-05   	283.083   	23.3079   	
4.815e-05   	283.385   	23.6273   	
4.82e-05   	283.365   	23.7884   	
4.825e-05   	283.348   	23.4256   	
4.83e-05   	283.454   	23.2304   	
4.835e-05   	283.416   	23.8331   	
4.84e-05   	283.143   	23.7234   	
4.845e-05   	283.201   	23.3743   	
4.85e-05   	283.314   	23.2737   	
4.855e-05   	283.526   	23.338   	
4.86e-05   	283.939   	23.2224   	
4.865e-05   	284.04   	23.4026   	
4.87e-05   	283.944   	23.6135   	
4.875e-05   	284.122   	23.8735   	
4.88e-05   	284.314   	23.7577   	
4.885e-05   	284.216   	23.8415   	
4.89e-05   	284.471   	23.6485   	
4.895e-05   	284.37   	23.5942   	
4.9e-05   	284.52   	23.8672   	
4.905e-05   	284.423   	23.6539   	
4.91e-05   	284.529   	23.8795   	
4.915e-05   	284.701   	24.0493   	
4.92e-05   	284.531   	23.0997   	
4.925e-05   	284.41   	23.1609   	
4.93e-05   	284.205   	22.9019   	
4.935e-05   	284.665   	22.8228   	
4.94e-05   	284.874   	23.4728   	
4.945e-05   	285.547   	22.9797   	
4.95e-05   	285.624   	23.0056   	
4.955e-05   	285.799   	22.9576   	
4.96e-05   	285.851   	22.3824   	
4.965e-05   	286.155   	22.5792   	
4.97e-05   	286.395   	22.2601   	
4.975e-05   	286.323   	21.9468   	
4.98e-05   	286.498   	21.808   	
4.985e-05   	286.518   	21.6895   	
4.99e-05   	287.076   	21.41   	
4.995e-05   	287.226   	21.71   	
5e-05   	287.595   	21.7427   	
5.005e-05   	287.667   	21.8551   	
5.01e-05   	287.987   	21.5543   	
5.015e-05   	288.041   	21.6366   	
5.02e-05   	288.021   	21.6038   	
5.025e-05   	288.361   	21.6209   	
5.03e-05   	288.138   	22.0373   	
5.035e-05   	288.599   	22.0981   	
5.04e-05   	288.547   	22.5103   	
5.045e-05   	288.605   	22.1718   	
5.05e-05   	288.727   	22.2028   	
5.055e-05   	288.915   	22.1631   	
5.06e-05   	288.529   	22.4487   	
5.065e-05   	288.924   	22.5092   	
5.07e-05   	289.111   	22.5777   	
5.075e-05   	289.309   	21.9851   	
5.08e-05   	289.469   	22.1938   	
5.085e-05   	289.295   	22.3475   	
5.09e-05   	289.644   	22.474   	
5.095e-05   	290.231   	22.2953   	
5.1e-05   	290.397   	22.3613   	
5.105e-05   	290.802   	22.3084   	
5.11e-05   	290.881   	22.0268   	
5.115e-05   	291.003   	22.374   	
5.12e-05   	291.262   	22.5917   	
5.125e-05   	291.368   	22.5806   	
5.13e-05   	291.662   	22.3527   	
5.135e-05   	291.862   	22.5259   	
5.14e-05   	292.318   	22.6725   	
5.145e-05   	292.217   	22.373   	
5.15e-05   	292.669   	22.0754   	
5.155e-05   	292.884   	22.6192   	
5.16e-05   	293.079   	22.8034   	
5.165e-05   	293.323   	23.0214   	
5.17e-05   	293.407   	22.893   	
5.175e-05   	293.75   	22.6334   	
5.18e-05   	293.351   	22.9094   	
5.185e-05   	293.897   	22.7622   	
5.19e-05   	294.02   	22.8963   	
5.195e-05   	294.195   	23.2152   	
5.2e-05   	294.731   	23.6199   	
5.205e-05   	294.755   	23.7315   	
5.21e-05   	294.826   	23.9605   	
5.215e-05   	294.755   	24.017   	
5.22e-05   	294.816   	23.4389   	
5.225e-05   	294.95   	23.9184   	
5.23e-05   	294.613   	24.022   	
5.235e-05   	294.685   	23.8287   	
5.24e-05   	294.484   	23.3968   	
5.245e-05   	294.97   	23.5392   	
5.25e-05   	295.154   	23.4877   	
5.255e-05   	295.434   	23.6052   	
5.26e-05   	295.402   	23.6955   	
5.265e-05   	295.757   	24.081   	
5.27e-05   	295.716   	23.9316   	
5.275e-05   	295.657   	24.0177   	
5.28e-05   	295.818   	23.9624   	
5.285e-05   	295.897   	24.2429   	
5.29e-05   	295.814   	24.2739   	
5.295e-05   	295.608   	24.2279   	
5.3e-05   	295.99   	24.3178   	
5.305e-05   	295.838   	24.4643   	
5.31e-05   	296.005   	24.1054   	
5.315e-05   	295.921   	23.7586   	
5.32e-05   	295.823   	23.9703   	
5.325e-05   	295.962   	23.8325   	
5.33e-05   	296.154   	24.152   	
5.335e-05   	296.876   	24.0288   	
5.34e-05   	297.252   	24.2925   	
5.345e-05   	297.112   	24.1479   	
5.35e-05   	297.13   	23.8286   	
5.355e-05   	297.478   	23.7181   	
5.36e-05   	297.7   	23.6617   	
5.365e-05   	297.767   	23.3565   	
5.37e-05   	297.821   	23.0449   	
5.375e-05   	298.14   	22.9984   	
5.38e-05   	298.288   	22.6026   	
5.385e-05   	298.635   	22.9832   	
5.39e-05   	298.85   	22.9843   	
5.395e-05   	298.965   	22.9849   	
5.4e-05   	299.386   	22.9046   	
5.405e-05   	299.434   	23.0353   	
5.41e-05   	299.542   	23.0507   	
5.415e-05   	299.5   	23.0771   	
5.42e-05   	299.704   	23.154   	
5.425e-05   	299.862   	23.6233   	
5.43e-05   	299.866   	23.8641   	
5.435e-05   	299.828   	23.5085   	
5.44e-05   	300.175   	23.1163   	
5.445e-05   	300.185   	23.3416   	
5.45e-05   	300.143   	23.4658   	
5.455e-05   	300.303   	23.6034   	
5.46e-05   	300.771   	23.6898   	
5.465e-05   	300.645   	23.4234   	
5.47e-05   	300.881   	23.2405   	
5.475e-05   	300.834   	23.552   	
5.48e-05   	300.988   	23.5898   	
5.485e-05   	301.517   	23.837   	
5.49e-05   	301.82   	23.7151   	
5.495e-05   	302.35   	23.6971   	
5.5e-05   	302.431   	23.462   	
5.505e-05   	302.413   	23.5697   	
5.51e-05   	302.739   	23.9302   	
5.515e-05   	302.73   	23.9361   	
5.52e-05   	302.954   	23.789   	
5.525e-05   	303.213   	24.0221   	
5.53e-05   	303.571   	23.8743   	
5.535e-05   	303.627   	23.7502   	
5.54e-05   	303.871   	23.6385   	
5.545e-05   	304.293   	23.945   	
5.55e-05   	304.218   	24.2105   	
5.555e-05   	304.767   	24.1055   	
5.56e-05   	304.769   	24.1684   	
5.565e-05   	305.137   	24.1181   	
5.57e-05   	304.891   	24.2293   	
5.575e-05   	305.215   	24.1878   	
5.58e-05   	305.45   	24.2301   	
5.585e-05   	305.533   	24.4868   	
5.59e-05   	306.056   	25.0271   	
5.595e-05   	306   	25.084   	
5.6e-05   	306.468   	25.0765   	
5.605e-05   	306.121   	25.2252   	
5.61e-05   	306.346   	24.8026   	
5.615e-05   	306.28   	24.9429   	
5.62e-05   	306.072   	24.9871   	
5.625e-05   	306.048   	24.9459   	
5.63e-05   	306.102   	24.3408   	
5.635e-05   	306.445   	24.2661   	
5.64e-05   	306.555   	24.4384   	
5.645e-05   	306.76   	24.4711   	
5.65e-05   	307.056   	24.7123   	
5.655e-05   	306.967   	24.7442   	
5.66e-05   	307.116   	25.14   	
5.665e-05   	307.065   	24.7594   	
5.67e-05   	307.193   	24.8146   	
5.675e-05   	307.351   	24.7016   	
5.68e-05   	307.218   	24.7272   	
5.685e-05   	307.218   	24.9599   	
5.69e-05   	307.456   	25.1549   	
5.695e-05   	307.29   	25.3562   	
5.7e-05   	307.499   	25.3802   	
5.705e-05   	307.394   	24.4995   	
5.71e-05   	307.265   	24.6892   	
5.715e-05   	307.311   	24.7591   	
5.72e-05   	307.537   	24.8293   	
5.725e-05   	307.987   	25.1237   	
5.73e-05   	308.76   	25.2587   	
5.735e-05   	308.535   	25.4411   	
5.74e-05   	308.675   	25.1368   	
5.745e-05   	308.906   	24.7958   	
5.75e-05   	309.243   	24.9418   	
5.755e-05   	309.054   	24.6189   	
5.76e-05   	309.169   	24.4101   	
5.765e-05   	309.494   	24.2838   	
5.77e-05   	309.748   	23.9033   	
5.775e-05   	310.065   	24.3753   	
5.78e-05   	310.272   	24.2246   	
5.785e-05   	310.414   	24.5043   	
5.79e-05   	310.776   	24.1623   	
5.795e-05   	310.884   	24.2097   	
5.8e-05   	311.044   	24.0655   	
5.805e-05   	310.736   	24.0712   	
5.81e-05   	311.145   	24.3877   	
5.815e-05   	311.297   	24.7758   	
5.82e-05   	311.399   	24.741   	
5.825e-05   	311.278   	24.8013   	
5.83e-05   	311.353   	24.2086   	
5.835e-05   	311.732   	24.814   	
5.84e-05   	311.703   	24.8632   	
5.845e-05   	311.749   	24.8679   	
5.85e-05   	311.955   	24.8256   	
5.855e-05   	312.127   	24.8239   	
5.86e-05   	312.186   	24.4471   	
5.865e-05   	312.239   	24.8073   	
5.87e-05   	312.253   	25.1148   	
5.875e-05   	312.916   	25.5053   	
5.88e-05   	313.297   	25.052   	
5.885e-05   	313.598   	25.1491   	
5.89e-05   	313.918   	24.9284   	
5.895e-05   	313.777   	25.1394   	
5.9e-05   	314.093   	25.5785   	
5.905e-05   	314.149   	25.5057   	
5.91e-05   	314.497   	25.7298   	
5.915e-05   	314.594   	25.4285   	
5.92e-05   	315.051   	25.4063   	
5.925e-05   	314.932   	25.381   	
5.93e-05   	315.196   	25.0841   	
5.935e-05   	315.468   	25.1733   	
5.94e-05   	315.719   	25.5195   	
5.945e-05   	316.022   	25.74   	
5.95e-05   	316.171   	25.6831   	
5.955e-05   	316.58   	25.4812   	
5.96e-05   	316.411   	25.4899   	
5.965e-05   	316.541   	25.7027   	
5.97e-05   	316.968   	25.7335   	
5.975e-05   	317.051   	25.7695   	
5.98e-05   	317.353   	26.2982   	
5.985e-05   	317.418   	26.5053   	
5.99e-05   	317.891   	26.4315   	
5.995e-05   	317.76   	26.6058   	
6e-05   	317.777   	26.2957   	
6.005e-05   	317.689   	26.1829   	
6.01e-05   	317.622   	26.397   	
6.015e-05   	317.404   	26.1272   	
6.02e-05   	317.436   	25.8502   	
6.025e-05   	317.672   	25.4497   	
6.03e-05   	317.879   	25.5609   	
6.035e-05   	318.265   	25.3148   	
6.04e-05   	318.438   	25.553   	
6.045e-05   	318.426   	25.561   	
6.05e-05   	318.486   	25.9994   	
6.055e-05   	318.572   	25.8943   	
6.06e-05   	318.683   	26.0689   	
6.065e-05   	318.685   	25.9283   	
6.07e-05   	318.761   	25.8777   	
6.075e-05   	318.731   	26.2127   	
6.08e-05   	318.705   	26.0949   	
6.085e-05   	318.776   	26.3968   	
6.09e-05   	318.804   	26.213   	
6.095e-05   	318.968   	25.4924   	
6.1e-05   	318.644   	25.3767   	
6.105e-05   	318.632   	25.301   	
6.11e-05   	318.84   	25.0692   	
6.115e-05   	319.33   	25.7268   	
6.12e-05   	319.936   	25.6244   	
6.125e-05   	319.948   	25.7975   	
6.13e-05   	320.147   	25.6537   	
6.135e-05   	320.268   	25.3263   	
6.14e-05   	320.491   	25.3989   	
6.145e-05   	320.723   	25.4971   	
6.15e-05   	320.665   	24.8728   	
6.155e-05   	320.865   	24.7681   	
6.16e-05   	320.989   	24.3783   	
6.165e-05   	321.353   	24.4304   	
6.17e-05   	321.552   	24.6821   	
6.175e-05   	321.859   	24.6148   	
6.18e-05   	322.13   	24.3759   	
6.185e-05   	322.274   	24.3667   	
6.19e-05   	322.215   	24.234   	
6.195e-05   	322.202   	24.3295   	
6.2e-05   	322.718   	24.4371   	
6.205e-05   	322.525   	24.9477   	
6.21e-05   	322.87   	24.8217   	
6.215e-05   	322.779   	25.0835   	
6.22e-05   	322.85   	24.6821   	
6.225e-05   	323.157   	25.0095   	
6.23e-05   	323.188   	24.8423   	
6.235e-05   	322.979   	25.1972   	
6.24e-05   	323.218   	25.0118   	
6.245e-05   	323.546   	25.4129   	
6.25e-05   	323.549   	24.6856   	
6.255e-05   	323.612   	24.7744   	
6.26e-05   	323.656   	25.0381   	
6.265e-05   	324.163   	25.2109   	
6.27e-05   	324.586   	25.069   	
6.275e-05   	324.936   	24.965   	
6.28e-05   	325.172   	24.9898   	
6.285e-05   	325.389   	24.7012   	
6.29e-05   	325.308   	25.2616   	
6.295e-05   	325.576   	25.1802   	
6.3e-05   	325.714   	25.2125   	
6.305e-05   	326.019   	24.8835   	
6.31e-05   	326.435   	24.9728   	
6.315e-05   	326.53   	25.0038   	
6.32e-05   	326.647   	24.8117   	
6.325e-05   	326.871   	24.7788   	
6.33e-05   	327.122   	24.9929   	
6.335e-05   	327.459   	25.3278   	
6.34e-05   	327.827   	25.2854   	
6.345e-05   	327.778   	24.9707   	
6.35e-05   	328.037   	25.174   	
6.355e-05   	327.798   	25.327   	
6.36e-05   	328.288   	25.2843   	
6.365e-05   	328.273   	25.5334   	
6.37e-05   	328.537   	25.8507   	
6.375e-05   	328.873   	26.1636   	
6.38e-05   	329.088   	25.9227   	
6.385e-05   	329.162   	26.2585   	
6.39e-05   	329.175   	25.8695   	
6.395e-05   	329.142   	25.6   	
6.4e-05   	329.18   	26.1337   	
6.405e-05   	328.903   	26.0309   	
6.41e-05   	328.985   	25.8058   	
6.415e-05   	328.988   	25.434   	
6.42e-05   	329.299   	25.3644   	
6.425e-05   	329.65   	25.3638   	
6.43e-05   	329.778   	25.4437   	
6.435e-05   	329.702   	25.4761   	
6.44e-05   	329.926   	25.6893   	
6.445e-05   	330.067   	25.5117   	
6.45e-05   	329.947   	25.5078   	
6.455e-05   	330.22   	25.2976   	
6.46e-05   	330.119   	25.3729   	
6.465e-05   	330.259   	25.4687   	
6.47e-05   	330.139   	25.2529   	
6.475e-05   	330.342   	25.6204   	
6.48e-05   	330.359   	25.8027   	
6.485e-05   	330.245   	25.196   	
6.49e-05   	330.084   	24.7909   	
6.495e-05   	329.989   	24.8444   	
6.5e-05   	330.302   	24.7179   	
6.505e-05   	330.516   	25.0548   	
6.51e-05   	331.274   	24.9102   	
6.515e-05   	331.49   	25.2168   	
6.52e-05   	331.572   	25.0408   	
6.525e-05   	331.5   	24.9312   	
6.53e-05   	331.937   	24.7479   	
6.535e-05   	332.07   	25.0073   	
6.54e-05   	332.099   	24.6305   	
6.545e-05   	332.24   	23.9165   	
6.55e-05   	332.302   	23.9447   	
6.555e-05   	332.738   	24.0032   	
6.56e-05   	332.928   	24.2003   	
6.565e-05   	333.285   	24.1004   	
6.57e-05   	333.403   	24.2256   	
6.575e-05   	333.836   	23.6481   	
6.58e-05   	333.792   	23.7711   	
6.585e-05   	333.862   	23.7311   	
6.59e-05   	333.989   	23.7138   	
6.595e-05   	333.938   	24.1692   	
6.6e-05   	334.319   	24.1278   	
6.605e-05   	334.335   	24.4776   	
6.61e-05   	334.243   	24.0827   	
6.615e-05   	334.499   	24.2248   	
6.62e-05   	334.708   	24.0852   	
6.625e-05   	334.313   	24.2465   	
6.63e-05   	334.637   	24.2279   	
6.635e-05   	334.942   	24.3852   	
6.64e-05   	335.072   	23.7532   	
6.645e-05   	335.213   	23.5992   	
6.65e-05   	335.056   	23.7531   	
6.655e-05   	335.41   	24.0593   	
6.66e-05   	335.958   	24.1026   	
6.665e-05   	336.045   	24.0584   	
6.67e-05   	336.53   	24.0692   	
6.675e-05   	336.578   	23.4691   	
6.68e-05   	336.728   	23.9308   	
6.685e-05   	336.898   	24.0709   	
6.69e-05   	337.033   	24.1314   	
6.695e-05   	337.321   	23.8674   	
6.7e-05   	337.589   	23.8361   	
6.705e-05   	338.069   	24.0544   	
6.71e-05   	337.914   	23.9254   	
6.715e-05   	338.395   	23.6369   	
6.72e-05   	338.563   	23.9637   	
6.725e-05   	338.725   	24.1878   	
6.73e-05   	339.028   	24.1683   	
6.735e-05   	339.189   	23.9587   	
6.74e-05   	339.368   	23.8696   	
6.745e-05   	339.104   	24.2473   	
6.75e-05   	339.654   	24.1457   	
6.755e-05   	339.794   	24.1914   	
6.76e-05   	339.896   	24.5914   	
6.765e-05   	340.506   	25.0066   	
6.77e-05   	340.45   	24.8058   	
6.775e-05   	340.575   	24.8387   	
6.78e-05   	340.478   	24.8112   	
6.785e-05   	340.57   	24.5446   	
6.79e-05   	340.683   	24.7868   	
6.795e-05   	340.362   	24.7551   	
6.8e-05   	340.404   	24.5298   	
6.805e-05   	340.243   	24.1314   	
6.81e-05   	340.709   	24.0257   	
6.815e-05   	340.833   	23.9174   	
6.82e-05   	341.236   	23.9144   	
6.825e-05   	341.184   	24.181   	
6.83e-05   	341.469   	24.2821   	
6.835e-05   	341.507   	24.3277   	
6.84e-05   	341.447   	24.2483   	
6.845e-05   	341.474   	24.2371   	
6.85e-05   	341.616   	24.4043   	
6.855e-05   	341.61   	24.3264   	
6.86e-05   	341.301   	24.332   	
6.865e-05   	341.714   	24.5129   	
6.87e-05   	341.516   	24.7223   	
6.875e-05   	341.805   	24.4898   	
6.88e-05   	341.628   	23.9357   	
6.885e-05   	341.642   	24.2289   	
6.89e-05   	341.766   	24.2714   	
6.895e-05   	341.844   	24.4951   	
6.9e-05   	342.496   	24.4844   	
6.905e-05   	342.917   	24.7813   	
6.91e-05   	342.809   	24.6861   	
6.915e-05   	342.927   	24.4466   	
6.92e-05   	343.237   	24.2672   	
6.925e-05   	343.484   	24.237   	
6.93e-05   	343.502   	23.96   	
6.935e-05   	343.502   	23.6687   	
6.94e-05   	343.908   	23.6234   	
6.945e-05   	343.913   	23.3269   	
6.95e-05   	344.322   	23.7813   	
6.955e-05   	344.503   	23.691   	
6.96e-05   	344.772   	23.629   	
6.965e-05   	345.089   	23.5192   	
6.97e-05   	345.21   	23.7689   	
6.975e-05   	345.297   	23.6658   	
6.98e-05   	345.162   	23.7501   	
6.985e-05   	345.377   	24.1417   	
6.99e-05   	345.586   	24.3275   	
6.995e-05   	345.562   	24.5929   	
7e-05   	345.536   	24.3098   	
7.005e-05   	345.919   	24.0231   	
7.01e-05   	346.026   	24.141   	
7.015e-05   	345.928   	24.1909   	
7.02e-05   	345.978   	24.3453   	
7.025e-05   	346.394   	24.3442   	
7.03e-05   	346.309   	24.1096   	
7.035e-05   	346.641   	23.566   	
7.04e-05   	346.599   	24.0957   	
7.045e-05   	346.688   	24.1474   	
7.05e-05   	347.237   	24.4713   	
7.055e-05   	347.606   	24.1964   	
7.06e-05   	348.034   	24.2314   	
7.065e-05   	348.194   	23.7543   	
7.07e-05   	348.2   	23.8163   	
7.075e-05   	348.502   	24.3824   	
7.08e-05   	348.421   	24.4367   	
7.085e-05   	348.704   	24.3495   	
7.09e-05   	348.961   	24.4481   	
7.095e-05   	349.363   	24.398   	
7.1e-05   	349.302   	24.4198   	
7.105e-05   	349.566   	24.039   	
7.11e-05   	349.949   	24.2081   	
7.115e-05   	350.051   	24.6562   	
7.12e-05   	350.455   	24.5893   	
7.125e-05   	350.522   	24.7631   	
7.13e-05   	350.896   	24.6202   	
7.135e-05   	350.574   	24.6881   	
7.14e-05   	350.829   	24.8723   	
7.145e-05   	351.189   	25.0788   	
7.15e-05   	351.358   	25.2362   	
7.155e-05   	351.69   	25.625   	
7.16e-05   	351.738   	25.7757   	
7.165e-05   	352.194   	25.7843   	
7.17e-05   	351.884   	25.7022   	
7.175e-05   	352.117   	25.3864   	
7.18e-05   	352.101   	25.6355   	
7.185e-05   	351.86   	25.7939   	
7.19e-05   	351.734   	25.6599   	
7.195e-05   	351.738   	25.2621   	
7.2e-05   	352.188   	24.9124   	
7.205e-05   	352.276   	25.1882   	
7.21e-05   	352.496   	25.176   	
7.215e-05   	352.818   	25.2773   	
7.22e-05   	352.753   	25.1861   	
7.225e-05   	352.882   	25.5931   	
7.23e-05   	352.837   	25.2455   	
7.235e-05   	352.975   	25.3553   	
7.24e-05   	353.042   	25.2885   	
7.245e-05   	352.996   	25.2658   	
7.25e-05   	353.074   	25.2089   	
7.255e-05   	353.064   	25.3178   	
7.26e-05   	353.065   	25.4647   	
7.265e-05   	353.23   	25.4836   	
7.27e-05   	353.181   	25.1176   	
7.275e-05   	353.064   	25.4448   	
7.28e-05   	352.996   	25.5944   	
7.285e-05   	353.302   	25.4395   	
7.29e-05   	353.698   	25.9784   	
7.295e-05   	354.414   	25.9278   	
7.3e-05   	354.242   	26.0778   	
7.305e-05   	354.396   	25.961   	
7.31e-05   	354.495   	25.6773   	
7.315e-05   	354.911   	25.5507   	
7.32e-05   	354.837   	25.1674   	
7.325e-05   	354.934   	24.9445   	
7.33e-05   	355.213   	24.9598   	
7.335e-05   	355.418   	24.6199   	
7.34e-05   	355.695   	25.0216   	
7.345e-05   	355.873   	25.179   	
7.35e-05   	356.065   	25.1436   	
7.355e-05   	356.549   	24.5954   	
7.36e-05   	356.618   	24.964   	
7.365e-05   	356.706   	24.7214   	
7.37e-05   	356.493   	24.7649   	
7.375e-05   	356.935   	25.4095   	
7.38e-05   	356.955   	25.6611   	
7.385e-05   	357.139   	25.5695   	
7.39e-05   	357.021   	25.7378   	
7.395e-05   	357.057   	25.2271   	
7.4e-05   	357.443   	25.6274   	
7.405e-05   	357.531   	25.5436   	
7.41e-05   	357.415   	25.8511   	
7.415e-05   	357.609   	25.5635   	
7.42e-05   	357.778   	25.6884   	
7.425e-05   	357.946   	25.0052   	
7.43e-05   	357.958   	25.245   	
7.435e-05   	357.935   	25.4831   	
7.44e-05   	358.571   	25.8139   	
7.445e-05   	358.859   	25.2407   	
7.45e-05   	359.312   	25.407   	
7.455e-05   	359.577   	25.0099   	
7.46e-05   	359.611   	25.1459   	
7.465e-05   	359.774   	25.6666   	
7.47e-05   	359.852   	25.8259   	
7.475e-05   	360.174   	26.1381   	
7.48e-05   	360.315   	25.8246   	
7.485e-05   	360.781   	25.7246   	
7.49e-05   	360.772   	25.9605   	
7.495e-05   	360.916   	25.7481   	
7.5e-05   	361.143   	25.6961   	
7.505e-05   	361.332   	26.1801   	
7.51e-05   	361.734   	26.4993   	
7.515e-05   	361.974   	26.3653   	
7.52e-05   	362.254   	26.1071   	
7.525e-05   	362.219   	26.1913   	
7.53e-05   	362.253   	26.7656   	
7.535e-05   	362.716   	26.8111   	
7.54e-05   	362.737   	26.675   	
7.545e-05   	362.999   	26.9716   	
7.55e-05   	363.054   	27.3357   	
7.555e-05   	363.512   	27.3786   	
7.56e-05   	363.373   	27.5726   	
7.565e-05   	363.46   	27.2911   	
7.57e-05   	363.477   	27.333   	
7.575e-05   	363.388   	27.7878   	
7.58e-05   	363.066   	27.459   	
7.585e-05   	363.198   	27.1279   	
7.59e-05   	363.427   	26.716   	
7.595e-05   	363.697   	26.8259   	
7.6e-05   	364.013   	26.6518   	
7.605e-05   	364.135   	26.8301   	
7.61e-05   	364.082   	26.7393   	
7.615e-05   	364.28   	26.9226   	
7.62e-05   	364.343   	26.695   	
7.625e-05   	364.317   	27.1711   	
7.63e-05   	364.497   	27.1152   	
7.635e-05   	364.525   	26.8605   	
7.64e-05   	364.423   	26.7984   	
7.645e-05   	364.479   	26.755   	
7.65e-05   	364.463   	26.7667   	
7.655e-05   	364.67   	26.9804   	
7.66e-05   	364.632   	26.5984   	
7.665e-05   	364.416   	26.5171   	
7.67e-05   	364.372   	26.8817   	
7.675e-05   	364.608   	26.6837   	
7.68e-05   	365.12   	27.1887   	
7.685e-05   	365.66   	27.1718   	
7.69e-05   	365.684   	27.2631   	
7.695e-05   	365.898   	26.9558   	
7.7e-05   	365.945   	26.4025   	
7.705e-05   	366.213   	26.5607   	
7.71e-05   	366.486   	26.2183   	
7.715e-05   	366.406   	25.7398   	
7.72e-05   	366.618   	25.6984   	
7.725e-05   	366.655   	25.7729   	
7.73e-05   	367.162   	25.7519   	
7.735e-05   	367.251   	26.183   	
7.74e-05   	367.525   	26.1581   	
7.745e-05   	367.852   	26.0195   	
7.75e-05   	368.065   	26.0471   	
7.755e-05   	368.014   	25.7867   	
7.76e-05   	367.966   	26.1343   	
7.765e-05   	368.423   	26.359   	
7.77e-05   	368.282   	26.7616   	
7.775e-05   	368.682   	26.4903   	
7.78e-05   	368.474   	26.5738   	
7.785e-05   	368.6   	26.0589   	
7.79e-05   	368.85   	26.3953   	
7.795e-05   	368.894   	26.1904   	
7.8e-05   	368.608   	26.5862   	
7.805e-05   	368.957   	26.5602   	
7.81e-05   	369.279   	26.6382   	
7.815e-05   	369.325   	26.0548   	
7.82e-05   	369.392   	26.0294   	
7.825e-05   	369.339   	26.2736   	
7.83e-05   	369.779   	26.4867   	
7.835e-05   	370.324   	26.2852   	
7.84e-05   	370.638   	26.2512   	
7.845e-05   	370.87   	26.2555   	
7.85e-05   	371.041   	25.9936   	
7.855e-05   	371.02   	26.7657   	
7.86e-05   	371.305   	26.7739   	
7.865e-05   	371.372   	26.8589   	
7.87e-05   	371.739   	26.8639   	
7.875e-05   	372.064   	26.8835   	
7.88e-05   	372.272   	26.788   	
7.885e-05   	372.291   	26.5526   	
7.89e-05   	372.567   	26.5866   	
7.895e-05   	372.892   	26.8929   	
7.9e-05   	373.194   	27.038   	
7.905e-05   	373.594   	27.0587   	
7.91e-05   	373.486   	26.8882   	
7.915e-05   	373.808   	26.8703   	
7.92e-05   	373.485   	27.2832   	
7.925e-05   	374.052   	27.0951   	
7.93e-05   	374.007   	27.1728   	
7.935e-05   	374.255   	27.5733   	
7.94e-05   	374.619   	27.7606   	
7.945e-05   	374.867   	27.5887   	
7.95e-05   	374.845   	27.865   	
7.955e-05   	374.92   	27.4736   	
7.96e-05   	374.983   	27.3748   	
7.965e-05   	374.935   	27.9245   	
7.97e-05   	374.659   	27.5456   	
7.975e-05   	374.69   	27.117   	
7.98e-05   	374.671   	26.6651   	
7.985e-05   	375.085   	26.5278   	
7.99e-05   	375.324   	26.7294   	
7.995e-05   	375.503   	26.5894   	
8e-05   	375.302   	26.3594   	
8.005e-05   	375.705   	26.5833   	
8.01e-05   	375.911   	26.3372   	
8.015e-05   	375.635   	26.4845   	
8.02e-05   	375.955   	26.542   	
8.025e-05   	375.853   	26.4006   	
8.03e-05   	375.938   	26.1517   	
8.035e-05   	375.913   	26.2599   	
8.04e-05   	376.039   	26.1847   	
8.045e-05   	375.993   	26.4128   	
8.05e-05   	375.968   	26.04   	
8.055e-05   	375.84   	25.7222   	
8.06e-05   	375.759   	26.1813   	
8.065e-05   	375.997   	26.2826   	
8.07e-05   	376.213   	26.4221   	
8.075e-05   	376.937   	26.2297   	
8.08e-05   	377.23   	26.6597   	
8.085e-05   	377.232   	26.3926   	
8.09e-05   	377.218   	26.1319   	
8.095e-05   	377.62   	26.0377   	
8.1e-05   	377.74   	25.9005   	
8.105e-05   	377.867   	25.5146   	
8.11e-05   	377.897   	25.2999   	
8.115e-05   	378.12   	25.4948   	
8.12e-05   	378.401   	25.6369   	
8.125e-05   	378.659   	25.3902   	
8.13e-05   	378.942   	25.2636   	
8.135e-05   	379.141   	25.4615   	
8.14e-05   	379.547   	25.3152   	
8.145e-05   	379.514   	25.3669   	
8.15e-05   	379.62   	25.3885   	
8.155e-05   	379.649   	25.6091   	
8.16e-05   	379.777   	25.8413   	
8.165e-05   	380.055   	25.9211   	
8.17e-05   	380.057   	26.1994   	
8.175e-05   	379.973   	25.6164   	
8.18e-05   	380.141   	25.7777   	
8.185e-05   	380.429   	25.746   	
8.19e-05   	380.061   	26.0509   	
8.195e-05   	380.469   	26.1401   	
8.2e-05   	380.743   	26.1243   	
8.205e-05   	380.703   	25.755   	
8.21e-05   	380.915   	25.5002   	
8.215e-05   	380.832   	25.9479   	
8.22e-05   	381.084   	25.7393   	
8.225e-05   	381.571   	26.1186   	
8.23e-05   	381.722   	25.8855   	
8.235e-05   	382.252   	25.945   	
8.24e-05   	382.336   	25.5282   	
8.245e-05   	382.403   	26.1367   	
8.25e-05   	382.759   	26.3055   	
8.255e-05   	382.8   	26.3696   	
8.26e-05   	383.025   	26.2331   	
8.265e-05   	383.264   	26.3699   	
8.27e-05   	383.838   	26.2623   	
8.275e-05   	383.698   	26.2909   	
8.28e-05   	384.042   	26.2568   	
8.285e-05   	384.352   	26.4515   	
8.29e-05   	384.428   	26.5156   	
8.295e-05   	384.816   	26.5281   	
8.3e-05   	384.902   	26.6658   	
8.305e-05   	385.157   	26.5781   	
8.31e-05   	384.877   	26.7361   	
8.315e-05   	385.298   	26.7053   	
8.32e-05   	385.603   	26.8379   	
8.325e-05   	385.643   	27.031   	
8.33e-05   	386.186   	27.5977   	
8.335e-05   	386.111   	27.3844   	
8.34e-05   	386.337   	27.2659   	
8.345e-05   	386.17   	27.0955   	
8.35e-05   	386.351   	26.8043   	
8.355e-05   	386.415   	27.1068   	
8.36e-05   	386.082   	27.0608   	
8.365e-05   	386.142   	26.3283   	
8.37e-05   	386.053   	26.0586   	
8.375e-05   	386.436   	25.8257   	
8.38e-05   	386.528   	25.956   	
8.385e-05   	386.957   	25.8193   	
8.39e-05   	386.985   	25.6069   	
8.395e-05   	387.181   	25.6615   	
8.4e-05   	387.184   	25.5762   	
8.405e-05   	387.164   	25.4535   	
8.41e-05   	387.21   	25.5867   	
8.415e-05   	387.323   	25.3591   	
8.42e-05   	387.337   	25.1396   	
8.425e-05   	387.168   	25.2825   	
8.43e-05   	387.534   	25.3213   	
8.435e-05   	387.229   	25.7624   	
8.44e-05   	387.557   	25.6094   	
8.445e-05   	387.383   	25.2172   	
8.45e-05   	387.332   	25.4865   	
8.455e-05   	387.442   	25.4998   	
8.46e-05   	387.573   	25.5382   	
8.465e-05   	388.087   	25.1479   	
8.47e-05   	388.658   	25.4539   	
8.475e-05   	388.604   	25.5475   	
8.48e-05   	388.732   	25.3   	
8.485e-05   	388.974   	25.2296   	
8.49e-05   	389.311   	25.0337   	
8.495e-05   	389.145   	24.6243   	
8.5e-05   	389.164   	24.7807   	
8.505e-05   	389.599   	24.6433   	
8.51e-05   	389.723   	24.5969   	
8.515e-05   	390.147   	24.6995   	
8.52e-05   	390.251   	24.48   	
8.525e-05   	390.518   	24.5793   	
8.53e-05   	390.843   	24.5875   	
8.535e-05   	390.997   	24.8741   	
8.54e-05   	391.043   	24.8406   	
8.545e-05   	390.814   	25.2407   	
8.55e-05   	391.107   	25.5747   	
8.555e-05   	391.227   	25.7969   	
8.56e-05   	391.279   	25.8597   	
8.565e-05   	391.416   	25.3575   	
8.57e-05   	391.587   	25.2505   	
8.575e-05   	391.765   	25.3059   	
8.58e-05   	391.629   	25.4083   	
8.585e-05   	391.715   	25.7836   	
8.59e-05   	392.036   	25.5822   	
8.595e-05   	392.052   	25.433   	
8.6e-05   	392.327   	25.1858   	
8.605e-05   	392.323   	25.8048   	
8.61e-05   	392.435   	25.4447   	
8.615e-05   	392.864   	25.9864   	
8.62e-05   	393.318   	25.5935   	
8.625e-05   	393.765   	25.4096   	
8.63e-05   	393.932   	24.9492   	
8.635e-05   	393.815   	25.2484   	
8.64e-05   	394.158   	25.678   	
8.645e-05   	394.079   	25.6904   	
8.65e-05   	394.458   	25.4847   	
8.655e-05   	394.659   	25.7923   	
8.66e-05   	395.083   	25.6279   	
8.665e-05   	395.089   	25.8974   	
8.67e-05   	395.275   	25.596   	
8.675e-05   	395.516   	25.8515   	
8.68e-05   	395.808   	25.7061   	
8.685e-05   	396.124   	25.7457   	
8.69e-05   	396.224   	26.0138   	
8.695e-05   	396.648   	25.8399   	
8.7e-05   	396.346   	25.8451   	
8.705e-05   	396.602   	26.0492   	
8.71e-05   	397   	26.2703   	
8.715e-05   	397.013   	26.3399   	
8.72e-05   	397.38   	26.6718   	
8.725e-05   	397.47   	27.0458   	
8.73e-05   	397.993   	26.8447   	
8.735e-05   	397.728   	26.5337   	
8.74e-05   	397.796   	26.4525   	
8.745e-05   	397.729   	26.6543   	
8.75e-05   	397.694   	26.5271   	
8.755e-05   	397.401   	25.9678   	
8.76e-05   	397.464   	25.6423   	
8.765e-05   	397.869   	25.3916   	
8.77e-05   	398.034   	25.5155   	
8.775e-05   	398.286   	25.3303   	
8.78e-05   	398.546   	25.2358   	
8.785e-05   	398.459   	24.9437   	
8.79e-05   	398.623   	25.1019   	
8.795e-05   	398.565   	24.729   	
8.8e-05   	398.739   	25.1454   	
8.805e-05   	398.802   	24.9018   	
8.81e-05   	398.728   	24.8306   	
8.815e-05   	398.764   	24.7487   	
8.82e-05   	398.775   	24.7331   	
8.825e-05   	398.837   	24.7287   	
8.83e-05   	398.947   	24.6769   	
8.835e-05   	399.005   	24.4763   	
8.84e-05   	398.801   	24.5134   	
8.845e-05   	398.746   	24.7885   	
8.85e-05   	399.02   	24.846   	
8.855e-05   	399.464   	24.6108   	
8.86e-05   	400.053   	24.6042   	
8.865e-05   	399.966   	24.6712   	
8.87e-05   	400.155   	24.6122   	
8.875e-05   	400.254   	24.5471   	
8.88e-05   	400.611   	24.2189   	
8.885e-05   	400.576   	24.0461   	
8.89e-05   	400.701   	23.7913   	
8.895e-05   	400.972   	24.0313   	
8.9e-05   	401.144   	24.089   	
8.905e-05   	401.411   	24.1606   	
8.91e-05   	401.664   	24.0878   	
8.915e-05   	401.771   	23.9079   	
8.92e-05   	402.227   	23.8016   	
8.925e-05   	402.354   	24.0758   	
8.93e-05   	402.403   	24.0023   	
8.935e-05   	402.155   	24.4855   	
8.94e-05   	402.623   	24.8086   	
8.945e-05   	402.73   	25.1634   	
8.95e-05   	402.878   	25.2301   	
8.955e-05   	402.792   	25.2869   	
8.96e-05   	402.827   	24.8094   	
8.965e-05   	403.149   	24.9618   	
8.97e-05   	403.355   	24.7347   	
8.975e-05   	403.113   	25.0564   	
8.98e-05   	403.313   	25.324   	
8.985e-05   	403.595   	25.2454   	
8.99e-05   	403.716   	24.937   	
8.995e-05   	403.688   	25.4137   	
9e-05   	403.629   	25.407   	
9.005e-05   	404.292   	25.5776   	
9.01e-05   	404.641   	25.2182   	
9.015e-05   	404.948   	25.0813   	
9.02e-05   	405.158   	24.7075   	
9.025e-05   	405.444   	24.6309   	
9.03e-05   	405.589   	25.236   	
9.035e-05   	405.502   	25.3748   	
9.04e-05   	405.844   	25.3306   	
9.045e-05   	406.009   	24.9642   	
9.05e-05   	406.459   	25.0094   	
9.055e-05   	406.478   	25.1906   	
9.06e-05   	406.7   	25.1778   	
9.065e-05   	406.871   	25.2962   	
9.07e-05   	407.095   	25.1394   	
9.075e-05   	407.427   	25.2463   	
9.08e-05   	407.754   	25.5009   	
9.085e-05   	408.036   	25.2046   	
9.09e-05   	408.03   	25.3575   	
9.095e-05   	407.936   	25.5408   	
9.1e-05   	408.384   	25.9584   	
9.105e-05   	408.443   	26.0302   	
9.11e-05   	408.654   	26.1228   	
9.115e-05   	408.901   	26.416   	
9.12e-05   	409.196   	26.0478   	
9.125e-05   	409.093   	26.0233   	
9.13e-05   	409.234   	25.7584   	
9.135e-05   	409.282   	25.6401   	
9.14e-05   	409.16   	25.9553   	
9.145e-05   	408.84   	25.2383   	
9.15e-05   	409.003   	25.3309   	
9.155e-05   	409.087   	24.9943   	
9.16e-05   	409.393   	25.0403   	
9.165e-05   	409.745   	24.8546   	
9.17e-05   	409.9   	24.8371   	
9.175e-05   	409.768   	24.5276   	
9.18e-05   	409.953   	24.5119   	
9.185e-05   	410.182   	24.3717   	
9.19e-05   	410.059   	24.5885   	
9.195e-05   	410.281   	24.9004   	
9.2e-05   	410.215   	24.5984   	
9.205e-05   	410.208   	24.4427   	
9.21e-05   	410.289   	24.4601   	
9.215e-05   	410.264   	24.2565   	
9.22e-05   	410.436   	24.3758   	
9.225e-05   	410.306   	23.9355   	
9.23e-05   	410.217   	24.0532   	
9.235e-05   	410.13   	24.3497   	
9.24e-05   	410.375   	24.5216   	
9.245e-05   	410.805   	24.7113   	
9.25e-05   	411.405   	24.4452   	
9.255e-05   	411.447   	24.4825   	
9.26e-05   	411.632   	24.4146   	
9.265e-05   	411.741   	24.341   	
9.27e-05   	411.966   	24.3176   	
9.275e-05   	412.175   	24.3441   	
9.28e-05   	412.121   	23.896   	
9.285e-05   	412.345   	23.8498   	
9.29e-05   	412.411   	24.1753   	
9.295e-05   	412.838   	24.0562   	
9.3e-05   	412.989   	23.9929   	
9.305e-05   	413.339   	23.9248   	
9.31e-05   	413.517   	24.0192   	
9.315e-05   	413.823   	23.7744   	
9.32e-05   	413.801   	23.6697   	
9.325e-05   	413.681   	23.9811   	
9.33e-05   	414.198   	24.1993   	
9.335e-05   	413.998   	24.5319   	
9.34e-05   	414.489   	24.7602   	
9.345e-05   	414.331   	25.351   	
9.35e-05   	414.401   	24.8282   	
9.355e-05   	414.567   	24.9017   	
9.36e-05   	414.599   	24.6858   	
9.365e-05   	414.366   	25.1169   	
9.37e-05   	414.701   	25.2754   	
9.375e-05   	414.987   	25.2761   	
9.38e-05   	415.091   	25.2646   	
9.385e-05   	415.236   	25.4207   	
9.39e-05   	415.166   	25.4034   	
9.395e-05   	415.414   	25.5096   	
9.4e-05   	416.114   	25.0145   	
9.405e-05   	416.24   	25.1015   	
9.41e-05   	416.586   	25.1186   	
9.415e-05   	416.702   	24.3798   	
9.42e-05   	416.723   	25.0432   	
9.425e-05   	417.04   	25.2677   	
9.43e-05   	417.205   	25.0673   	
9.435e-05   	417.453   	24.8327   	
9.44e-05   	417.688   	25.0823   	
9.445e-05   	418.052   	25.1357   	
9.45e-05   	418.055   	25.4117   	
9.455e-05   	418.446   	25.3749   	
9.46e-05   	418.603   	25.1089   	
9.465e-05   	418.991   	25.0377   	
9.47e-05   	419.261   	24.9161   	
9.475e-05   	419.248   	24.8769   	
9.48e-05   	419.617   	24.8363   	
9.485e-05   	419.207   	24.8989   	
9.49e-05   	419.75   	25.2598   	
9.495e-05   	419.804   	25.6242   	
9.5e-05   	420.102   	25.7301   	
9.505e-05   	420.421   	25.8375   	
9.51e-05   	420.644   	25.657   	
9.515e-05   	420.63   	25.4478   	
9.52e-05   	420.692   	25.2399   	
9.525e-05   	420.719   	25.0022   	
9.53e-05   	420.76   	25.3715   	
9.535e-05   	420.401   	24.8622   	
9.54e-05   	420.459   	24.664   	
9.545e-05   	420.403   	24.5339   	
9.55e-05   	420.824   	24.2759   	
9.555e-05   	421.113   	24.4241   	
9.56e-05   	421.208   	24.2938   	
9.565e-05   	421.151   	24.0397   	
9.57e-05   	421.612   	24.1578   	
9.575e-05   	421.651   	23.8653   	
9.58e-05   	421.421   	24.086   	
9.585e-05   	421.647   	24.2973   	
9.59e-05   	421.659   	24.3125   	
9.595e-05   	421.77   	23.9567   	
9.6e-05   	421.545   	24.1319   	
9.605e-05   	421.821   	23.9502   	
9.61e-05   	421.692   	24.1431   	
9.615e-05   	421.772   	23.7077   	
9.62e-05   	421.621   	23.2625   	
9.625e-05   	421.635   	23.8965   	
9.63e-05   	421.84   	23.9808   	
9.635e-05   	422.013   	23.8797   	
9.64e-05   	422.645   	23.5175   	
9.645e-05   	423.014   	23.447   	
9.65e-05   	423.004   	23.6835   	
9.655e-05   	422.922   	23.7031   	
9.66e-05   	423.276   	23.9426   	
9.665e-05   	423.414   	23.7652   	
9.67e-05   	423.579   	23.2136   	
9.675e-05   	423.64   	23.332   	
9.68e-05   	423.921   	23.1597   	
9.685e-05   	424.133   	23.4516   	
9.69e-05   	424.483   	23.256   	
9.695e-05   	424.658   	23.3799   	
9.7e-05   	424.777   	23.2767   	
9.705e-05   	425.3   	23.0333   	
9.71e-05   	425.309   	23.0917   	
9.715e-05   	425.352   	23.3315   	
9.72e-05   	425.386   	23.8305   	
9.725e-05   	425.587   	24.1495   	
9.73e-05   	425.818   	24.4665   	
9.735e-05   	425.869   	24.891   	
9.74e-05   	425.65   	24.2569   	
9.745e-05   	425.951   	24.2591   	
9.75e-05   	426.111   	24.1133   	
9.755e-05   	425.848   	24.0925   	
9.76e-05   	426.133   	24.4335   	
9.765e-05   	426.504   	24.5486   	
9.77e-05   	426.485   	24.4009   	
9.775e-05   	426.755   	24.3264   	
9.78e-05   	426.698   	24.7596   	
9.785e-05   	426.876   	24.1122   	
9.79e-05   	427.388   	24.0938   	
9.795e-05   	427.546   	24.4812   	
9.8e-05   	428.095   	24.3263   	
9.805e-05   	428.213   	23.756   	
9.81e-05   	428.246   	24.466   	
9.815e-05   	428.559   	24.4847   	
9.82e-05   	428.611   	24.544   	
9.825e-05   	428.904   	24.3087   	
9.83e-05   	429.183   	24.5187   	
9.835e-05   	429.632   	24.4045   	
9.84e-05   	429.532   	24.7508   	
9.845e-05   	429.822   	24.7959   	
9.85e-05   	430.231   	24.5606   	
9.855e-05   	430.252   	24.3596   	
9.86e-05   	430.752   	24.2343   	
9.865e-05   	430.772   	24.3578   	
9.87e-05   	431.12   	24.296   	
9.875e-05   	430.818   	24.0645   	
9.88e-05   	431.199   	24.102   	
9.885e-05   	431.44   	24.5873   	
9.89e-05   	431.464   	24.7349   	
9.895e-05   	432.102   	24.7968   	
9.9e-05   	431.911   	24.8495   	
9.905e-05   	432.349   	24.428   	
9.91e-05   	432.052   	23.9284   	
9.915e-05   	432.375   	23.9536   	
9.92e-05   	432.28   	24.4602   	
9.925e-05   	431.962   	24.1425   	
9.93e-05   	432.044   	23.9417   	
9.935e-05   	431.924   	23.674   	
9.94e-05   	432.3   	23.2097   	
9.945e-05   	432.369   	23.555   	
9.95e-05   	432.872   	23.4917   	
9.955e-05   	432.937   	23.5847   	
9.96e-05   	432.979   	23.5781   	
9.965e-05   	433.006   	23.3175   	
9.97e-05   	433.127   	23.3518   	
9.975e-05   	433.141   	23.4859   	
9.98e-05   	433.248   	23.4532   	
9.985e-05   	433.245   	23.138   	
9.99e-05   	433.084   	23.2216   	
9.995e-05   	433.478   	22.8968   	
0.0001   	433.187   	22.9743   	
0.00010005   	433.474   	22.7755   	
0.0001001   	433.289   	22.266   	
0.00010015   	433.289   	22.705   	
0.0001002   	433.334   	22.7205   	
0.00010025   	433.554   	22.775   	
0.0001003   	434.074   	22.4067   	
0.00010035   	434.75   	22.2468   	
0.0001004   	434.622   	22.477   	
0.00010045   	434.776   	22.685   	
0.0001005   	434.977   	22.5919   	
0.00010055   	435.365   	22.5219   	
0.0001006   	435.148   	22.0744   	
0.00010065   	435.187   	22.0236   	
0.0001007   	435.608   	21.9831   	
0.00010075   	435.808   	22.105   	
0.0001008   	436.207   	22.0812   	
0.00010085   	436.388   	21.8616   	
0.0001009   	436.576   	21.8052   	
0.00010095   	436.886   	21.8119   	
0.000101   	437.044   	22.002   	
0.00010105   	437.253   	22.2208   	
0.0001011   	436.986   	22.5731   	
0.00010115   	437.307   	22.9698   	
0.0001012   	437.528   	23.2882   	
0.00010125   	437.581   	23.5163   	
0.0001013   	437.66   	23.38   	
0.00010135   	437.765   	23.1382   	
0.0001014   	438.104   	23.1392   	
0.00010145   	438.035   	23.0115   	
0.0001015   	438.127   	23.5093   	
0.00010155   	438.453   	23.362   	
0.0001016   	438.491   	23.485   	
0.00010165   	438.739   	23.2009   	
0.0001017   	438.765   	23.6496   	
0.00010175   	438.73   	23.2094   	
0.0001018   	439.281   	23.0817   	
0.00010185   	439.718   	23.224   	
0.0001019   	440.02   	23.0819   	
0.00010195   	440.29   	22.9173   	
0.000102   	440.185   	23.1631   	
0.00010205   	440.509   	23.4301   	
0.0001021   	440.453   	23.4497   	
0.00010215   	440.857   	23.2759   	
0.0001022   	440.993   	23.4463   	
0.00010225   	441.322   	23.4383   	
0.0001023   	441.4   	24.0201   	
0.00010235   	441.629   	23.7108   	
0.0001024   	441.859   	23.6031   	
0.00010245   	442.085   	23.3512   	
0.0001025   	442.422   	23.3945   	
0.00010255   	442.571   	23.7756   	
0.0001026   	443.001   	23.4806   	
0.00010265   	442.777   	23.1812   	
0.0001027   	442.921   	23.3679   	
0.00010275   	443.307   	23.6574   	
0.0001028   	443.37   	23.7361   	
0.00010285   	443.839   	23.6063   	
0.0001029   	443.817   	23.7629   	
0.00010295   	444.314   	23.4683   	
0.000103   	444.116   	23.3215   	
0.00010305   	444.221   	23.4211   	
0.0001031   	444.341   	23.7553   	
0.00010315   	444.265   	23.557   	
0.0001032   	443.945   	23.1393   	
0.00010325   	443.959   	23.1882   	
0.0001033   	444.351   	22.7169   	
0.00010335   	444.456   	22.9387   	
0.0001034   	444.737   	23.0677   	
0.00010345   	445.083   	23.2409   	
0.0001035   	444.975   	22.8946   	
0.00010355   	444.976   	22.937   	
0.0001036   	445.13   	22.7746   	
0.00010365   	445.272   	22.8507   	
0.0001037   	445.226   	23.1157   	
0.00010375   	445.297   	23.0431   	
0.0001038   	445.282   	22.9735   	
0.00010385   	445.247   	22.9236   	
0.0001039   	445.346   	22.6312   	
0.00010395   	445.405   	22.6657   	
0.000104   	445.532   	22.0651   	
0.00010405   	445.18   	22.4379   	
0.0001041   	445.212   	22.5246   	
0.00010415   	445.407   	22.284   	
0.0001042   	445.922   	22.5125   	
0.00010425   	446.522   	22.3325   	
0.0001043   	446.542   	22.3276   	
0.00010435   	446.661   	22.8097   	
0.0001044   	446.799   	22.8787   	
0.00010445   	447.168   	22.9405   	
0.0001045   	447.307   	22.7385   	
0.00010455   	447.219   	22.3878   	
0.0001046   	447.602   	22.5026   	
0.00010465   	447.704   	22.6358   	
0.0001047   	448.098   	22.4298   	
0.00010475   	448.229   	22.3609   	
0.0001048   	448.433   	22.1459   	
0.00010485   	448.839   	22.4948   	
0.0001049   	448.996   	22.1932   	
0.00010495   	448.911   	22.2653   	
0.000105   	448.772   	23.0444   	
0.00010505   	449.286   	23.289   	
0.0001051   	449.279   	23.7138   	
0.00010515   	449.494   	24.0938   	
0.0001052   	449.473   	24.3527   	
0.00010525   	449.501   	23.9538   	
0.0001053   	449.793   	24.0689   	
0.00010535   	449.929   	23.6941   	
0.0001054   	449.667   	23.8586   	
0.00010545   	449.951   	23.9985   	
0.0001055   	450.253   	23.8918   	
0.00010555   	450.282   	23.7483   	
0.0001056   	450.298   	24.0221   	
0.00010565   	450.312   	23.7162   	
0.0001057   	450.844   	23.7925   	
0.00010575   	451.21   	23.5619   	
0.0001058   	451.56   	23.8204   	
0.00010585   	451.849   	23.9578   	
0.0001059   	452.035   	23.6753   	
0.00010595   	452.112   	24.1272   	
0.000106   	452.092   	24.1244   	
0.00010605   	452.456   	24.0704   	
0.0001061   	452.609   	23.9467   	
0.00010615   	453.072   	24.0658   	
0.0001062   	453.154   	24.573   	
0.00010625   	453.376   	24.4248   	
0.0001063   	453.516   	24.434   	
0.00010635   	453.726   	24.2043   	
0.0001064   	454.147   	24.6299   	
0.00010645   	454.52   	24.8533   	
0.0001065   	454.54   	24.3035   	
0.00010655   	454.679   	24.1679   	
0.0001066   	454.492   	24.1806   	
0.00010665   	454.963   	24.517   	
0.0001067   	454.972   	24.8181   	
0.00010675   	455.23   	24.6619   	
0.0001068   	455.481   	25.0157   	
0.00010685   	455.784   	24.7175   	
0.0001069   	455.741   	24.8468   	
0.00010695   	455.756   	24.8234   	
0.000107   	455.85   	25.1739   	
0.00010705   	455.837   	25.1929   	
0.0001071   	455.516   	24.8396   	
0.00010715   	455.577   	24.7449   	
0.0001072   	455.724   	24.3138   	
0.00010725   	455.916   	24.2949   	
0.0001073   	456.31   	24.5668   	
0.00010735   	456.408   	24.5789   	
0.0001074   	456.331   	24.545   	
0.00010745   	456.508   	24.4198   	
0.0001075   	456.684   	24.4815   	
0.00010755   	456.593   	24.7135   	
0.0001076   	456.856   	24.9088   	
0.00010765   	456.779   	24.8115   	
0.0001077   	456.917   	24.6793   	
0.00010775   	456.815   	24.4902   	
0.0001078   	456.9   	24.387   	
0.00010785   	457.074   	24.5264   	
0.0001079   	456.91   	23.9371   	
0.00010795   	456.775   	23.7181   	
0.000108   	456.563   	24.18   	
0.00010805   	457.039   	24.0042   	
0.0001081   	457.254   	24.2021   	
0.00010815   	457.946   	24.168   	
0.0001082   	458.007   	23.9539   	
0.00010825   	458.25   	24.1593   	
0.0001083   	458.249   	24.1565   	
0.00010835   	458.513   	24.2112   	
0.0001084   	458.765   	24.3784   	
0.00010845   	458.692   	23.7703   	
0.0001085   	458.849   	23.6829   	
0.00010855   	458.909   	23.6429   	
0.0001086   	459.457   	23.4766   	
0.00010865   	459.634   	23.2195   	
0.0001087   	459.935   	23.0957   	
0.00010875   	460.046   	23.2978   	
0.0001088   	460.409   	22.8437   	
0.00010885   	460.46   	22.9952   	
0.0001089   	460.41   	23.6498   	
0.00010895   	460.76   	23.7272   	
0.000109   	460.536   	24.0585   	
0.00010905   	461.021   	24.3605   	
0.0001091   	460.93   	25.0021   	
0.00010915   	460.962   	24.3065   	
0.0001092   	461.121   	24.3679   	
0.00010925   	461.299   	24.1088   	
0.0001093   	460.915   	24.4185   	
0.00010935   	461.346   	24.4456   	
0.0001094   	461.557   	24.4625   	
0.00010945   	461.791   	24.5411   	
0.0001095   	461.943   	24.5579   	
0.00010955   	461.785   	24.2895   	
0.0001096   	462.11   	24.0897   	
0.00010965   	462.718   	23.8702   	
0.0001097   	462.86   	24.2565   	
0.00010975   	463.254   	24.2834   	
0.0001098   	463.34   	23.984   	
0.00010985   	463.45   	24.6549   	
0.0001099   	463.724   	24.4829   	
0.00010995   	463.841   	24.687   	
0.00011   	464.153   	24.4145   	
0.00011005   	464.323   	24.4404   	
0.0001101   	464.787   	24.57   	
0.00011015   	464.667   	25.1327   	
0.0001102   	465.116   	24.9188   	
0.00011025   	465.33   	24.6348   	
0.0001103   	465.551   	24.7519   	
0.00011035   	465.829   	24.8727   	
0.0001104   	465.9   	24.7596   	
0.00011045   	466.2   	24.642   	
0.0001105   	465.785   	24.5642   	
0.00011055   	466.342   	24.7393   	
0.0001106   	466.514   	25.0684   	
0.00011065   	466.666   	25.0434   	
0.0001107   	467.164   	24.9515   	
0.00011075   	467.211   	25.0433   	
0.0001108   	467.265   	24.6509   	
0.00011085   	467.214   	24.6675   	
0.0001109   	467.264   	24.8582   	
0.00011095   	467.392   	25.1281   	
0.000111   	467.061   	24.7233   	
0.00011105   	467.154   	24.6302   	
0.0001111   	466.975   	24.431   	
0.00011115   	467.432   	24.1016   	
0.0001112   	467.633   	24.4743   	
0.00011125   	467.919   	24.5885   	
0.0001113   	467.868   	24.647   	
0.00011135   	468.245   	24.6836   	
0.0001114   	468.184   	24.5496   	
0.00011145   	468.103   	24.8003   	
0.0001115   	468.235   	24.6665   	
0.00011155   	468.309   	24.6046   	
0.0001116   	468.306   	24.4269   	
0.00011165   	468.077   	24.6493   	
0.0001117   	468.436   	24.4466   	
0.00011175   	468.275   	24.6864   	
0.0001118   	468.457   	24.2708   	
0.00011185   	468.361   	23.942   	
0.0001119   	468.28   	24.3191   	
0.00011195   	468.412   	24.1873   	
0.000112   	468.56   	24.1364   	
0.00011205   	469.34   	23.7997   	
0.0001121   	469.671   	23.6619   	
0.00011215   	469.512   	23.7503   	
0.0001122   	469.57   	23.9637   	
0.00011225   	469.914   	24.2905   	
0.0001123   	470.126   	24.434   	
0.00011235   	470.164   	23.8824   	
0.0001124   	470.307   	23.4455   	
0.00011245   	470.553   	23.5641   	
0.0001125   	470.713   	23.6524   	
0.00011255   	471.044   	23.2643   	
0.0001126   	471.269   	23.249   	
0.00011265   	471.381   	23.3139   	
0.0001127   	471.831   	23.1041   	
0.00011275   	471.812   	23.1163   	
0.0001128   	471.977   	23.4539   	
0.00011285   	471.894   	23.9218   	
0.0001129   	472.112   	24.5098   	
0.00011295   	472.287   	24.5604   	
0.000113   	472.336   	24.9835   	
0.00011305   	472.26   	24.4955   	
0.0001131   	472.591   	24.3147   	
0.00011315   	472.605   	24.3065   	
0.0001132   	472.551   	24.426   	
0.00011325   	472.683   	24.5522   	
0.0001133   	473.151   	24.6984   	
0.00011335   	473.062   	25.0704   	
0.0001134   	473.303   	24.7711   	
0.00011345   	473.236   	24.6576   	
0.0001135   	473.39   	24.3803   	
0.00011355   	473.936   	24.072   	
0.0001136   	474.272   	24.3482   	
0.00011365   	474.749   	24.4329   	
0.0001137   	474.839   	24.4362   	
0.00011375   	474.836   	24.8698   	
0.0001138   	475.102   	24.8855   	
0.00011385   	475.109   	25.075   	
0.0001139   	475.338   	25.0775   	
0.00011395   	475.621   	25.2186   	
0.000114   	476.012   	25.1553   	
0.00011405   	476.038   	25.5673   	
0.0001141   	476.271   	25.4081   	
0.00011415   	476.709   	25.1815   	
0.0001142   	476.643   	25.223   	
0.00011425   	477.136   	25.1945   	
0.0001143   	477.178   	25.4337   	
0.00011435   	477.56   	25.3285   	
0.0001144   	477.302   	25.2221   	
0.00011445   	477.622   	25.4497   	
0.0001145   	477.849   	25.9009   	
0.00011455   	477.916   	25.846   	
0.0001146   	478.454   	25.6998   	
0.00011465   	478.383   	25.7563   	
0.0001147   	478.862   	24.9989   	
0.00011475   	478.49   	25.0976   	
0.0001148   	478.741   	25.0849   	
0.00011485   	478.685   	25.4042   	
0.0001149   	478.449   	25.3375   	
0.00011495   	478.408   	25.2621   	
0.000115   	478.463   	25.2654   	
0.00011505   	478.822   	24.792   	
0.0001151   	478.926   	24.8122   	
0.00011515   	479.157   	25.1278   	
0.0001152   	479.447   	25.1395   	
0.00011525   	479.328   	25.1356   	
0.0001153   	479.477   	24.7554   	
0.00011535   	479.461   	25.0442   	
0.0001154   	479.581   	24.7354   	
0.00011545   	479.7   	24.8416   	
0.0001155   	479.586   	24.9354   	
0.00011555   	479.558   	24.9202   	
0.0001156   	479.85   	24.8133   	
0.00011565   	479.663   	24.8317   	
0.0001157   	479.832   	24.884   	
0.00011575   	479.738   	24.1606   	
0.0001158   	479.632   	24.4717   	
0.00011585   	479.65   	24.2184   	
0.0001159   	479.91   	24.3867   	
0.00011595   	480.363   	24.196   	
0.000116   	481.133   	24.46   	
0.00011605   	480.914   	24.5762   	
0.0001161   	481.069   	24.7874   	
0.00011615   	481.283   	24.7372   	
0.0001162   	481.643   	25.0175   	
0.00011625   	481.451   	24.5638   	
0.0001163   	481.548   	24.1284   	
0.00011635   	481.837   	23.8898   	
0.0001164   	482.148   	24.2735   	
0.00011645   	482.467   	23.9247   	
0.0001165   	482.669   	23.8935   	
0.00011655   	482.795   	24.0173   	
0.0001166   	483.204   	23.7858   	
0.00011665   	483.261   	23.6612   	
0.0001167   	483.444   	23.7679   	
0.00011675   	483.143   	24.2677   	
0.0001168   	483.538   	24.5448   	
0.00011685   	483.683   	24.9489   	
0.0001169   	483.762   	25.5879   	
0.00011695   	483.674   	25.5756   	
0.000117   	483.768   	24.9238   	
0.00011705   	484.129   	24.6975   	
0.0001171   	484.117   	24.7977   	
0.00011715   	484.139   	24.8375   	
0.0001172   	484.373   	24.9212   	
0.00011725   	484.514   	25.1583   	
0.0001173   	484.588   	24.8482   	
0.00011735   	484.643   	24.9325   	
0.0001174   	484.661   	24.4604   	
0.00011745   	485.303   	24.2839   	
0.0001175   	485.671   	24.0252   	
0.00011755   	485.994   	24.0352   	
0.0001176   	486.279   	24.05   	
0.00011765   	486.167   	24.5229   	
0.0001177   	486.463   	25.0039   	
0.00011775   	486.546   	24.8794   	
0.0001178   	486.909   	24.8537   	
0.00011785   	486.981   	24.9485   	
0.0001179   	487.42   	25.0627   	
0.00011795   	487.31   	25.361   	
0.000118   	487.588   	24.9575   	
0.00011805   	487.851   	25.1486   	
0.0001181   	488.079   	24.7958   	
0.00011815   	488.379   	25.0876   	
0.0001182   	488.542   	25.5243   	
0.00011825   	488.954   	25.3229   	
0.0001183   	488.811   	25.0194   	
0.00011835   	488.937   	25.2726   	
0.0001184   	489.404   	25.566   	
0.00011845   	489.392   	25.7918   	
0.0001185   	489.72   	25.6048   	
0.00011855   	489.784   	25.2395   	
0.0001186   	490.253   	24.3795   	
0.00011865   	490.144   	24.2108   	
0.0001187   	490.157   	24.1669   	
0.00011875   	490.1   	24.3833   	
0.0001188   	490.064   	24.1198   	
0.00011885   	489.834   	23.9525   	
0.0001189   	489.889   	23.9999   	
0.00011895   	490.113   	23.6057   	
0.000119   	490.354   	23.7907   	
0.00011905   	490.652   	23.813   	
0.0001191   	490.884   	23.8267   	
0.00011915   	490.827   	23.6402   	
0.0001192   	490.919   	23.5207   	
0.00011925   	491.001   	23.333   	
0.0001193   	491.078   	23.2709   	
0.00011935   	491.129   	23.1478   	
0.0001194   	491.187   	23.3442   	
0.00011945   	491.143   	23.5971   	
0.0001195   	491.132   	23.5626   	
0.00011955   	491.182   	23.4336   	
0.0001196   	491.289   	23.2779   	
0.00011965   	491.388   	22.8762   	
0.0001197   	491.058   	23.1018   	
0.00011975   	491.035   	22.9319   	
0.0001198   	491.272   	22.7918   	
0.00011985   	491.764   	22.76   	
0.0001199   	492.338   	22.7387   	
0.00011995   	492.361   	22.8607   	
0.00012   	492.564   	22.8021   	
0.00012005   	492.684   	22.8124   	
0.0001201   	492.926   	22.9807   	
0.00012015   	493.123   	22.8532   	
0.0001202   	493.106   	22.5554   	
0.00012025   	493.26   	21.995   	
0.0001203   	493.427   	22.2221   	
0.00012035   	493.797   	22.2958   	
0.0001204   	493.949   	21.9153   	
0.00012045   	494.292   	22.1217   	
0.0001205   	494.551   	22.0507   	
0.00012055   	494.695   	21.3507   	
0.0001206   	494.677   	21.519   	
0.00012065   	494.642   	21.9154   	
0.0001207   	495.136   	21.9611   	
0.00012075   	494.993   	22.5837   	
0.0001208   	495.317   	22.8043   	
0.00012085   	495.2   	23.1529   	
0.0001209   	495.259   	22.3765   	
0.00012095   	495.584   	22.1238   	
0.000121   	495.593   	22.1074   	
0.00012105   	495.38   	22.2464   	
0.0001211   	495.629   	22.349   	
0.00012115   	495.995   	22.248   	
0.0001212   	495.991   	22.3265   	
0.00012125   	496.029   	22.5082   	
0.0001213   	496.053   	22.3605   	
0.00012135   	496.606   	21.934   	
0.0001214   	497.027   	21.6441   	
0.00012145   	497.338   	21.7808   	
0.0001215   	497.591   	21.6665   	
0.00012155   	497.801   	21.9624   	
0.0001216   	497.734   	22.6405   	
0.00012165   	497.995   	22.7088   	
0.0001217   	498.134   	22.6165   	
0.00012175   	498.435   	22.5291   	
0.0001218   	498.852   	22.8241   	
0.00012185   	498.939   	23.0389   	
0.0001219   	499.043   	22.9681   	
0.00012195   	499.307   	23.0514   	
0.000122   	499.564   	22.5172   	
0.00012205   	499.834   	22.9245   	
0.0001221   	500.242   	23.2217   	
0.00012215   	500.242   	23.0065   	
0.0001222   	500.486   	23.0722   	
0.00012225   	500.207   	22.9961   	
0.0001223   	500.704   	22.9912   	
0.00012235   	500.682   	23.1095   	
0.0001224   	500.962   	23.4299   	
0.00012245   	501.318   	23.0382   	
0.0001225   	501.495   	22.6123   	
0.00012255   	501.569   	22.3629   	
0.0001226   	501.605   	22.3176   	
0.00012265   	501.533   	22.3338   	
0.0001227   	501.587   	22.3356   	
0.00012275   	501.315   	22.2356   	
0.0001228   	501.415   	22.1892   	
0.00012285   	501.423   	22.0216   	
0.0001229   	501.698   	21.6404   	
0.00012295   	502.064   	21.678   	
0.000123   	502.185   	21.6375   	
0.00012305   	502.087   	21.3937   	
0.0001231   	502.318   	21.3806   	
0.00012315   	502.477   	21.3343   	
0.0001232   	502.419   	21.0425   	
0.00012325   	502.613   	20.9913   	
0.0001233   	502.554   	21.0395   	
0.00012335   	502.689   	21.3159   	
0.0001234   	502.589   	21.3319   	
0.00012345   	502.755   	21.6216   	
0.0001235   	502.765   	21.3449   	
0.00012355   	502.674   	21.3012   	
0.0001236   	502.525   	21.2269   	
0.00012365   	502.417   	21.4287   	
0.0001237   	502.714   	21.1805   	
0.00012375   	502.961   	21.2369   	
0.0001238   	503.709   	21.1751   	
0.00012385   	503.881   	21.1361   	
0.0001239   	503.97   	21.0568   	
0.00012395   	503.928   	21.4922   	
0.000124   	504.359   	21.4314   	
0.00012405   	504.511   	21.6736   	
0.0001241   	504.47   	21.4899   	
0.00012415   	504.664   	21.2868   	
0.0001242   	504.721   	21.1489   	
0.00012425   	505.158   	21.2499   	
0.0001243   	505.345   	20.9575   	
0.00012435   	505.712   	20.8983   	
0.0001244   	505.849   	21.1068   	
0.00012445   	506.244   	20.609   	
0.0001245   	506.234   	20.6549   	
0.00012455   	506.276   	21.0772   	
0.0001246   	506.426   	21.2416   	
0.00012465   	506.366   	21.5938   	
0.0001247   	506.723   	21.7592   	
0.00012475   	506.758   	22.5217   	
0.0001248   	506.668   	21.7962   	
0.00012485   	506.929   	21.3775   	
0.0001249   	507.131   	21.3511   	
0.00012495   	506.731   	21.7356   	
0.000125   	507.069   	21.7466   	
0.00012505   	507.366   	21.6709   	
0.0001251   	507.448   	21.9436   	
0.00012515   	507.619   	21.9586   	
0.0001252   	507.491   	21.6951   	
0.00012525   	507.795   	21.1402   	
0.0001253   	508.362   	20.7704   	
0.00012535   	508.514   	21.2384   	
0.0001254   	508.975   	21.1521   	
0.00012545   	509.018   	21.0961   	
0.0001255   	509.144   	21.7233   	
0.00012555   	509.339   	21.6239   	
0.0001256   	509.473   	21.8488   	
0.00012565   	509.707   	21.9429   	
0.0001257   	510.034   	22.1756   	
0.00012575   	510.526   	22.0036   	
0.0001258   	510.34   	22.4753   	
0.00012585   	510.789   	22.677   	
0.0001259   	510.978   	22.4053   	
0.00012595   	511.161   	22.6477   	
0.000126   	511.453   	22.6431   	
0.00012605   	511.608   	22.6803   	
0.0001261   	511.799   	22.6847   	
0.00012615   	511.542   	22.4622   	
0.0001262   	512.079   	22.3568   	
0.00012625   	512.204   	22.7195   	
0.0001263   	512.318   	22.9017   	
0.00012635   	512.909   	22.4782   	
0.0001264   	512.882   	22.3998   	
0.00012645   	512.984   	21.9005   	
0.0001265   	512.849   	21.8331   	
0.00012655   	513.001   	21.7412   	
0.0001266   	513.111   	21.8013   	
0.00012665   	512.769   	21.8019   	
0.0001267   	512.824   	21.9667   	
0.00012675   	512.682   	21.7853   	
0.0001268   	513.127   	21.2882   	
0.00012685   	513.27   	21.0269   	
0.0001269   	513.673   	21.3028   	
0.00012695   	513.604   	21.1449   	
0.000127   	513.894   	21.1146   	
0.00012705   	513.934   	20.8106   	
0.0001271   	513.828   	20.547   	
0.00012715   	513.907   	20.4598   	
0.0001272   	514.032   	20.6857   	
0.00012725   	514.02   	20.7124   	
0.0001273   	513.729   	21.0441   	
0.00012735   	514.158   	20.9509   	
0.0001274   	513.974   	20.9573   	
0.00012745   	514.221   	20.7993   	
0.0001275   	514.077   	20.4994   	
0.00012755   	514.064   	20.605   	
0.0001276   	514.203   	20.3327   	
0.00012765   	514.293   	20.415   	
0.0001277   	514.905   	20.4783   	
0.00012775   	515.331   	20.3579   	
0.0001278   	515.24   	20.3258   	
0.00012785   	515.345   	20.6501   	
0.0001279   	515.654   	20.579   	
0.00012795   	515.915   	21.0511   	
0.000128   	515.93   	20.7986   	
0.00012805   	515.927   	20.4602   	
0.0001281   	516.347   	20.064   	
0.00012815   	516.353   	20.5801   	
0.0001282   	516.751   	20.5274   	
0.00012825   	516.938   	20.2199   	
0.0001283   	517.175   	20.558   	
0.00012835   	517.537   	20.3717   	
0.0001284   	517.641   	19.856   	
0.00012845   	517.726   	20.2524   	
0.0001285   	517.577   	20.5199   	
0.00012855   	517.809   	20.82   	
0.0001286   	517.992   	20.9459   	
0.00012865   	517.974   	21.4718   	
0.0001287   	517.945   	21.287   	
0.00012875   	518.34   	21.0988   	
0.0001288   	518.431   	20.8334   	
0.00012885   	518.354   	20.9768   	
0.0001289   	518.369   	21.1372   	
0.00012895   	518.816   	21.0822   	
0.000129   	518.72   	21.4229   	
0.00012905   	519.067   	21.3135   	
0.0001291   	519.052   	21.2907   	
0.00012915   	519.127   	21.2047   	
0.0001292   	519.664   	20.342   	
0.00012925   	520.018   	20.6781   	
0.0001293   	520.47   	20.7845   	
0.00012935   	520.646   	20.5159   	
0.0001294   	520.577   	21.122   	
0.00012945   	520.893   	21.1179   	
0.0001295   	520.852   	21.2723   	
0.00012955   	521.155   	21.6045   	
0.0001296   	521.373   	21.4174   	
0.00012965   	521.759   	21.4825   	
0.0001297   	521.717   	21.6008   	
0.00012975   	522.017   	21.9118   	
0.0001298   	522.361   	21.7302   	
0.00012985   	522.449   	21.7352   	
0.0001299   	522.852   	21.8373   	
0.00012995   	522.933   	21.9134   	
0.00013   	523.32   	21.499   	
0.00013005   	522.999   	21.2555   	
0.0001301   	523.246   	21.2592   	
0.00013015   	523.611   	21.5389   	
0.0001302   	523.779   	21.6267   	
0.00013025   	524.094   	21.761   	
0.0001303   	524.185   	21.4511   	
0.00013035   	524.628   	20.949   	
0.0001304   	524.331   	21.0342   	
0.00013045   	524.528   	21.0041   	
0.0001305   	524.487   	20.8427   	
0.00013055   	524.3   	20.7916   	
0.0001306   	524.166   	20.7729   	
0.00013065   	524.135   	20.7563   	
0.0001307   	524.576   	20.1716   	
0.00013075   	524.697   	20.0084   	
0.0001308   	524.929   	19.9812   	
0.00013085   	525.23   	19.9731   	
0.0001309   	525.179   	19.9408   	
0.00013095   	525.293   	19.8109   	
0.000131   	525.27   	19.7321   	
0.00013105   	525.38   	19.113   	
0.0001311   	525.455   	19.3958   	
0.00013115   	525.43   	19.7094   	
0.0001312   	525.497   	19.8049   	
0.00013125   	525.479   	19.7287   	
0.0001313   	525.449   	19.6871   	
0.00013135   	525.629   	19.8667   	
0.0001314   	525.63   	19.6948   	
0.00013145   	525.479   	19.8694   	
0.0001315   	525.426   	19.5051   	
0.00013155   	525.714   	19.242   	
0.0001316   	526.153   	19.3773   	
0.00013165   	526.847   	19.6243   	
0.0001317   	526.674   	19.5259   	
0.00013175   	526.819   	19.6174   	
0.0001318   	526.95   	19.5263   	
0.00013185   	527.314   	19.7504   	
0.0001319   	527.27   	19.7456   	
0.00013195   	527.365   	19.4866   	
0.000132   	527.643   	19.3371   	
0.00013205   	527.856   	19.7009   	
0.0001321   	528.138   	19.4388   	
0.00013215   	528.287   	19.5284   	
0.0001322   	528.51   	19.5086   	
0.00013225   	528.943   	19.6499   	
0.0001323   	529.032   	19.1631   	
0.00013235   	529.145   	19.1957   	
0.0001324   	528.917   	19.4845   	
0.00013245   	529.359   	19.5759   	
0.0001325   	529.365   	19.6438   	
0.00013255   	529.568   	20.1069   	
0.0001326   	529.445   	20.2845   	
0.00013265   	529.443   	19.8009   	
0.0001327   	529.884   	19.5196   	
0.00013275   	529.923   	19.8246   	
0.0001328   	529.853   	19.5866   	
0.00013285   	530.032   	19.5331   	
0.0001329   	530.205   	19.5106   	
0.00013295   	530.36   	19.6544   	
0.000133   	530.4   	19.8492   	
0.00013305   	530.338   	19.4289   	
0.0001331   	531.022   	18.8615   	
0.00013315   	531.327   	19.101   	
0.0001332   	531.737   	19.1064   	
0.00013325   	532.034   	18.7742   	
0.0001333   	532.057   	18.9838   	
0.00013335   	532.24   	19.2681   	
0.0001334   	532.269   	19.0619   	
0.00013345   	532.603   	19.1927   	
0.0001335   	532.715   	19.3967   	
0.00013355   	533.215   	19.465   	
0.0001336   	533.185   	19.6021   	
0.00013365   	533.278   	19.6493   	
0.0001337   	533.587   	19.6599   	
0.00013375   	533.788   	19.0143   	
0.0001338   	534.148   	19.2134   	
0.00013385   	534.392   	19.56   	
0.0001339   	534.658   	19.3826   	
0.00013395   	534.669   	18.8321   	
0.000134   	534.661   	18.7916   	
0.00013405   	535.13   	18.8288   	
0.0001341   	535.14   	19.0436   	
0.00013415   	535.428   	19.0823   	
0.0001342   	535.501   	18.9302   	
0.00013425   	535.933   	18.4801   	
0.0001343   	535.811   	18.7156   	
0.00013435   	535.904   	18.7679   	
0.0001344   	535.883   	18.5292   	
0.00013445   	535.83   	18.4642   	
0.0001345   	535.511   	18.4895   	
0.00013455   	535.673   	18.6212   	
0.0001346   	535.861   	18.4246   	
0.00013465   	536.117   	18.0067   	
0.0001347   	536.438   	18.1642   	
0.00013475   	536.568   	17.8521   	
0.0001348   	536.528   	17.9824   	
0.00013485   	536.679   	17.591   	
0.0001349   	536.77   	17.6874   	
0.00013495   	536.722   	17.2219   	
0.000135   	536.874   	17.4056   	
0.00013505   	536.94   	17.7032   	
0.0001351   	536.821   	17.9533   	
0.00013515   	536.93   	17.9322   	
0.0001352   	536.88   	18.0203   	
0.00013525   	537.081   	17.8114   	
0.0001353   	537.05   	18.0406   	
0.00013535   	536.822   	18.3087   	
0.0001354   	536.807   	17.8969   	
0.00013545   	537.036   	17.8581   	
0.0001355   	537.495   	17.6456   	
0.00013555   	538.09   	17.7977   	
0.0001356   	538.112   	17.9287   	
0.00013565   	538.317   	18.2908   	
0.0001357   	538.345   	18.3373   	
0.00013575   	538.641   	18.1991   	
0.0001358   	538.941   	18.4639   	
0.00013585   	538.811   	18.363   	
0.0001359   	539.03   	18.3386   	
0.00013595   	539.087   	18.1869   	
0.000136   	539.585   	18.1446   	
0.00013605   	539.677   	17.5125   	
0.0001361   	539.946   	17.8065   	
0.00013615   	540.301   	18.0325   	
0.0001362   	540.471   	17.6386   	
0.00013625   	540.455   	17.8956   	
0.0001363   	540.367   	17.8778   	
0.00013635   	540.882   	17.7132   	
0.0001364   	540.723   	17.7729   	
0.00013645   	541.088   	17.9423   	
0.0001365   	540.867   	18.3166   	
0.00013655   	541.004   	17.8537   	
0.0001366   	541.291   	17.5658   	
0.00013665   	541.272   	17.9429   	
0.0001367   	541.028   	17.8437   	
0.00013675   	541.379   	17.8108   	
0.0001368   	541.727   	17.6749   	
0.00013685   	541.778   	17.6772   	
0.0001369   	541.798   	17.8688   	
0.00013695   	541.801   	17.7128   	
0.000137   	542.214   	17.159   	
0.00013705   	542.766   	17.2877   	
0.0001371   	543.073   	17.5809   	
0.00013715   	543.288   	17.3771   	
0.0001372   	543.47   	17.3623   	
0.00013725   	543.433   	17.5493   	
0.0001373   	543.723   	17.2509   	
0.00013735   	543.81   	17.3887   	
0.0001374   	544.177   	17.3186   	
0.00013745   	544.505   	17.594   	
0.0001375   	544.695   	17.7427   	
0.00013755   	544.717   	17.8528   	
0.0001376   	545.008   	17.8402   	
0.00013765   	545.304   	17.2165   	
0.0001377   	545.615   	17.4704   	
0.00013775   	545.99   	17.65   	
0.0001378   	545.891   	17.5924   	
0.00013785   	546.196   	17.3435   	
0.0001379   	545.906   	17.3099   	
0.00013795   	546.488   	17.1934   	
