0   	173.749   	12.9201   	
5e-08   	173.779   	12.9366   	
1e-07   	173.776   	12.8128   	
1.5e-07   	174.407   	12.9635   	
2e-07   	174.807   	13.0938   	
2.5e-07   	175.123   	13.0626   	
3e-07   	175.334   	12.9574   	
3.5e-07   	175.31   	13.0958   	
4e-07   	175.565   	13.1046   	
4.5e-07   	175.594   	13.2179   	
5e-07   	175.885   	13.3646   	
5.5e-07   	176.001   	13.1962   	
6e-07   	176.43   	13.3376   	
6.5e-07   	176.355   	13.5123   	
7e-07   	176.6   	12.9537   	
7.5e-07   	176.889   	12.737   	
8e-07   	177.145   	12.7817   	
8.5e-07   	177.483   	12.9394   	
9e-07   	177.684   	13.3258   	
9.5e-07   	178.037   	12.7119   	
1e-06   	177.864   	12.7959   	
1.05e-06   	177.964   	12.9412   	
1.1e-06   	178.428   	12.6833   	
1.15e-06   	178.404   	12.8213   	
1.2e-06   	178.69   	13.0583   	
1.25e-06   	178.72   	12.8884   	
1.3e-06   	179.084   	12.7577   	
1.35e-06   	178.929   	12.662   	
1.4e-06   	178.976   	12.8283   	
1.45e-06   	178.945   	12.7358   	
1.5e-06   	178.782   	12.3552   	
1.55e-06   	178.428   	12.3943   	
1.6e-06   	178.466   	12.4574   	
1.65e-06   	178.796   	11.9369   	
1.7e-06   	178.957   	11.8422   	
1.75e-06   	179.168   	11.9595   	
1.8e-06   	179.365   	11.8746   	
1.85e-06   	179.272   	11.9091   	
1.9e-06   	179.253   	12.0098   	
1.95e-06   	179.371   	11.7495   	
2e-06   	179.407   	11.9223   	
2.05e-06   	179.47   	11.8399   	
2.1e-06   	179.577   	11.77   	
2.15e-06   	179.48   	11.7216   	
2.2e-06   	179.493   	11.6677   	
2.25e-06   	179.528   	11.9939   	
2.3e-06   	179.602   	12.1317   	
2.35e-06   	179.735   	11.9935   	
2.4e-06   	179.359   	12.1014   	
2.45e-06   	179.386   	12.4589   	
2.5e-06   	179.568   	12.1843   	
2.55e-06   	180.026   	11.9361   	
2.6e-06   	180.491   	12.1889   	
2.65e-06   	180.519   	11.9441   	
2.7e-06   	180.591   	11.9371   	
2.75e-06   	180.709   	12.0953   	
2.8e-06   	181.012   	12.2287   	
2.85e-06   	181.258   	12.1642   	
2.9e-06   	181.112   	11.9267   	
2.95e-06   	181.227   	12.2777   	
3e-06   	181.24   	12.3477   	
3.05e-06   	181.565   	12.6276   	
3.1e-06   	181.699   	12.3749   	
3.15e-06   	181.828   	12.0543   	
3.2e-06   	182.164   	11.7748   	
3.25e-06   	182.355   	11.9419   	
3.3e-06   	182.203   	11.7555   	
3.35e-06   	181.998   	11.9363   	
3.4e-06   	182.43   	12.2418   	
3.45e-06   	182.226   	12.5741   	
3.5e-06   	182.37   	12.4147   	
3.55e-06   	182.249   	12.2449   	
3.6e-06   	182.274   	12.2286   	
3.65e-06   	182.553   	12.522   	
3.7e-06   	182.544   	12.42   	
3.75e-06   	182.337   	12.5348   	
3.8e-06   	182.581   	12.6571   	
3.85e-06   	182.909   	12.7224   	
3.9e-06   	182.931   	12.3675   	
3.95e-06   	182.886   	12.3536   	
4e-06   	182.917   	12.4719   	
4.05e-06   	183.447   	12.5943   	
4.1e-06   	183.708   	12.4525   	
4.15e-06   	183.893   	12.4688   	
4.2e-06   	184.122   	12.4251   	
4.25e-06   	184.192   	12.4398   	
4.3e-06   	184.056   	12.8144   	
4.35e-06   	184.234   	12.5074   	
4.4e-06   	184.41   	12.6524   	
4.45e-06   	184.332   	12.555   	
4.5e-06   	184.699   	12.6084   	
4.55e-06   	184.611   	12.7407   	
4.6e-06   	184.655   	12.5211   	
4.65e-06   	184.731   	12.2308   	
4.7e-06   	184.858   	12.6741   	
4.75e-06   	185.096   	13.0866   	
4.8e-06   	185.363   	13.2004   	
4.85e-06   	185.205   	12.8485   	
4.9e-06   	185.286   	12.543   	
4.95e-06   	184.96   	12.9308   	
5e-06   	185.468   	12.6362   	
5.05e-06   	185.416   	12.4853   	
5.1e-06   	185.623   	12.6478   	
5.15e-06   	185.861   	12.5204   	
5.2e-06   	186.096   	12.3634   	
5.25e-06   	186.177   	12.6839   	
5.3e-06   	186.198   	12.6812   	
5.35e-06   	186.183   	12.6951   	
5.4e-06   	186.116   	12.7059   	
5.45e-06   	185.876   	12.4461   	
5.5e-06   	185.905   	12.3903   	
5.55e-06   	185.934   	12.3007   	
5.6e-06   	186.204   	12.1081   	
5.65e-06   	186.581   	11.8786   	
5.7e-06   	186.503   	11.9966   	
5.75e-06   	186.346   	11.871   	
5.8e-06   	186.563   	12.1474   	
5.85e-06   	186.556   	12.1196   	
5.9e-06   	186.383   	12.302   	
5.95e-06   	186.526   	12.6652   	
6e-06   	186.415   	12.3809   	
6.05e-06   	186.528   	12.309   	
6.1e-06   	186.345   	12.3403   	
6.15e-06   	186.506   	12.0922   	
6.2e-06   	186.544   	12.2103   	
6.25e-06   	186.403   	12.2052   	
6.3e-06   	186.122   	12.0687   	
6.35e-06   	186.008   	12.5863   	
6.4e-06   	186.35   	12.8181   	
6.45e-06   	186.549   	12.678   	
6.5e-06   	187.18   	12.8129   	
6.55e-06   	187.279   	13.0125   	
6.6e-06   	187.458   	12.9377   	
6.65e-06   	187.396   	12.878   	
6.7e-06   	187.736   	12.7779   	
6.75e-06   	187.852   	13.0111   	
6.8e-06   	187.721   	12.6924   	
6.85e-06   	187.792   	12.7278   	
6.9e-06   	187.667   	13.0375   	
6.95e-06   	188.072   	13.4012   	
7e-06   	188.238   	12.9642   	
7.05e-06   	188.397   	12.8815   	
7.1e-06   	188.387   	12.9524   	
7.15e-06   	188.671   	13.0845   	
7.2e-06   	188.577   	12.9276   	
7.25e-06   	188.463   	12.9812   	
7.3e-06   	188.502   	13.2333   	
7.35e-06   	188.309   	13.3728   	
7.4e-06   	188.616   	13.212   	
7.45e-06   	188.619   	13.3374   	
7.5e-06   	188.51   	12.9071   	
7.55e-06   	188.77   	12.9865   	
7.6e-06   	188.921   	13.0539   	
7.65e-06   	188.508   	13.4666   	
7.7e-06   	188.848   	13.4563   	
7.75e-06   	189.04   	13.2773   	
7.8e-06   	189.078   	13.38   	
7.85e-06   	189.112   	13.3041   	
7.9e-06   	189.012   	13.4268   	
7.95e-06   	189.283   	13.3205   	
8e-06   	189.808   	13.4367   	
8.05e-06   	189.846   	13.7367   	
8.1e-06   	190.212   	13.6232   	
8.15e-06   	189.983   	13.6258   	
8.2e-06   	190.009   	13.9924   	
8.25e-06   	190.03   	13.7859   	
8.3e-06   	190.1   	14.0076   	
8.35e-06   	190.076   	14.2465   	
8.4e-06   	190.354   	14.211   	
8.45e-06   	190.575   	14.39   	
8.5e-06   	190.361   	14.4167   	
8.55e-06   	190.707   	14.3024   	
8.6e-06   	190.842   	14.4692   	
8.65e-06   	190.799   	14.6582   	
8.7e-06   	191.059   	14.5385   	
8.75e-06   	191.098   	14.5518   	
8.8e-06   	191.221   	14.3589   	
8.85e-06   	190.861   	14.3937   	
8.9e-06   	191.431   	14.1658   	
8.95e-06   	191.478   	14.241   	
9e-06   	191.514   	14.6612   	
9.05e-06   	191.964   	14.6403   	
9.1e-06   	191.846   	14.7141   	
9.15e-06   	192.019   	14.8189   	
9.2e-06   	191.887   	14.6028   	
9.25e-06   	192.049   	14.4611   	
9.3e-06   	192.156   	14.6981   	
9.35e-06   	191.852   	14.4972   	
9.4e-06   	191.752   	14.3683   	
9.45e-06   	191.49   	13.9997   	
9.5e-06   	191.761   	13.7185   	
9.55e-06   	191.802   	13.923   	
9.6e-06   	192.083   	13.5898   	
9.65e-06   	191.898   	13.4607   	
9.7e-06   	192.125   	13.6002   	
9.75e-06   	192.023   	13.5783   	
9.8e-06   	191.929   	13.581   	
9.85e-06   	191.992   	13.5563   	
9.9e-06   	192.09   	13.4618   	
9.95e-06   	191.982   	13.1386   	
1e-05   	191.713   	13.5082   	
1.005e-05   	192.085   	13.1979   	
1.01e-05   	191.908   	13.4738   	
1.015e-05   	192.072   	13.4286   	
1.02e-05   	191.932   	13.1338   	
1.025e-05   	191.799   	13.6817   	
1.03e-05   	191.972   	13.6859   	
1.035e-05   	192.066   	13.8356   	
1.04e-05   	192.575   	13.5365   	
1.045e-05   	192.958   	13.8983   	
1.05e-05   	192.723   	13.9499   	
1.055e-05   	192.877   	13.8763   	
1.06e-05   	193.116   	13.9931   	
1.065e-05   	193.269   	14.0177   	
1.07e-05   	193.259   	13.6724   	
1.075e-05   	193.169   	13.8109   	
1.08e-05   	193.337   	14.0247   	
1.085e-05   	193.308   	14.3365   	
1.09e-05   	193.594   	13.9435   	
1.095e-05   	193.626   	13.9194   	
1.1e-05   	193.791   	13.8306   	
1.105e-05   	194.047   	14.1406   	
1.11e-05   	194.061   	14.2226   	
1.115e-05   	194.06   	14.2495   	
1.12e-05   	193.91   	14.596   	
1.125e-05   	193.952   	14.7801   	
1.13e-05   	193.977   	15.0555   	
1.135e-05   	193.872   	15.2146   	
1.14e-05   	193.712   	14.5518   	
1.145e-05   	194.068   	14.7727   	
1.15e-05   	194.111   	14.8361   	
1.155e-05   	194.046   	15.2404   	
1.16e-05   	194.128   	15.3514   	
1.165e-05   	194.509   	15.2414   	
1.17e-05   	194.37   	15.1367   	
1.175e-05   	194.499   	15.1452   	
1.18e-05   	194.471   	15.5559   	
1.185e-05   	194.525   	15.2763   	
1.19e-05   	194.898   	15.588   	
1.195e-05   	195.11   	15.6976   	
1.2e-05   	195.407   	15.5273   	
1.205e-05   	195.383   	15.198   	
1.21e-05   	195.167   	15.8376   	
1.215e-05   	195.41   	15.6578   	
1.22e-05   	195.287   	15.8124   	
1.225e-05   	195.458   	15.9293   	
1.23e-05   	195.622   	15.9436   	
1.235e-05   	195.883   	15.7437   	
1.24e-05   	195.832   	15.8331   	
1.245e-05   	195.948   	15.7409   	
1.25e-05   	196.285   	15.8806   	
1.255e-05   	196.262   	15.9683   	
1.26e-05   	196.573   	16.002   	
1.265e-05   	196.596   	16.2707   	
1.27e-05   	196.858   	16.1114   	
1.275e-05   	196.555   	15.917   	
1.28e-05   	196.723   	15.981   	
1.285e-05   	197.025   	16.0517   	
1.29e-05   	197.152   	16.3302   	
1.295e-05   	197.455   	16.4397   	
1.3e-05   	197.486   	16.4399   	
1.305e-05   	197.841   	16.1893   	
1.31e-05   	197.426   	16.0982   	
1.315e-05   	197.624   	16.0384   	
1.32e-05   	197.596   	16.0425   	
1.325e-05   	197.314   	16.1117   	
1.33e-05   	197.18   	15.6792   	
1.335e-05   	197.183   	15.5142   	
1.34e-05   	197.559   	15.0983   	
1.345e-05   	197.513   	15.3876   	
1.35e-05   	197.59   	15.4639   	
1.355e-05   	197.818   	15.3163   	
1.36e-05   	197.631   	15.2461   	
1.365e-05   	197.585   	15.1582   	
1.37e-05   	197.375   	15.1525   	
1.375e-05   	197.41   	15.3316   	
1.38e-05   	197.505   	15.3817   	
1.385e-05   	197.319   	15.2236   	
1.39e-05   	197.36   	15.4221   	
1.395e-05   	197.38   	15.4508   	
1.4e-05   	197.273   	15.5645   	
1.405e-05   	197.403   	15.8898   	
1.41e-05   	197.215   	15.6951   	
1.415e-05   	197.123   	15.8503   	
1.42e-05   	197.075   	15.794   	
1.425e-05   	197.306   	15.8887   	
1.43e-05   	197.722   	15.6387   	
1.435e-05   	198.317   	15.9586   	
1.44e-05   	198.197   	16.1776   	
1.445e-05   	198.313   	16.1776   	
1.45e-05   	198.359   	16.0122   	
1.455e-05   	198.717   	16.1465   	
1.46e-05   	198.448   	15.9233   	
1.465e-05   	198.518   	15.9477   	
1.47e-05   	198.789   	16.009   	
1.475e-05   	198.994   	16.4121   	
1.48e-05   	199.278   	16.233   	
1.485e-05   	199.385   	16.163   	
1.49e-05   	199.484   	16.077   	
1.495e-05   	199.756   	16.0707   	
1.5e-05   	199.617   	16.2467   	
1.505e-05   	199.657   	16.3848   	
1.51e-05   	199.409   	16.8143   	
1.515e-05   	199.799   	17.2037   	
1.52e-05   	199.832   	17.3914   	
1.525e-05   	199.861   	17.5754   	
1.53e-05   	199.694   	17.4988   	
1.535e-05   	199.801   	17.1094   	
1.54e-05   	200.133   	17.3391   	
1.545e-05   	200.073   	17.3649   	
1.55e-05   	200.016   	17.7078   	
1.555e-05   	200.113   	17.5667   	
1.56e-05   	200.165   	17.6208   	
1.565e-05   	200.219   	17.6178   	
1.57e-05   	200.213   	18.1897   	
1.575e-05   	200.23   	17.746   	
1.58e-05   	200.81   	17.8603   	
1.585e-05   	201.113   	17.7954   	
1.59e-05   	201.425   	17.6726   	
1.595e-05   	201.741   	17.2704   	
1.6e-05   	201.576   	17.6279   	
1.605e-05   	201.678   	17.9844   	
1.61e-05   	201.659   	18.1047   	
1.615e-05   	201.997   	18.1467   	
1.62e-05   	202.065   	18.064   	
1.625e-05   	202.486   	18.2295   	
1.63e-05   	202.402   	18.3782   	
1.635e-05   	202.504   	18.2521   	
1.64e-05   	202.882   	18.3856   	
1.645e-05   	202.811   	18.0596   	
1.65e-05   	203.097   	18.3475   	
1.655e-05   	203.256   	18.7396   	
1.66e-05   	203.445   	18.258   	
1.665e-05   	203.429   	18.0134   	
1.67e-05   	203.346   	18.086   	
1.675e-05   	203.808   	18.2304   	
1.68e-05   	203.797   	18.5162   	
1.685e-05   	204.06   	18.6105   	
1.69e-05   	203.99   	18.891   	
1.695e-05   	204.438   	18.5145   	
1.7e-05   	204.293   	18.4784   	
1.705e-05   	204.352   	18.2979   	
1.71e-05   	204.323   	18.2949   	
1.715e-05   	204.213   	18.2821   	
1.72e-05   	203.951   	17.7941   	
1.725e-05   	203.959   	17.7374   	
1.73e-05   	204.062   	17.6865   	
1.735e-05   	204.156   	17.7855   	
1.74e-05   	204.448   	17.8555   	
1.745e-05   	204.487   	17.6057   	
1.75e-05   	204.377   	17.2516   	
1.755e-05   	204.454   	17.3014   	
1.76e-05   	204.326   	17.1662   	
1.765e-05   	204.285   	17.5711   	
1.77e-05   	204.428   	17.6629   	
1.775e-05   	204.478   	17.4911   	
1.78e-05   	204.342   	17.3655   	
1.785e-05   	204.401   	17.4462   	
1.79e-05   	204.376   	17.1512   	
1.795e-05   	204.537   	17.3722   	
1.8e-05   	204.548   	17.1911   	
1.805e-05   	204.279   	17.3373   	
1.81e-05   	204.314   	17.2507   	
1.815e-05   	204.515   	17.304   	
1.82e-05   	205.033   	17.1737   	
1.825e-05   	205.589   	17.1292   	
1.83e-05   	205.601   	17.3045   	
1.835e-05   	205.84   	17.446   	
1.84e-05   	205.956   	17.5813   	
1.845e-05   	206.171   	17.3155   	
1.85e-05   	206.306   	17.5509   	
1.855e-05   	206.126   	17.4963   	
1.86e-05   	206.349   	17.4516   	
1.865e-05   	206.403   	17.8081   	
1.87e-05   	206.881   	17.8437   	
1.875e-05   	207.045   	17.7709   	
1.88e-05   	207.303   	17.7502   	
1.885e-05   	207.61   	17.7666   	
1.89e-05   	207.762   	17.5141   	
1.895e-05   	207.789   	17.4458   	
1.9e-05   	207.754   	18.0659   	
1.905e-05   	208.223   	18.4421   	
1.91e-05   	208.044   	18.7974   	
1.915e-05   	208.282   	19.0816   	
1.92e-05   	208.068   	19.4053   	
1.925e-05   	208.184   	18.8469   	
1.93e-05   	208.475   	18.7334   	
1.935e-05   	208.412   	18.7803   	
1.94e-05   	208.124   	19.0486   	
1.945e-05   	208.35   	19.2757   	
1.95e-05   	208.569   	19.2113   	
1.955e-05   	208.645   	19.3854   	
1.96e-05   	208.592   	19.6901   	
1.965e-05   	208.6   	19.5935   	
1.97e-05   	209.012   	19.3536   	
1.975e-05   	209.56   	19.1704   	
1.98e-05   	209.844   	19.21   	
1.985e-05   	210.043   	19.0784   	
1.99e-05   	210.209   	18.8586   	
1.995e-05   	210.166   	19.3361   	
2e-05   	210.429   	19.4006   	
2.005e-05   	210.455   	19.52   	
2.01e-05   	210.811   	19.3969   	
2.015e-05   	211.15   	19.7421   	
2.02e-05   	211.221   	19.9321   	
2.025e-05   	211.285   	20.2035   	
2.03e-05   	211.48   	20.2939   	
2.035e-05   	211.683   	19.7588   	
2.04e-05   	211.95   	19.8335   	
2.045e-05   	212.308   	20.0072   	
2.05e-05   	212.253   	19.7977   	
2.055e-05   	212.51   	19.7345   	
2.06e-05   	212.159   	19.7214   	
2.065e-05   	212.683   	19.8007   	
2.07e-05   	212.628   	20.0808   	
2.075e-05   	212.891   	20.3076   	
2.08e-05   	213.227   	20.2723   	
2.085e-05   	213.486   	20.0604   	
2.09e-05   	213.429   	19.8355   	
2.095e-05   	213.411   	19.7103   	
2.1e-05   	213.259   	19.7545   	
2.105e-05   	213.244   	19.8355   	
2.11e-05   	212.831   	19.5397   	
2.115e-05   	212.816   	19.5843   	
2.12e-05   	212.796   	19.5801   	
2.125e-05   	212.936   	19.322   	
2.13e-05   	213.288   	19.4645   	
2.135e-05   	213.268   	19.5388   	
2.14e-05   	213.072   	19.0669   	
2.145e-05   	213.381   	18.9877   	
2.15e-05   	213.472   	18.9552   	
2.155e-05   	213.103   	19.101   	
2.16e-05   	213.493   	19.335   	
2.165e-05   	213.263   	19.3179   	
2.17e-05   	213.381   	19.0086   	
2.175e-05   	213.34   	19.2646   	
2.18e-05   	213.531   	19.0152   	
2.185e-05   	213.475   	19.0119   	
2.19e-05   	213.42   	18.9365   	
2.195e-05   	213.324   	19.04   	
2.2e-05   	213.129   	19.3895   	
2.205e-05   	213.343   	19.3885   	
2.21e-05   	213.536   	19.1034   	
2.215e-05   	214.211   	19.2063   	
2.22e-05   	214.437   	19.1642   	
2.225e-05   	214.446   	19.3955   	
2.23e-05   	214.366   	19.8785   	
2.235e-05   	214.706   	19.779   	
2.24e-05   	214.854   	19.8982   	
2.245e-05   	214.873   	19.6018   	
2.25e-05   	215.004   	19.732   	
2.255e-05   	215.161   	19.8017   	
2.26e-05   	215.476   	20.201   	
2.265e-05   	215.71   	19.6447   	
2.27e-05   	215.924   	19.6977   	
2.275e-05   	216.075   	19.7734   	
2.28e-05   	216.471   	19.6874   	
2.285e-05   	216.39   	19.6906   	
2.29e-05   	216.538   	19.9168   	
2.295e-05   	216.602   	20.1438   	
2.3e-05   	216.68   	20.3077   	
2.305e-05   	216.935   	20.5766   	
2.31e-05   	216.992   	21.143   	
2.315e-05   	216.928   	20.4358   	
2.32e-05   	217.052   	20.5353   	
2.325e-05   	217.324   	20.4166   	
2.33e-05   	216.989   	20.5442   	
2.335e-05   	217.292   	20.7813   	
2.34e-05   	217.569   	20.6253   	
2.345e-05   	217.583   	21.084   	
2.35e-05   	217.767   	20.9753   	
2.355e-05   	217.653   	21.1072   	
2.36e-05   	218.014   	20.5909   	
2.365e-05   	218.482   	20.609   	
2.37e-05   	218.645   	20.8583   	
2.375e-05   	219.15   	20.737   	
2.38e-05   	219.251   	20.0813   	
2.385e-05   	219.256   	20.8058   	
2.39e-05   	219.571   	20.5875   	
2.395e-05   	219.653   	20.845   	
2.4e-05   	219.889   	20.9133   	
2.405e-05   	220.101   	21.0338   	
2.41e-05   	220.698   	20.8751   	
2.415e-05   	220.564   	21.3245   	
2.42e-05   	220.966   	21.4814   	
2.425e-05   	221.224   	20.8908   	
2.43e-05   	221.371   	20.7357   	
2.435e-05   	221.698   	20.5484   	
2.44e-05   	221.809   	20.8575   	
2.445e-05   	221.983   	20.8059   	
2.45e-05   	221.692   	20.2786   	
2.455e-05   	222.188   	20.4459   	
2.46e-05   	222.417   	20.8746   	
2.465e-05   	222.459   	21.2119   	
2.47e-05   	223.034   	21.0296   	
2.475e-05   	222.937   	20.9417   	
2.48e-05   	223.225   	20.6523   	
2.485e-05   	223.095   	20.4016   	
2.49e-05   	223.219   	20.3109   	
2.495e-05   	223.337   	20.3611   	
2.5e-05   	222.943   	20.1842   	
2.505e-05   	223.006   	19.875   	
2.51e-05   	222.841   	20.1034   	
2.515e-05   	223.322   	19.6331   	
2.52e-05   	223.383   	19.5122   	
2.525e-05   	223.786   	19.6218   	
2.53e-05   	223.887   	19.4307   	
2.535e-05   	224.033   	19.4461   	
2.54e-05   	224.126   	19.0725   	
2.545e-05   	224.011   	19.1873   	
2.55e-05   	224.109   	19.2849   	
2.555e-05   	224.235   	19.3896   	
2.56e-05   	224.226   	19.108   	
2.565e-05   	224.042   	19.3559   	
2.57e-05   	224.394   	19.0057   	
2.575e-05   	224.109   	19.3061   	
2.58e-05   	224.386   	19.0685   	
2.585e-05   	224.197   	18.9544   	
2.59e-05   	224.223   	19.2729   	
2.595e-05   	224.322   	19.2032   	
2.6e-05   	224.462   	19.1006   	
2.605e-05   	224.994   	18.9616   	
2.61e-05   	225.516   	18.8954   	
2.615e-05   	225.491   	19.0635   	
2.62e-05   	225.579   	19.6491   	
2.625e-05   	225.867   	19.7671   	
2.63e-05   	226.126   	19.7936   	
2.635e-05   	226.029   	19.3979   	
2.64e-05   	226.058   	19.5738   	
2.645e-05   	226.483   	19.3901   	
2.65e-05   	226.567   	19.6979   	
2.655e-05   	227.012   	19.5564   	
2.66e-05   	227.098   	19.4176   	
2.665e-05   	227.343   	19.3306   	
2.67e-05   	227.728   	19.2659   	
2.675e-05   	227.852   	19.046   	
2.68e-05   	227.92   	19.3737   	
2.685e-05   	227.706   	19.965   	
2.69e-05   	227.955   	20.2632   	
2.695e-05   	228.125   	20.1076   	
2.7e-05   	228.157   	20.4962   	
2.705e-05   	228.24   	20.1949   	
2.71e-05   	228.42   	20.1228   	
2.715e-05   	228.602   	19.9248   	
2.72e-05   	228.465   	20.0343   	
2.725e-05   	228.601   	20.5573   	
2.73e-05   	228.929   	20.2464   	
2.735e-05   	228.905   	20.5615   	
2.74e-05   	229.203   	20.4316   	
2.745e-05   	229.211   	20.7161   	
2.75e-05   	229.262   	20.0997   	
2.755e-05   	229.765   	19.915   	
2.76e-05   	230.159   	20.1221   	
2.765e-05   	230.644   	20.2265   	
2.77e-05   	230.765   	19.7125   	
2.775e-05   	230.709   	19.9935   	
2.78e-05   	231.074   	19.9775   	
2.785e-05   	230.985   	20.0496   	
2.79e-05   	231.346   	20.164   	
2.795e-05   	231.592   	20.2819   	
2.8e-05   	231.958   	20.3603   	
2.805e-05   	231.932   	20.8199   	
2.81e-05   	232.135   	20.9684   	
2.815e-05   	232.437   	20.7805   	
2.82e-05   	232.602   	20.3537   	
2.825e-05   	233.024   	20.3051   	
2.83e-05   	233.095   	20.5258   	
2.835e-05   	233.504   	20.4886   	
2.84e-05   	233.222   	19.9628   	
2.845e-05   	233.459   	20.0982   	
2.85e-05   	233.855   	20.5084   	
2.855e-05   	233.931   	20.7469   	
2.86e-05   	234.306   	20.6428   	
2.865e-05   	234.327   	20.6761   	
2.87e-05   	234.811   	20.3362   	
2.875e-05   	234.563   	20.123   	
2.88e-05   	234.661   	20.1633   	
2.885e-05   	234.577   	20.3077   	
2.89e-05   	234.54   	20.2892   	
2.895e-05   	234.238   	19.9955   	
2.9e-05   	234.284   	20.2134   	
2.905e-05   	234.722   	19.6768   	
2.91e-05   	234.898   	19.7835   	
2.915e-05   	235.209   	19.815   	
2.92e-05   	235.441   	19.9922   	
2.925e-05   	235.306   	19.5844   	
2.93e-05   	235.468   	19.2733   	
2.935e-05   	235.446   	19.1955   	
2.94e-05   	235.586   	19.3892   	
2.945e-05   	235.648   	19.6083   	
2.95e-05   	235.552   	19.3995   	
2.955e-05   	235.663   	19.3179   	
2.96e-05   	235.624   	19.2331   	
2.965e-05   	235.667   	18.9068   	
2.97e-05   	235.838   	19.0968   	
2.975e-05   	235.855   	18.7761   	
2.98e-05   	235.636   	18.9815   	
2.985e-05   	235.601   	18.8977   	
2.99e-05   	235.912   	18.813   	
2.995e-05   	236.365   	18.5809   	
3e-05   	236.933   	18.5408   	
3.005e-05   	236.787   	18.6149   	
3.01e-05   	237.054   	19.0057   	
3.015e-05   	237.152   	18.9664   	
3.02e-05   	237.485   	19.0018   	
3.025e-05   	237.438   	18.958   	
3.03e-05   	237.6   	18.849   	
3.035e-05   	237.845   	18.9215   	
3.04e-05   	238.034   	19.1413   	
3.045e-05   	238.297   	18.9959   	
3.05e-05   	238.478   	18.8172   	
3.055e-05   	238.625   	18.597   	
3.06e-05   	239.138   	18.7463   	
3.065e-05   	239.178   	18.5341   	
3.07e-05   	239.23   	18.6212   	
3.075e-05   	239.056   	19.1056   	
3.08e-05   	239.507   	19.2918   	
3.085e-05   	239.611   	19.4896   	
3.09e-05   	239.771   	19.5987   	
3.095e-05   	239.688   	19.7762   	
3.1e-05   	239.735   	19.4339   	
3.105e-05   	240.033   	19.1348   	
3.11e-05   	240.202   	19.2421   	
3.115e-05   	239.998   	19.2875   	
3.12e-05   	240.189   	19.5949   	
3.125e-05   	240.433   	19.6715   	
3.13e-05   	240.544   	19.6576   	
3.135e-05   	240.554   	19.7932   	
3.14e-05   	240.505   	19.1815   	
3.145e-05   	241.15   	19.103   	
3.15e-05   	241.477   	19.1753   	
3.155e-05   	241.931   	19.2346   	
3.16e-05   	242.107   	18.9766   	
3.165e-05   	242.296   	19.033   	
3.17e-05   	242.456   	19.3116   	
3.175e-05   	242.385   	19.3286   	
3.18e-05   	242.728   	19.477   	
3.185e-05   	242.811   	19.5806   	
3.19e-05   	243.305   	19.8181   	
3.195e-05   	243.319   	20.1676   	
3.2e-05   	243.583   	20.2857   	
3.205e-05   	243.69   	20.3729   	
3.21e-05   	243.988   	19.7111   	
3.215e-05   	244.338   	19.8814   	
3.22e-05   	244.631   	20.2449   	
3.225e-05   	244.893   	19.9437   	
3.23e-05   	244.84   	19.6677   	
3.235e-05   	244.765   	19.5664   	
3.24e-05   	245.191   	19.9227   	
3.245e-05   	245.29   	20.2846   	
3.25e-05   	245.517   	20.2141   	
3.255e-05   	245.752   	20.1689   	
3.26e-05   	246.107   	19.7666   	
3.265e-05   	245.984   	19.9043   	
3.27e-05   	246.159   	19.8761   	
3.275e-05   	246.141   	20.0047   	
3.28e-05   	246.056   	20.0706   	
3.285e-05   	245.72   	19.8104   	
3.29e-05   	245.846   	20.072   	
3.295e-05   	245.966   	19.8813   	
3.3e-05   	246.287   	19.8074   	
3.305e-05   	246.547   	20.0368   	
3.31e-05   	246.794   	19.8805   	
3.315e-05   	246.621   	19.4853   	
3.32e-05   	246.829   	19.156   	
3.325e-05   	246.965   	19.2864   	
3.33e-05   	246.954   	19.1495   	
3.335e-05   	247.149   	19.618   	
3.34e-05   	247.095   	19.5904   	
3.345e-05   	247.068   	19.4159   	
3.35e-05   	247.113   	19.5078   	
3.355e-05   	247.062   	19.1955   	
3.36e-05   	247.293   	19.1554   	
3.365e-05   	247.208   	18.9628   	
3.37e-05   	247.054   	19.0957   	
3.375e-05   	246.992   	19.2248   	
3.38e-05   	247.262   	19.138   	
3.385e-05   	247.683   	18.9837   	
3.39e-05   	248.265   	19.0508   	
3.395e-05   	248.287   	19.0612   	
3.4e-05   	248.471   	19.3371   	
3.405e-05   	248.646   	19.6495   	
3.41e-05   	248.782   	19.5949   	
3.415e-05   	249.087   	19.8511   	
3.42e-05   	248.976   	19.5471   	
3.425e-05   	249.243   	19.6329   	
3.43e-05   	249.272   	19.7552   	
3.435e-05   	249.695   	19.802   	
3.44e-05   	249.854   	19.4708   	
3.445e-05   	250.204   	19.5855   	
3.45e-05   	250.461   	19.8947   	
3.455e-05   	250.723   	19.5196   	
3.46e-05   	250.669   	19.6035   	
3.465e-05   	250.553   	20.002   	
3.47e-05   	251.057   	20.304   	
3.475e-05   	250.854   	20.5033   	
3.48e-05   	251.268   	20.7315   	
3.485e-05   	251.174   	21.3866   	
3.49e-05   	251.229   	20.8911   	
3.495e-05   	251.441   	20.7232   	
3.5e-05   	251.502   	20.7017   	
3.505e-05   	251.23   	20.8956   	
3.51e-05   	251.603   	21.0324   	
3.515e-05   	251.951   	20.8161   	
3.52e-05   	251.992   	21.1892   	
3.525e-05   	252.078   	21.2351   	
3.53e-05   	251.992   	20.9275   	
3.535e-05   	252.316   	20.5531   	
3.54e-05   	252.911   	20.5931   	
3.545e-05   	253.118   	20.8966   	
3.55e-05   	253.422   	21.118   	
3.555e-05   	253.607   	20.8028   	
3.56e-05   	253.627   	21.2539   	
3.565e-05   	253.88   	21.1435   	
3.57e-05   	254.099   	21.3535   	
3.575e-05   	254.337   	21.401   	
3.58e-05   	254.571   	21.7955   	
3.585e-05   	254.919   	21.9067   	
3.59e-05   	254.944   	22.3634   	
3.595e-05   	255.223   	22.3411   	
3.6e-05   	255.461   	21.8142   	
3.605e-05   	255.783   	21.9793   	
3.61e-05   	256.098   	21.9748   	
3.615e-05   	256.095   	21.8073   	
3.62e-05   	256.438   	21.7374   	
3.625e-05   	256.031   	21.523   	
3.63e-05   	256.638   	21.7743   	
3.635e-05   	256.648   	22.2889   	
3.64e-05   	256.968   	22.2423   	
3.645e-05   	257.258   	22.3332   	
3.65e-05   	257.446   	22.3871   	
3.655e-05   	257.471   	22.1181   	
3.66e-05   	257.488   	22.242   	
3.665e-05   	257.585   	22.4033   	
3.67e-05   	257.53   	22.6242   	
3.675e-05   	257.231   	22.348   	
3.68e-05   	257.29   	22.412   	
3.685e-05   	257.273   	22.3451   	
3.69e-05   	257.766   	21.8659   	
3.695e-05   	257.954   	22.1051   	
3.7e-05   	258.068   	22.2838   	
3.705e-05   	257.992   	22.1893   	
3.71e-05   	258.404   	22.0708   	
3.715e-05   	258.491   	22.1518   	
3.72e-05   	258.223   	22.3027   	
3.725e-05   	258.455   	22.4601   	
3.73e-05   	258.479   	22.449   	
3.735e-05   	258.561   	22.0834   	
3.74e-05   	258.42   	22.436   	
3.745e-05   	258.666   	22.2452   	
3.75e-05   	258.579   	22.1816   	
3.755e-05   	258.592   	22.0834   	
3.76e-05   	258.456   	21.9399   	
3.765e-05   	258.482   	22.1195   	
3.77e-05   	258.644   	21.9991   	
3.775e-05   	258.842   	21.896   	
3.78e-05   	259.51   	21.9797   	
3.785e-05   	259.812   	21.5237   	
3.79e-05   	259.831   	21.9182   	
3.795e-05   	259.754   	22.2191   	
3.8e-05   	260.165   	22.2404   	
3.805e-05   	260.312   	22.4413   	
3.81e-05   	260.536   	22.1874   	
3.815e-05   	260.504   	22.2158   	
3.82e-05   	260.777   	22.0377   	
3.825e-05   	260.994   	22.3778   	
3.83e-05   	261.335   	21.8951   	
3.835e-05   	261.51   	21.7032   	
3.84e-05   	261.653   	21.8646   	
3.845e-05   	262.103   	21.6526   	
3.85e-05   	262.137   	21.5137   	
3.855e-05   	262.196   	21.9562   	
3.86e-05   	262.23   	22.0428   	
3.865e-05   	262.449   	22.2987   	
3.87e-05   	262.686   	22.4153   	
3.875e-05   	262.699   	22.8654   	
3.88e-05   	262.511   	22.3549   	
3.885e-05   	262.802   	22.3461   	
3.89e-05   	263   	22.3139   	
3.895e-05   	262.708   	22.3049   	
3.9e-05   	262.994   	22.4685   	
3.905e-05   	263.335   	22.3273   	
3.91e-05   	263.303   	22.6786   	
3.915e-05   	263.533   	22.5825   	
3.92e-05   	263.46   	22.481   	
3.925e-05   	263.685   	21.9459   	
3.93e-05   	264.207   	21.5851   	
3.935e-05   	264.344   	22.1365   	
3.94e-05   	264.898   	22.1316   	
3.945e-05   	264.955   	22.1371   	
3.95e-05   	265.028   	22.3805   	
3.955e-05   	265.306   	22.3459   	
3.96e-05   	265.364   	22.6717   	
3.965e-05   	265.629   	22.8283   	
3.97e-05   	265.849   	22.9061   	
3.975e-05   	266.384   	22.8744   	
3.98e-05   	266.277   	23.4808   	
3.985e-05   	266.606   	23.5258   	
3.99e-05   	266.982   	23.0523   	
3.995e-05   	266.971   	22.879   	
4e-05   	267.409   	22.8943   	
4.005e-05   	267.46   	23.0872   	
4.01e-05   	267.746   	22.9709   	
4.015e-05   	267.428   	22.6801   	
4.02e-05   	267.821   	22.7514   	
4.025e-05   	268.104   	23.1342   	
4.03e-05   	268.151   	23.3637   	
4.035e-05   	268.771   	23.0685   	
4.04e-05   	268.631   	23.2058   	
4.045e-05   	269.07   	22.9157   	
4.05e-05   	268.812   	22.7235   	
4.055e-05   	269.098   	22.7612   	
4.06e-05   	268.986   	23.0121   	
4.065e-05   	268.685   	22.7459   	
4.07e-05   	268.811   	22.8597   	
4.075e-05   	268.639   	22.6764   	
4.08e-05   	268.991   	22.2511   	
4.085e-05   	269.052   	22.4484   	
4.09e-05   	269.546   	22.7692   	
4.095e-05   	269.606   	22.8743   	
4.1e-05   	269.727   	22.7634   	
4.105e-05   	269.793   	22.5304   	
4.11e-05   	269.874   	22.8461   	
4.115e-05   	269.844   	22.676   	
4.12e-05   	269.941   	22.9015   	
4.125e-05   	269.879   	22.7473   	
4.13e-05   	269.779   	22.7749   	
4.135e-05   	270.081   	22.686   	
4.14e-05   	269.89   	22.6746   	
4.145e-05   	270.133   	22.4684   	
4.15e-05   	269.884   	22.549   	
4.155e-05   	269.899   	22.4858   	
4.16e-05   	269.975   	22.4446   	
4.165e-05   	270.212   	22.3324   	
4.17e-05   	270.727   	22.1408   	
4.175e-05   	271.392   	21.9314   	
4.18e-05   	271.218   	21.8037   	
4.185e-05   	271.36   	22.2306   	
4.19e-05   	271.548   	22.2532   	
4.195e-05   	271.891   	22.4394   	
4.2e-05   	271.674   	22.2278   	
4.205e-05   	271.764   	22.1013   	
4.21e-05   	272.238   	22.054   	
4.215e-05   	272.377   	22.3714   	
4.22e-05   	272.75   	22.0175   	
4.225e-05   	272.919   	21.8441   	
4.23e-05   	273.132   	21.9627   	
4.235e-05   	273.4   	21.8621   	
4.24e-05   	273.558   	21.8068   	
4.245e-05   	273.704   	22.0317   	
4.25e-05   	273.438   	22.5818   	
4.255e-05   	273.683   	22.866   	
4.26e-05   	273.836   	22.7909   	
4.265e-05   	273.946   	23.1361   	
4.27e-05   	273.974   	22.8476   	
4.275e-05   	274.06   	22.7052   	
4.28e-05   	274.376   	22.5351   	
4.285e-05   	274.237   	22.692   	
4.29e-05   	274.364   	23.0265   	
4.295e-05   	274.641   	22.7244   	
4.3e-05   	274.68   	23.1595   	
4.305e-05   	274.902   	23.2401   	
4.31e-05   	274.927   	23.1449   	
4.315e-05   	274.948   	22.8547   	
4.32e-05   	275.455   	22.4339   	
4.325e-05   	275.919   	22.7498   	
4.33e-05   	276.27   	22.9544   	
4.335e-05   	276.509   	22.8963   	
4.34e-05   	276.435   	23.165   	
4.345e-05   	276.766   	23.6112   	
4.35e-05   	276.723   	23.6927   	
4.355e-05   	277.115   	23.896   	
4.36e-05   	277.252   	24.0621   	
4.365e-05   	277.65   	24.0935   	
4.37e-05   	277.668   	24.5984   	
4.375e-05   	277.854   	24.5875   	
4.38e-05   	278.112   	24.4874   	
4.385e-05   	278.355   	23.9448   	
4.39e-05   	278.74   	23.9528   	
4.395e-05   	278.838   	24.3562   	
4.4e-05   	279.269   	24.3111   	
4.405e-05   	279.031   	23.8348   	
4.41e-05   	279.235   	24.0235   	
4.415e-05   	279.642   	24.4173   	
4.42e-05   	279.628   	24.5395   	
4.425e-05   	280.024   	24.3318   	
4.43e-05   	280.012   	24.2257   	
4.435e-05   	280.584   	23.5843   	
4.44e-05   	280.26   	23.5144   	
4.445e-05   	280.423   	23.6732   	
4.45e-05   	280.397   	23.7302   	
4.455e-05   	280.345   	23.5888   	
4.46e-05   	279.965   	23.6282   	
4.465e-05   	280.043   	23.806   	
4.47e-05   	280.462   	23.3882   	
4.475e-05   	280.593   	23.35   	
4.48e-05   	280.886   	23.6216   	
4.485e-05   	281.165   	23.7159   	
4.49e-05   	281.09   	23.349   	
4.495e-05   	281.142   	23.101   	
4.5e-05   	281.234   	23.1765   	
4.505e-05   	281.349   	23.0527   	
4.51e-05   	281.369   	23.313   	
4.515e-05   	281.368   	23.2513   	
4.52e-05   	281.393   	23.3165   	
4.525e-05   	281.412   	23.3767   	
4.53e-05   	281.53   	23.1542   	
4.535e-05   	281.577   	23.2097   	
4.54e-05   	281.657   	23.1255   	
4.545e-05   	281.334   	23.1024   	
4.55e-05   	281.366   	22.9009   	
4.555e-05   	281.552   	22.6626   	
4.56e-05   	282.022   	22.6759   	
4.565e-05   	282.596   	22.6521   	
4.57e-05   	282.622   	22.6358   	
4.575e-05   	282.737   	22.9745   	
4.58e-05   	282.847   	23.1487   	
4.585e-05   	283.285   	23.1477   	
4.59e-05   	283.315   	23.2836   	
4.595e-05   	283.197   	23.097   	
4.6e-05   	283.62   	22.7792   	
4.605e-05   	283.69   	23.0966   	
4.61e-05   	284.03   	22.8524   	
4.615e-05   	284.197   	22.71   	
4.62e-05   	284.327   	22.7899   	
4.625e-05   	284.73   	22.8432   	
4.63e-05   	284.952   	22.3603   	
4.635e-05   	284.927   	22.4498   	
4.64e-05   	284.752   	22.9718   	
4.645e-05   	285.268   	23.1272   	
4.65e-05   	285.255   	23.4471   	
4.655e-05   	285.48   	23.5458   	
4.66e-05   	285.46   	23.7055   	
4.665e-05   	285.471   	23.2944   	
4.67e-05   	285.798   	23.0713   	
4.675e-05   	285.843   	23.1833   	
4.68e-05   	285.579   	23.1733   	
4.685e-05   	285.898   	23.4488   	
4.69e-05   	286.2   	23.4617   	
4.695e-05   	286.275   	23.6642   	
4.7e-05   	286.247   	23.6136   	
4.705e-05   	286.294   	23.2406   	
4.71e-05   	286.911   	23.0507   	
4.715e-05   	287.235   	23.0434   	
4.72e-05   	287.513   	23.275   	
4.725e-05   	287.815   	23.0976   	
4.73e-05   	288.002   	23.3354   	
4.735e-05   	288.075   	23.8707   	
4.74e-05   	288.057   	23.7452   	
4.745e-05   	288.464   	23.9366   	
4.75e-05   	288.62   	24.3106   	
4.755e-05   	289.044   	24.3615   	
4.76e-05   	289.108   	24.7107   	
4.765e-05   	289.376   	24.7311   	
4.77e-05   	289.482   	24.8698   	
4.775e-05   	289.73   	24.0203   	
4.78e-05   	290.107   	24.3206   	
4.785e-05   	290.429   	24.5915   	
4.79e-05   	290.578   	24.3413   	
4.795e-05   	290.564   	24.3935   	
4.8e-05   	290.465   	24.1616   	
4.805e-05   	290.948   	24.5373   	
4.81e-05   	290.986   	24.8015   	
4.815e-05   	291.253   	24.8917   	
4.82e-05   	291.477   	24.3936   	
4.825e-05   	291.83   	23.7464   	
4.83e-05   	291.776   	23.3635   	
4.835e-05   	291.848   	23.3358   	
4.84e-05   	291.846   	23.5236   	
4.845e-05   	291.783   	23.4867   	
4.85e-05   	291.487   	23.3403   	
4.855e-05   	291.566   	23.5034   	
4.86e-05   	291.665   	23.2688   	
4.865e-05   	291.883   	23.0056   	
4.87e-05   	292.324   	23.1602   	
4.875e-05   	292.483   	23.2242   	
4.88e-05   	292.309   	22.9689   	
4.885e-05   	292.551   	22.6743   	
4.89e-05   	292.755   	22.7825   	
4.895e-05   	292.601   	22.5579   	
4.9e-05   	292.846   	22.6632   	
4.905e-05   	292.794   	22.9025   	
4.91e-05   	292.822   	23.0484   	
4.915e-05   	292.798   	22.9629   	
4.92e-05   	292.885   	23.0314   	
4.925e-05   	293.038   	22.7603   	
4.93e-05   	292.904   	22.8892   	
4.935e-05   	292.826   	22.8929   	
4.94e-05   	292.607   	22.7816   	
4.945e-05   	293.09   	22.7368   	
4.95e-05   	293.33   	22.48   	
4.955e-05   	293.988   	22.4984   	
4.96e-05   	293.98   	22.24   	
4.965e-05   	294.253   	22.3286   	
4.97e-05   	294.29   	22.6621   	
4.975e-05   	294.495   	22.4785   	
4.98e-05   	294.764   	22.8512   	
4.985e-05   	294.691   	22.6767   	
4.99e-05   	294.883   	22.4733   	
4.995e-05   	294.899   	22.4909   	
5e-05   	295.399   	22.4825   	
5.005e-05   	295.609   	22.0848   	
5.01e-05   	295.955   	22.143   	
5.015e-05   	296.017   	22.1211   	
5.02e-05   	296.452   	21.7395   	
5.025e-05   	296.426   	21.5414   	
5.03e-05   	296.376   	21.8386   	
5.035e-05   	296.78   	21.8208   	
5.04e-05   	296.535   	22.0943   	
5.045e-05   	297.015   	22.0142   	
5.05e-05   	296.934   	22.601   	
5.055e-05   	296.982   	21.9798   	
5.06e-05   	297.142   	21.8369   	
5.065e-05   	297.274   	21.8472   	
5.07e-05   	296.94   	22.0614   	
5.075e-05   	297.341   	22.2328   	
5.08e-05   	297.535   	21.9509   	
5.085e-05   	297.689   	22.5069   	
5.09e-05   	297.892   	22.491   	
5.095e-05   	297.712   	22.2743   	
5.1e-05   	298.001   	21.8958   	
5.105e-05   	298.597   	21.8153   	
5.11e-05   	298.814   	22.0322   	
5.115e-05   	299.149   	22.1254   	
5.12e-05   	299.239   	22.1664   	
5.125e-05   	299.426   	22.8703   	
5.13e-05   	299.62   	22.7065   	
5.135e-05   	299.844   	22.985   	
5.14e-05   	300.078   	23.1052   	
5.145e-05   	300.255   	23.3363   	
5.15e-05   	300.641   	23.3359   	
5.155e-05   	300.582   	23.5765   	
5.16e-05   	300.962   	23.7596   	
5.165e-05   	301.23   	23.2099   	
5.17e-05   	301.478   	23.1158   	
5.175e-05   	301.719   	22.9386   	
5.18e-05   	301.83   	23.0901   	
5.185e-05   	302.181   	23.2761   	
5.19e-05   	301.756   	22.8579   	
5.195e-05   	302.309   	23.0996   	
5.2e-05   	302.406   	23.356   	
5.205e-05   	302.649   	23.7074   	
5.21e-05   	303.072   	23.151   	
5.215e-05   	303.151   	23.003   	
5.22e-05   	303.187   	22.5806   	
5.225e-05   	303.163   	22.5588   	
5.23e-05   	303.211   	22.5427   	
5.235e-05   	303.306   	22.675   	
5.24e-05   	303.039   	22.5141   	
5.245e-05   	303.11   	22.4459   	
5.25e-05   	302.953   	22.7378   	
5.255e-05   	303.376   	21.987   	
5.26e-05   	303.63   	21.9842   	
5.265e-05   	303.802   	22.2274   	
5.27e-05   	303.779   	22.0483   	
5.275e-05   	304.152   	21.8439   	
5.28e-05   	304.124   	21.6834   	
5.285e-05   	303.954   	21.3521   	
5.29e-05   	304.155   	21.3436   	
5.295e-05   	304.227   	21.5134   	
5.3e-05   	304.293   	21.5852   	
5.305e-05   	304.05   	21.8671   	
5.31e-05   	304.421   	22.031   	
5.315e-05   	304.239   	22.0194   	
5.32e-05   	304.392   	22.053   	
5.325e-05   	304.234   	21.9209   	
5.33e-05   	304.21   	22.0565   	
5.335e-05   	304.367   	21.9157   	
5.34e-05   	304.454   	21.8119   	
5.345e-05   	305.208   	21.7971   	
5.35e-05   	305.579   	21.2903   	
5.355e-05   	305.498   	21.4107   	
5.36e-05   	305.495   	21.8843   	
5.365e-05   	305.846   	21.9197   	
5.37e-05   	306.034   	22.2579   	
5.375e-05   	306.166   	22.3871   	
5.38e-05   	306.251   	22.1455   	
5.385e-05   	306.486   	21.8963   	
5.39e-05   	306.71   	22.2631   	
5.395e-05   	306.975   	21.9814   	
5.4e-05   	307.221   	21.6671   	
5.405e-05   	307.353   	21.7414   	
5.41e-05   	307.78   	21.6129   	
5.415e-05   	307.82   	21.2121   	
5.42e-05   	307.913   	21.4621   	
5.425e-05   	307.885   	21.7158   	
5.43e-05   	308.068   	21.942   	
5.435e-05   	308.305   	21.8215   	
5.44e-05   	308.357   	22.2216   	
5.445e-05   	308.215   	22.1048   	
5.45e-05   	308.547   	21.8638   	
5.455e-05   	308.552   	21.679   	
5.46e-05   	308.48   	21.9028   	
5.465e-05   	308.677   	22.1721   	
5.47e-05   	309.086   	21.9573   	
5.475e-05   	309.025   	22.4061   	
5.48e-05   	309.297   	22.3527   	
5.485e-05   	309.251   	22.2491   	
5.49e-05   	309.392   	21.9558   	
5.495e-05   	309.928   	21.5405   	
5.5e-05   	310.181   	21.9551   	
5.505e-05   	310.712   	22.0615   	
5.51e-05   	310.736   	22.1341   	
5.515e-05   	310.776   	22.4416   	
5.52e-05   	311.034   	22.6009   	
5.525e-05   	311.039   	22.8721   	
5.53e-05   	311.358   	23.1489   	
5.535e-05   	311.558   	23.2915   	
5.54e-05   	312.096   	23.3135   	
5.545e-05   	311.98   	23.5742   	
5.55e-05   	312.261   	23.8181   	
5.555e-05   	312.701   	23.5321   	
5.56e-05   	312.616   	23.2342   	
5.565e-05   	313.13   	23.2471   	
5.57e-05   	313.108   	23.4068   	
5.575e-05   	313.492   	23.3319   	
5.58e-05   	313.232   	23.051   	
5.585e-05   	313.563   	23.2463   	
5.59e-05   	313.879   	23.4511   	
5.595e-05   	313.901   	23.7146   	
5.6e-05   	314.447   	23.3233   	
5.605e-05   	314.403   	23.3883   	
5.61e-05   	314.81   	22.8116   	
5.615e-05   	314.444   	22.8615   	
5.62e-05   	314.785   	22.9002   	
5.625e-05   	314.717   	22.6658   	
5.63e-05   	314.445   	22.7911   	
5.635e-05   	314.44   	22.8906   	
5.64e-05   	314.375   	23.1514   	
5.645e-05   	314.756   	22.5933   	
5.65e-05   	314.88   	22.3609   	
5.655e-05   	315.212   	22.6508   	
5.66e-05   	315.442   	22.6984   	
5.665e-05   	315.405   	22.6076   	
5.67e-05   	315.453   	22.1871   	
5.675e-05   	315.494   	22.1082   	
5.68e-05   	315.569   	21.9929   	
5.685e-05   	315.741   	22.2683   	
5.69e-05   	315.637   	22.3316   	
5.695e-05   	315.523   	22.6194   	
5.7e-05   	315.827   	22.5206   	
5.705e-05   	315.588   	22.5633   	
5.71e-05   	315.84   	22.7096   	
5.715e-05   	315.695   	22.6514   	
5.72e-05   	315.653   	22.3706   	
5.725e-05   	315.696   	22.1865   	
5.73e-05   	315.901   	22.2613   	
5.735e-05   	316.415   	22.2537   	
5.74e-05   	317.093   	22.1357   	
5.745e-05   	316.925   	21.9239   	
5.75e-05   	317.077   	22.3877   	
5.755e-05   	317.288   	22.2621   	
5.76e-05   	317.562   	22.2837   	
5.765e-05   	317.411   	22.6759   	
5.77e-05   	317.558   	22.5721   	
5.775e-05   	317.812   	22.4945   	
5.78e-05   	318.109   	22.8759   	
5.785e-05   	318.437   	22.5433   	
5.79e-05   	318.641   	22.3969   	
5.795e-05   	318.835   	22.3111   	
5.8e-05   	319.159   	22.4017   	
5.805e-05   	319.207   	22.1096   	
5.81e-05   	319.38   	22.1972   	
5.815e-05   	319.141   	22.4145   	
5.82e-05   	319.463   	22.4151   	
5.825e-05   	319.638   	22.5475   	
5.83e-05   	319.713   	22.9929   	
5.835e-05   	319.636   	23.3411   	
5.84e-05   	319.753   	23.2473   	
5.845e-05   	320.194   	22.8491   	
5.85e-05   	320.111   	23.0143   	
5.855e-05   	320.112   	23.108   	
5.86e-05   	320.328   	23.0898   	
5.865e-05   	320.448   	23.3302   	
5.87e-05   	320.631   	23.4039   	
5.875e-05   	320.614   	23.4009   	
5.88e-05   	320.637   	23.2697   	
5.885e-05   	321.287   	22.8325   	
5.89e-05   	321.715   	23.1549   	
5.895e-05   	322.011   	23.3566   	
5.9e-05   	322.26   	23.2207   	
5.905e-05   	322.221   	23.5997   	
5.91e-05   	322.474   	23.9053   	
5.915e-05   	322.53   	24.0156   	
5.92e-05   	322.901   	24.185   	
5.925e-05   	322.98   	24.337   	
5.93e-05   	323.405   	24.4815   	
5.935e-05   	323.349   	24.587   	
5.94e-05   	323.551   	24.8735   	
5.945e-05   	323.865   	24.8634   	
5.95e-05   	324.086   	24.4691   	
5.955e-05   	324.397   	24.4016   	
5.96e-05   	324.649   	24.5748   	
5.965e-05   	325.014   	24.4446   	
5.97e-05   	324.832   	23.8607   	
5.975e-05   	324.921   	23.7506   	
5.98e-05   	325.405   	24.0916   	
5.985e-05   	325.365   	24.435   	
5.99e-05   	325.733   	24.6405   	
5.995e-05   	325.714   	24.1265   	
6e-05   	326.222   	23.7618   	
6.005e-05   	326.106   	23.6933   	
6.01e-05   	326.127   	23.7138   	
6.015e-05   	326.104   	23.4653   	
6.02e-05   	326.067   	23.4498   	
6.025e-05   	325.814   	23.4475   	
6.03e-05   	325.798   	23.6699   	
6.035e-05   	326.109   	23.292   	
6.04e-05   	326.339   	22.9077   	
6.045e-05   	326.605   	23.0435   	
6.05e-05   	326.817   	22.8944   	
6.055e-05   	326.763   	22.9524   	
6.06e-05   	326.834   	22.8037   	
6.065e-05   	326.943   	22.7154   	
6.07e-05   	326.998   	22.2617   	
6.075e-05   	327.04   	22.6082   	
6.08e-05   	327.168   	22.9022   	
6.085e-05   	327.117   	23.1541   	
6.09e-05   	327.117   	23.1644   	
6.095e-05   	327.164   	23.121   	
6.1e-05   	327.309   	23.1464   	
6.105e-05   	327.42   	23.3202   	
6.11e-05   	327.008   	23.3122   	
6.115e-05   	327.013   	22.9874   	
6.12e-05   	327.208   	22.7573   	
6.125e-05   	327.783   	22.4842   	
6.13e-05   	328.259   	22.6601   	
6.135e-05   	328.333   	22.6163   	
6.14e-05   	328.507   	22.7646   	
6.145e-05   	328.674   	23.0572   	
6.15e-05   	328.937   	22.8405   	
6.155e-05   	329.158   	23.1652   	
6.16e-05   	329.042   	23.1391   	
6.165e-05   	329.27   	23.0018   	
6.17e-05   	329.391   	23.0128   	
6.175e-05   	329.727   	23.0231   	
6.18e-05   	329.946   	22.8686   	
6.185e-05   	330.156   	22.9505   	
6.19e-05   	330.531   	23.0119   	
6.195e-05   	330.698   	22.6249   	
6.2e-05   	330.649   	22.7704   	
6.205e-05   	330.544   	22.8611   	
6.21e-05   	331.086   	22.6465   	
6.215e-05   	330.984   	22.9916   	
6.22e-05   	331.26   	23.2496   	
6.225e-05   	331.18   	23.6565   	
6.23e-05   	331.185   	23.221   	
6.235e-05   	331.511   	23.0698   	
6.24e-05   	331.543   	23.359   	
6.245e-05   	331.391   	23.0603   	
6.25e-05   	331.642   	23.351   	
6.255e-05   	331.934   	22.9925   	
6.26e-05   	331.982   	23.4475   	
6.265e-05   	331.965   	23.4877   	
6.27e-05   	332.055   	23.4309   	
6.275e-05   	332.608   	22.7904   	
6.28e-05   	332.962   	23.0843   	
6.285e-05   	333.287   	23.4153   	
6.29e-05   	333.603   	23.0048   	
6.295e-05   	333.738   	23.0511   	
6.3e-05   	333.729   	23.4299   	
6.305e-05   	333.874   	23.3007   	
6.31e-05   	334.157   	23.3831   	
6.315e-05   	334.384   	23.6918   	
6.32e-05   	334.817   	23.8277   	
6.325e-05   	334.893   	24.0666   	
6.33e-05   	335.034   	24.1794   	
6.335e-05   	335.281   	24.3541   	
6.34e-05   	335.473   	23.3455   	
6.345e-05   	335.825   	23.3601   	
6.35e-05   	336.162   	23.328   	
6.355e-05   	336.174   	23.3708   	
6.36e-05   	336.423   	23.0486   	
6.365e-05   	336.146   	22.8259   	
6.37e-05   	336.693   	23.0132   	
6.375e-05   	336.651   	23.2644   	
6.38e-05   	336.952   	23.567   	
6.385e-05   	337.289   	22.9895   	
6.39e-05   	337.476   	22.8782   	
6.395e-05   	337.565   	22.8409   	
6.4e-05   	337.561   	23.0862   	
6.405e-05   	337.549   	22.8473   	
6.41e-05   	337.502   	22.6124   	
6.415e-05   	337.197   	22.5814   	
6.42e-05   	337.289   	22.7214   	
6.425e-05   	337.391   	22.7445   	
6.43e-05   	337.655   	21.9716   	
6.435e-05   	338.052   	22.0584   	
6.44e-05   	338.183   	22.0331   	
6.445e-05   	338.094   	21.9877   	
6.45e-05   	338.273   	21.8612   	
6.455e-05   	338.47   	21.9096   	
6.46e-05   	338.35   	21.6382   	
6.465e-05   	338.569   	21.8055   	
6.47e-05   	338.488   	22.0363   	
6.475e-05   	338.617   	22.4339   	
6.48e-05   	338.491   	22.4539   	
6.485e-05   	338.702   	22.7475   	
6.49e-05   	338.779   	22.4648   	
6.495e-05   	338.661   	22.8932   	
6.5e-05   	338.541   	23.0863   	
6.505e-05   	338.455   	22.7357   	
6.51e-05   	338.707   	22.3786   	
6.515e-05   	338.963   	22.2582   	
6.52e-05   	339.713   	22.4419   	
6.525e-05   	339.797   	22.4006   	
6.53e-05   	339.959   	22.755   	
6.535e-05   	339.869   	23.1327   	
6.54e-05   	340.296   	22.9856   	
6.545e-05   	340.435   	22.9995   	
6.55e-05   	340.4   	23.1952   	
6.555e-05   	340.606   	23.2675   	
6.56e-05   	340.711   	23.0544   	
6.565e-05   	341.127   	23.2277   	
6.57e-05   	341.326   	22.6291   	
6.575e-05   	341.659   	22.5796   	
6.58e-05   	341.772   	22.749   	
6.585e-05   	342.184   	22.7126   	
6.59e-05   	342.205   	22.7876   	
6.595e-05   	342.14   	22.9588   	
6.6e-05   	342.405   	22.8124   	
6.605e-05   	342.29   	22.4301   	
6.61e-05   	342.663   	22.2682   	
6.615e-05   	342.688   	23.0397   	
6.62e-05   	342.629   	22.5692   	
6.625e-05   	342.928   	22.4942   	
6.63e-05   	343.092   	22.7791   	
6.635e-05   	342.696   	22.773   	
6.64e-05   	343.058   	22.8978   	
6.645e-05   	343.296   	22.5962   	
6.65e-05   	343.409   	23.0655   	
6.655e-05   	343.542   	22.9635   	
6.66e-05   	343.462   	22.9461   	
6.665e-05   	343.737   	22.5592   	
6.67e-05   	344.311   	22.5846   	
6.675e-05   	344.485   	23.088   	
6.68e-05   	344.96   	22.9994   	
6.685e-05   	344.986   	22.8293   	
6.69e-05   	345.164   	22.8631   	
6.695e-05   	345.317   	22.7283   	
6.7e-05   	345.482   	22.79   	
6.705e-05   	345.742   	23.1085   	
6.71e-05   	345.948   	23.0605   	
6.715e-05   	346.408   	23.1265   	
6.72e-05   	346.329   	23.3787   	
6.725e-05   	346.764   	23.5479   	
6.73e-05   	347.012   	22.8735   	
6.735e-05   	347.13   	22.6832   	
6.74e-05   	347.499   	22.6307   	
6.745e-05   	347.581   	22.6844   	
6.75e-05   	347.799   	22.6966   	
6.755e-05   	347.46   	22.0777   	
6.76e-05   	348.013   	22.3973   	
6.765e-05   	348.195   	22.7824   	
6.77e-05   	348.306   	23.3106   	
6.775e-05   	348.806   	22.8554   	
6.78e-05   	348.805   	23.2211   	
6.785e-05   	348.952   	23.0043   	
6.79e-05   	348.807   	22.9888   	
6.795e-05   	348.936   	23.0904   	
6.8e-05   	349.121   	22.7812   	
6.805e-05   	348.783   	22.763   	
6.81e-05   	348.775   	22.9331   	
6.815e-05   	348.6   	23.1913   	
6.82e-05   	349.075   	22.7329   	
6.825e-05   	349.264   	22.2899   	
6.83e-05   	349.575   	22.5179   	
6.835e-05   	349.508   	22.407   	
6.84e-05   	349.845   	22.072   	
6.845e-05   	349.892   	21.8701   	
6.85e-05   	349.805   	21.5014   	
6.855e-05   	349.885   	21.442   	
6.86e-05   	349.998   	21.8543   	
6.865e-05   	349.963   	22.2073   	
6.87e-05   	349.68   	22.1643   	
6.875e-05   	350.098   	22.3731   	
6.88e-05   	349.93   	22.1783   	
6.885e-05   	350.145   	22.3595   	
6.89e-05   	350.028   	22.4018   	
6.895e-05   	349.886   	22.1038   	
6.9e-05   	350.094   	21.7923   	
6.905e-05   	350.224   	21.7771   	
6.91e-05   	350.898   	21.9641   	
6.915e-05   	351.331   	21.7424   	
6.92e-05   	351.181   	21.9184   	
6.925e-05   	351.32   	22.2172   	
6.93e-05   	351.58   	22.278   	
6.935e-05   	351.865   	22.325   	
6.94e-05   	351.867   	22.5751   	
6.945e-05   	351.932   	22.6806   	
6.95e-05   	352.243   	22.6265   	
6.955e-05   	352.326   	22.9141   	
6.96e-05   	352.706   	22.6693   	
6.965e-05   	352.925   	22.5462   	
6.97e-05   	353.131   	22.8432   	
6.975e-05   	353.492   	23.0803   	
6.98e-05   	353.631   	22.9651   	
6.985e-05   	353.715   	22.7084   	
6.99e-05   	353.613   	22.8766   	
6.995e-05   	353.789   	22.7673   	
7e-05   	353.929   	22.4373   	
7.005e-05   	353.96   	22.9169   	
7.01e-05   	353.855   	22.8582   	
7.015e-05   	354.29   	22.9981   	
7.02e-05   	354.352   	23.1871   	
7.025e-05   	354.284   	23.3258   	
7.03e-05   	354.349   	23.5213   	
7.035e-05   	354.8   	22.9607   	
7.04e-05   	354.76   	23.4257   	
7.045e-05   	355.03   	23.2438   	
7.05e-05   	355.026   	23.23   	
7.055e-05   	355.108   	23.1579   	
7.06e-05   	355.623   	22.8343   	
7.065e-05   	355.971   	23.179   	
7.07e-05   	356.359   	23.2777   	
7.075e-05   	356.552   	22.9496   	
7.08e-05   	356.509   	22.7371   	
7.085e-05   	356.823   	22.5308   	
7.09e-05   	356.763   	22.7386   	
7.095e-05   	357.054   	23.1871   	
7.1e-05   	357.336   	22.8738   	
7.105e-05   	357.747   	23.0114   	
7.11e-05   	357.744   	23.0936   	
7.115e-05   	357.976   	23.3083   	
7.12e-05   	358.341   	22.704   	
7.125e-05   	358.38   	22.2274   	
7.13e-05   	358.84   	22.2164   	
7.135e-05   	358.838   	22.2939   	
7.14e-05   	359.248   	22.2765   	
7.145e-05   	358.974   	21.826   	
7.15e-05   	359.241   	21.9731   	
7.155e-05   	359.574   	22.1906   	
7.16e-05   	359.731   	22.4463   	
7.165e-05   	360.112   	22.5036   	
7.17e-05   	360.156   	22.5895   	
7.175e-05   	360.572   	22.3812   	
7.18e-05   	360.256   	22.3304   	
7.185e-05   	360.463   	22.4526   	
7.19e-05   	360.407   	22.3184   	
7.195e-05   	360.24   	22.3897   	
7.2e-05   	360.143   	22.247   	
7.205e-05   	360.143   	22.4918   	
7.21e-05   	360.566   	22.3928   	
7.215e-05   	360.654   	21.7453   	
7.22e-05   	360.91   	21.9902   	
7.225e-05   	361.221   	21.8044   	
7.23e-05   	361.139   	21.3703   	
7.235e-05   	361.259   	21.1865   	
7.24e-05   	361.211   	20.9075   	
7.245e-05   	361.31   	20.7849   	
7.25e-05   	361.433   	20.9511   	
7.255e-05   	361.34   	21.0135   	
7.26e-05   	361.405   	21.1847   	
7.265e-05   	361.461   	21.3537   	
7.27e-05   	361.409   	21.1244   	
7.275e-05   	361.573   	21.3795   	
7.28e-05   	361.554   	21.941   	
7.285e-05   	361.455   	21.555   	
7.29e-05   	361.452   	21.2788   	
7.295e-05   	361.669   	21.3545   	
7.3e-05   	362.087   	21.2931   	
7.305e-05   	362.805   	21.664   	
7.31e-05   	362.645   	21.5765   	
7.315e-05   	362.781   	21.8155   	
7.32e-05   	362.905   	21.637   	
7.325e-05   	363.339   	21.3563   	
7.33e-05   	363.215   	21.6864   	
7.335e-05   	363.293   	21.9457   	
7.34e-05   	363.658   	21.8416   	
7.345e-05   	363.84   	21.8913   	
7.35e-05   	364.145   	21.5637   	
7.355e-05   	364.304   	21.491   	
7.36e-05   	364.454   	21.6467   	
7.365e-05   	364.908   	22.2605   	
7.37e-05   	364.994   	21.7647   	
7.375e-05   	365.055   	21.6197   	
7.38e-05   	364.838   	21.4135   	
7.385e-05   	365.312   	21.2326   	
7.39e-05   	365.378   	21.0123   	
7.395e-05   	365.492   	21.1255   	
7.4e-05   	365.397   	21.1479   	
7.405e-05   	365.527   	21.2058   	
7.41e-05   	365.896   	21.1165   	
7.415e-05   	365.856   	21.4476   	
7.42e-05   	365.828   	21.3028   	
7.425e-05   	366.046   	21.3942   	
7.43e-05   	366.15   	21.7541   	
7.435e-05   	366.271   	21.693   	
7.44e-05   	366.358   	21.7407   	
7.445e-05   	366.352   	21.715   	
7.45e-05   	366.956   	21.3693   	
7.455e-05   	367.348   	21.8992   	
7.46e-05   	367.73   	21.8154   	
7.465e-05   	368.074   	21.5267   	
7.47e-05   	367.993   	21.3442   	
7.475e-05   	368.159   	21.1729   	
7.48e-05   	368.213   	21.2901   	
7.485e-05   	368.612   	21.3391   	
7.49e-05   	368.685   	21.8034   	
7.495e-05   	369.075   	21.7511   	
7.5e-05   	369.082   	21.5409   	
7.505e-05   	369.255   	21.8183   	
7.51e-05   	369.638   	21.5447   	
7.515e-05   	369.792   	20.7199   	
7.52e-05   	370.156   	20.9929   	
7.525e-05   	370.352   	21.1893   	
7.53e-05   	370.668   	21.3487   	
7.535e-05   	370.608   	20.8263   	
7.54e-05   	370.643   	20.7128   	
7.545e-05   	371.12   	20.4647   	
7.55e-05   	371.112   	20.831   	
7.555e-05   	371.429   	20.8421   	
7.56e-05   	371.465   	20.8142   	
7.565e-05   	371.915   	20.9876   	
7.57e-05   	371.809   	21.0975   	
7.575e-05   	371.884   	21.1621   	
7.58e-05   	371.847   	21.0244   	
7.585e-05   	371.771   	21.0503   	
7.59e-05   	371.511   	20.9594   	
7.595e-05   	371.579   	21.346   	
7.6e-05   	371.795   	21.3689   	
7.605e-05   	372.048   	20.9685   	
7.61e-05   	372.367   	21.2551   	
7.615e-05   	372.528   	20.6621   	
7.62e-05   	372.463   	20.5895   	
7.625e-05   	372.637   	20.2876   	
7.63e-05   	372.705   	20.1642   	
7.635e-05   	372.697   	19.8736   	
7.64e-05   	372.853   	20.2827   	
7.645e-05   	372.929   	20.5672   	
7.65e-05   	372.852   	20.6373   	
7.655e-05   	372.888   	20.7343   	
7.66e-05   	372.88   	20.444   	
7.665e-05   	372.99   	20.4047   	
7.67e-05   	372.998   	21.0308   	
7.675e-05   	372.716   	21.0999   	
7.68e-05   	372.759   	20.9852   	
7.685e-05   	372.973   	21.0569   	
7.69e-05   	373.461   	20.8356   	
7.695e-05   	374.015   	21.1853   	
7.7e-05   	374.08   	21.1016   	
7.705e-05   	374.295   	21.2955   	
7.71e-05   	374.391   	21.7358   	
7.715e-05   	374.638   	21.3493   	
7.72e-05   	374.885   	21.4305   	
7.725e-05   	374.767   	21.773   	
7.73e-05   	374.922   	21.7812   	
7.735e-05   	375.036   	21.605   	
7.74e-05   	375.481   	21.4362   	
7.745e-05   	375.663   	21.0308   	
7.75e-05   	375.951   	21.3179   	
7.755e-05   	376.215   	21.7441   	
7.76e-05   	376.453   	21.37   	
7.765e-05   	376.409   	21.4608   	
7.77e-05   	376.396   	21.2577   	
7.775e-05   	376.841   	21.039   	
7.78e-05   	376.707   	20.798   	
7.785e-05   	377.045   	20.8435   	
7.79e-05   	376.772   	20.9138   	
7.795e-05   	376.956   	20.8215   	
7.8e-05   	377.255   	20.3086   	
7.805e-05   	377.261   	20.7393   	
7.81e-05   	377.026   	20.5203   	
7.815e-05   	377.329   	20.5586   	
7.82e-05   	377.708   	20.4485   	
7.825e-05   	377.74   	20.7627   	
7.83e-05   	377.761   	20.7602   	
7.835e-05   	377.817   	20.7001   	
7.84e-05   	378.225   	20.292   	
7.845e-05   	378.748   	20.9109   	
7.85e-05   	378.995   	21.0141   	
7.855e-05   	379.218   	20.818   	
7.86e-05   	379.431   	20.799   	
7.865e-05   	379.434   	20.4153   	
7.87e-05   	379.723   	20.5849   	
7.875e-05   	379.783   	20.8125   	
7.88e-05   	380.157   	21.1675   	
7.885e-05   	380.515   	21.1581   	
7.89e-05   	380.624   	21.2453   	
7.895e-05   	380.747   	21.3636   	
7.9e-05   	380.952   	21.4454   	
7.905e-05   	381.217   	20.9176   	
7.91e-05   	381.539   	20.8544   	
7.915e-05   	381.947   	21.1083   	
7.92e-05   	381.847   	21.1611   	
7.925e-05   	382.191   	20.9452   	
7.93e-05   	381.898   	20.7621   	
7.935e-05   	382.444   	20.5001   	
7.94e-05   	382.395   	20.2958   	
7.945e-05   	382.685   	20.4435   	
7.95e-05   	382.99   	20.358   	
7.955e-05   	383.265   	20.7572   	
7.96e-05   	383.218   	20.6538   	
7.965e-05   	383.234   	20.9831   	
7.97e-05   	383.244   	21.0092   	
7.975e-05   	383.339   	20.5521   	
7.98e-05   	383.021   	20.5336   	
7.985e-05   	383.093   	20.8662   	
7.99e-05   	383.09   	20.9817   	
7.995e-05   	383.416   	20.9853   	
8e-05   	383.814   	20.7779   	
8.005e-05   	383.906   	20.5098   	
8.01e-05   	383.754   	20.3266   	
8.015e-05   	384.101   	20.0209   	
8.02e-05   	384.284   	20.1409   	
8.025e-05   	383.986   	19.7839   	
8.03e-05   	384.361   	19.996   	
8.035e-05   	384.186   	20.0291   	
8.04e-05   	384.34   	19.9069   	
8.045e-05   	384.251   	20.3199   	
8.05e-05   	384.455   	20.1546   	
8.055e-05   	384.395   	19.6787   	
8.06e-05   	384.383   	20.1856   	
8.065e-05   	384.23   	20.3653   	
8.07e-05   	384.166   	20.1974   	
8.075e-05   	384.399   	20.1754   	
8.08e-05   	384.605   	19.8247   	
8.085e-05   	385.332   	20.5375   	
8.09e-05   	385.567   	20.3339   	
8.095e-05   	385.625   	20.63   	
8.1e-05   	385.596   	20.8599   	
8.105e-05   	386.007   	20.7048   	
8.11e-05   	386.146   	20.9568   	
8.115e-05   	386.214   	21.3145   	
8.12e-05   	386.36   	21.7265   	
8.125e-05   	386.502   	21.333   	
8.13e-05   	386.838   	21.5406   	
8.135e-05   	387.054   	21.3051   	
8.14e-05   	387.336   	21.2696   	
8.145e-05   	387.524   	21.0717   	
8.15e-05   	387.921   	21.4147   	
8.155e-05   	387.846   	20.947   	
8.16e-05   	387.975   	20.486   	
8.165e-05   	388.018   	20.5214   	
8.17e-05   	388.122   	19.9348   	
8.175e-05   	388.411   	19.6486   	
8.18e-05   	388.517   	19.5241   	
8.185e-05   	388.406   	19.7158   	
8.19e-05   	388.529   	19.2929   	
8.195e-05   	388.795   	19.4858   	
8.2e-05   	388.47   	19.379   	
8.205e-05   	388.788   	19.1874   	
8.21e-05   	389.035   	19.3096   	
8.215e-05   	389.109   	19.6802   	
8.22e-05   	389.295   	19.7752   	
8.225e-05   	389.178   	19.6816   	
8.23e-05   	389.529   	19.7641   	
8.235e-05   	390.013   	19.8112   	
8.24e-05   	390.174   	19.9156   	
8.245e-05   	390.664   	19.9967   	
8.25e-05   	390.762   	20.2521   	
8.255e-05   	390.787   	19.683   	
8.26e-05   	391.083   	19.479   	
8.265e-05   	391.132   	19.8901   	
8.27e-05   	391.42   	20.275   	
8.275e-05   	391.615   	20.0332   	
8.28e-05   	392.202   	19.6461   	
8.285e-05   	392.062   	19.8543   	
8.29e-05   	392.482   	19.8063   	
8.295e-05   	392.757   	19.5146   	
8.3e-05   	392.876   	19.1366   	
8.305e-05   	393.18   	19.3381   	
8.31e-05   	393.291   	19.3091   	
8.315e-05   	393.475   	19.3791   	
8.32e-05   	393.222   	19.0558   	
8.325e-05   	393.693   	18.9776   	
8.33e-05   	393.914   	18.8482   	
8.335e-05   	393.942   	18.779   	
8.34e-05   	394.587   	18.4865   	
8.345e-05   	394.464   	18.7939   	
8.35e-05   	394.704   	18.7797   	
8.355e-05   	394.604   	19.0403   	
8.36e-05   	394.781   	19.4935   	
8.365e-05   	394.819   	19.2798   	
8.37e-05   	394.471   	19.1441   	
8.375e-05   	394.514   	19.6079   	
8.38e-05   	394.342   	19.9642   	
8.385e-05   	394.852   	20.0189   	
8.39e-05   	394.894   	19.5921   	
8.395e-05   	395.31   	19.5194   	
8.4e-05   	395.37   	19.3318   	
8.405e-05   	395.543   	18.987   	
8.41e-05   	395.623   	18.9705   	
8.415e-05   	395.5   	18.7949   	
8.42e-05   	395.662   	18.7521   	
8.425e-05   	395.755   	18.8456   	
8.43e-05   	395.714   	18.5608   	
8.435e-05   	395.524   	18.5859   	
8.44e-05   	395.923   	18.5288   	
8.445e-05   	395.607   	18.3578   	
8.45e-05   	395.883   	18.5393   	
8.455e-05   	395.724   	18.841   	
8.46e-05   	395.742   	18.7202   	
8.465e-05   	395.84   	18.7836   	
8.47e-05   	395.969   	18.4482   	
8.475e-05   	396.531   	18.7315   	
8.48e-05   	397.089   	18.8464   	
8.485e-05   	397.002   	19.0492   	
8.49e-05   	397.065   	19.389   	
8.495e-05   	397.39   	19.6457   	
8.5e-05   	397.651   	19.7913   	
8.505e-05   	397.549   	19.9497   	
8.51e-05   	397.552   	20.1686   	
8.515e-05   	398.032   	19.844   	
8.52e-05   	398.076   	19.9024   	
8.525e-05   	398.532   	19.628   	
8.53e-05   	398.598   	19.5555   	
8.535e-05   	398.858   	19.4913   	
8.54e-05   	399.265   	19.8412   	
8.545e-05   	399.336   	19.3533   	
8.55e-05   	399.428   	18.9573   	
8.555e-05   	399.203   	18.9161   	
8.56e-05   	399.467   	19.0507   	
8.565e-05   	399.641   	18.5383   	
8.57e-05   	399.64   	18.2823   	
8.575e-05   	399.745   	18.4631   	
8.58e-05   	399.96   	18.6557   	
8.585e-05   	400.103   	18.5184   	
8.59e-05   	399.995   	18.5886   	
8.595e-05   	400.127   	18.1447   	
8.6e-05   	400.47   	18.103   	
8.605e-05   	400.413   	18.6205   	
8.61e-05   	400.719   	18.8597   	
8.615e-05   	400.711   	18.6681   	
8.62e-05   	400.763   	18.7993   	
8.625e-05   	401.262   	18.5611   	
8.63e-05   	401.684   	18.8294   	
8.635e-05   	402.159   	19.0032   	
8.64e-05   	402.268   	19.3523   	
8.645e-05   	402.229   	18.8545   	
8.65e-05   	402.622   	18.3577   	
8.655e-05   	402.494   	18.5767   	
8.66e-05   	402.882   	19.0417   	
8.665e-05   	403.088   	18.9826   	
8.67e-05   	403.491   	18.9372   	
8.675e-05   	403.439   	18.7099   	
8.68e-05   	403.672   	18.9802   	
8.685e-05   	403.918   	18.959   	
8.69e-05   	404.121   	18.5551   	
8.695e-05   	404.549   	18.7007   	
8.7e-05   	404.61   	18.578   	
8.705e-05   	404.992   	18.6561   	
8.71e-05   	404.701   	18.4081   	
8.715e-05   	404.967   	18.2992   	
8.72e-05   	405.369   	18.0048   	
8.725e-05   	405.438   	17.8437   	
8.73e-05   	405.808   	17.3452   	
8.735e-05   	405.831   	17.4078   	
8.74e-05   	406.335   	17.6288   	
8.745e-05   	406.042   	17.8967   	
8.75e-05   	406.167   	18.0807   	
8.755e-05   	406.109   	17.84   	
8.76e-05   	406.032   	17.9875   	
8.765e-05   	405.761   	18.3507   	
8.77e-05   	405.778   	19.0997   	
8.775e-05   	406.273   	19.2312   	
8.78e-05   	406.403   	19.0183   	
8.785e-05   	406.695   	18.916   	
8.79e-05   	406.94   	18.6774   	
8.795e-05   	406.829   	18.4226   	
8.8e-05   	406.997   	18.2958   	
8.805e-05   	406.942   	18.4678   	
8.81e-05   	407.078   	18.2919   	
8.815e-05   	407.182   	18.5568   	
8.82e-05   	407.078   	18.382   	
8.825e-05   	407.171   	18.2673   	
8.83e-05   	407.173   	18.118   	
8.835e-05   	407.228   	17.9672   	
8.84e-05   	407.372   	18.1079   	
8.845e-05   	407.332   	18.5121   	
8.85e-05   	407.149   	18.5793   	
8.855e-05   	407.132   	18.2557   	
8.86e-05   	407.435   	18.163   	
8.865e-05   	407.854   	18.2308   	
8.87e-05   	408.43   	18.6486   	
8.875e-05   	408.29   	18.563   	
8.88e-05   	408.555   	18.9476   	
8.885e-05   	408.639   	18.9066   	
8.89e-05   	408.988   	18.972   	
8.895e-05   	408.973   	19.1443   	
8.9e-05   	409.102   	19.7894   	
8.905e-05   	409.363   	19.35   	
8.91e-05   	409.546   	19.4029   	
8.915e-05   	409.811   	19.3309   	
8.92e-05   	410.017   	19.383   	
8.925e-05   	410.133   	19.372   	
8.93e-05   	410.623   	19.6411   	
8.935e-05   	410.717   	19.1733   	
8.94e-05   	410.746   	18.9881   	
8.945e-05   	410.578   	18.7182   	
8.95e-05   	411.006   	18.2432   	
8.955e-05   	411.12   	17.6148   	
8.96e-05   	411.279   	17.3915   	
8.965e-05   	411.179   	17.3593   	
8.97e-05   	411.215   	17.9247   	
8.975e-05   	411.561   	17.7697   	
8.98e-05   	411.722   	17.6429   	
8.985e-05   	411.451   	17.382   	
8.99e-05   	411.674   	17.3713   	
8.995e-05   	411.964   	17.8507   	
9e-05   	412.063   	18.1746   	
9.005e-05   	412.056   	17.9038   	
9.01e-05   	412.026   	17.7795   	
9.015e-05   	412.703   	17.6527   	
9.02e-05   	412.962   	18.1476   	
9.025e-05   	413.443   	18.2255   	
9.03e-05   	413.647   	18.7883   	
9.035e-05   	413.8   	18.7854   	
9.04e-05   	413.957   	18.3175   	
9.045e-05   	413.876   	18.2289   	
9.05e-05   	414.268   	18.2401   	
9.055e-05   	414.332   	18.4888   	
9.06e-05   	414.839   	18.4801   	
9.065e-05   	414.812   	18.0449   	
9.07e-05   	415.075   	18.0727   	
9.075e-05   	415.208   	18.4069   	
9.08e-05   	415.48   	18.1838   	
9.085e-05   	415.849   	18.2821   	
9.09e-05   	416.179   	18.3207   	
9.095e-05   	416.405   	18.1105   	
9.1e-05   	416.38   	17.9459   	
9.105e-05   	416.238   	17.8718   	
9.11e-05   	416.729   	17.5275   	
9.115e-05   	416.801   	17.0854   	
9.12e-05   	417.048   	16.764   	
9.125e-05   	417.23   	16.4017   	
9.13e-05   	417.618   	16.6225   	
9.135e-05   	417.532   	16.691   	
9.14e-05   	417.668   	17.2854   	
9.145e-05   	417.656   	17.2488   	
9.15e-05   	417.578   	17.1683   	
9.155e-05   	417.225   	17.7129   	
9.16e-05   	417.369   	18.1545   	
9.165e-05   	417.45   	18.4498   	
9.17e-05   	417.77   	18.5432   	
9.175e-05   	418.061   	18.5128   	
9.18e-05   	418.3   	18.1476   	
9.185e-05   	418.139   	18.0832   	
9.19e-05   	418.345   	18.0878   	
9.195e-05   	418.489   	18.4216   	
9.2e-05   	418.456   	17.8537   	
9.205e-05   	418.643   	17.9899   	
9.21e-05   	418.617   	18.0247   	
9.215e-05   	418.571   	17.7415   	
9.22e-05   	418.594   	17.6578   	
9.225e-05   	418.55   	17.4853   	
9.23e-05   	418.803   	17.4043   	
9.235e-05   	418.708   	17.7503   	
9.24e-05   	418.554   	17.846   	
9.245e-05   	418.553   	17.6614   	
9.25e-05   	418.74   	17.7709   	
9.255e-05   	419.21   	17.574   	
9.26e-05   	419.817   	17.843   	
9.265e-05   	419.845   	17.4914   	
9.27e-05   	420.015   	17.8338   	
9.275e-05   	420.157   	17.8753   	
9.28e-05   	420.347   	18.0077   	
9.285e-05   	420.595   	18.0387   	
9.29e-05   	420.484   	18.6533   	
9.295e-05   	420.783   	18.4724   	
9.3e-05   	420.811   	18.1706   	
9.305e-05   	421.226   	18.4095   	
9.31e-05   	421.397   	18.0674   	
9.315e-05   	421.719   	18.2067   	
9.32e-05   	422.008   	18.0254   	
9.325e-05   	422.242   	18.1654   	
9.33e-05   	422.194   	17.9261   	
9.335e-05   	422.078   	17.5014   	
9.34e-05   	422.585   	17.3017   	
9.345e-05   	422.365   	16.5413   	
9.35e-05   	422.779   	16.3594   	
9.355e-05   	422.693   	16.0584   	
9.36e-05   	422.747   	16.3439   	
9.365e-05   	422.966   	16.0211   	
9.37e-05   	423.026   	16.0812   	
9.375e-05   	422.789   	15.9735   	
9.38e-05   	423.114   	15.9263   	
9.385e-05   	423.462   	16.4968   	
9.39e-05   	423.514   	16.8999   	
9.395e-05   	423.611   	16.9396   	
9.4e-05   	423.534   	16.876   	
9.405e-05   	423.803   	16.5944   	
9.41e-05   	424.416   	17.0522   	
9.415e-05   	424.635   	17.269   	
9.42e-05   	424.951   	17.5551   	
9.425e-05   	425.134   	17.7362   	
9.43e-05   	425.155   	17.3965   	
9.435e-05   	425.441   	16.8995   	
9.44e-05   	425.577   	17.106   	
9.445e-05   	425.906   	17.1679   	
9.45e-05   	426.164   	17.3186   	
9.455e-05   	426.455   	16.8111   	
9.46e-05   	426.51   	16.8154   	
9.465e-05   	426.738   	17.1004   	
9.47e-05   	427.06   	16.8699   	
9.475e-05   	427.351   	16.9175   	
9.48e-05   	427.669   	17.0782   	
9.485e-05   	427.797   	16.8634   	
9.49e-05   	428.15   	16.8723   	
9.495e-05   	427.775   	16.8888   	
9.5e-05   	428.326   	16.7546   	
9.505e-05   	428.341   	16.6222   	
9.51e-05   	428.647   	16.0727   	
9.515e-05   	428.929   	15.5227   	
9.52e-05   	429.158   	15.7699   	
9.525e-05   	429.15   	15.5503   	
9.53e-05   	429.204   	16.1614   	
9.535e-05   	429.297   	16.5864   	
9.54e-05   	429.219   	16.5514   	
9.545e-05   	428.98   	17.0306   	
9.55e-05   	428.997   	17.256   	
9.555e-05   	429.013   	17.6131   	
9.56e-05   	429.436   	18.0691   	
9.565e-05   	429.634   	17.7446   	
9.57e-05   	429.749   	17.9054   	
9.575e-05   	429.681   	18.0181   	
9.58e-05   	430.076   	17.9838   	
9.585e-05   	430.153   	18.3499   	
9.59e-05   	429.919   	17.9734   	
9.595e-05   	430.145   	17.5983   	
9.6e-05   	430.146   	17.5459   	
9.605e-05   	430.251   	17.5873   	
9.61e-05   	430.138   	17.5777   	
9.615e-05   	430.414   	17.5946   	
9.62e-05   	430.281   	17.2011   	
9.625e-05   	430.272   	17.391   	
9.63e-05   	430.183   	17.4175   	
9.635e-05   	430.179   	17.1785   	
9.64e-05   	430.357   	17.1204   	
9.645e-05   	430.524   	17.0237   	
9.65e-05   	431.184   	17.4005   	
9.655e-05   	431.522   	16.9673   	
9.66e-05   	431.543   	17.1624   	
9.665e-05   	431.464   	17.3643   	
9.67e-05   	431.86   	17.6084   	
9.675e-05   	432.056   	17.5966   	
9.68e-05   	432.213   	17.9214   	
9.685e-05   	432.197   	17.84   	
9.69e-05   	432.437   	17.3945   	
9.695e-05   	432.663   	17.5324   	
9.7e-05   	432.989   	17.3952   	
9.705e-05   	433.195   	17.3807   	
9.71e-05   	433.357   	17.1181   	
9.715e-05   	433.859   	17.3747   	
9.72e-05   	433.861   	17.1408   	
9.725e-05   	433.928   	16.8648   	
9.73e-05   	433.976   	16.2337   	
9.735e-05   	434.23   	16.0577   	
9.74e-05   	434.45   	16.0894   	
9.745e-05   	434.556   	15.5756   	
9.75e-05   	434.398   	15.7022   	
9.755e-05   	434.639   	15.769   	
9.76e-05   	434.849   	15.6209   	
9.765e-05   	434.52   	15.8943   	
9.77e-05   	434.865   	15.7401   	
9.775e-05   	435.216   	16.048   	
9.78e-05   	435.138   	16.5247   	
9.785e-05   	435.369   	16.8313   	
9.79e-05   	435.306   	16.5574   	
9.795e-05   	435.563   	16.6431   	
9.8e-05   	436.048   	16.3893   	
9.805e-05   	436.21   	16.5737   	
9.81e-05   	436.744   	16.6796   	
9.815e-05   	436.795   	16.8854   	
9.82e-05   	436.824   	16.6563   	
9.825e-05   	437.122   	16.2145   	
9.83e-05   	437.223   	16.4838   	
9.835e-05   	437.483   	16.607   	
9.84e-05   	437.7   	16.5261   	
9.845e-05   	438.237   	16.6817   	
9.85e-05   	438.137   	16.5023   	
9.855e-05   	438.509   	16.9233   	
9.86e-05   	438.852   	16.8966   	
9.865e-05   	438.923   	16.8182   	
9.87e-05   	439.275   	17.0876   	
9.875e-05   	439.405   	16.8063   	
9.88e-05   	439.66   	16.7412   	
9.885e-05   	439.379   	16.7971   	
9.89e-05   	439.842   	16.7346   	
9.895e-05   	440.105   	16.5047   	
9.9e-05   	440.168   	16.3319   	
9.905e-05   	440.786   	15.5726   	
9.91e-05   	440.661   	15.6493   	
9.915e-05   	441.107   	15.7904   	
9.92e-05   	440.802   	16.3331   	
9.925e-05   	441.112   	16.6774   	
9.93e-05   	441.056   	16.5948   	
9.935e-05   	440.744   	16.7341   	
9.94e-05   	440.886   	16.9195   	
9.945e-05   	440.682   	17.2761   	
9.95e-05   	441.069   	17.8218   	
9.955e-05   	441.154   	17.8184   	
9.96e-05   	441.646   	17.9534   	
9.965e-05   	441.701   	17.7631   	
9.97e-05   	441.861   	17.6182   	
9.975e-05   	441.963   	17.8306   	
9.98e-05   	441.98   	17.5401   	
9.985e-05   	441.957   	17.4076   	
9.99e-05   	442.039   	17.1929   	
9.995e-05   	441.992   	17.3433   	
0.0001   	441.883   	17.1918   	
0.00010005   	442.19   	17.2702   	
0.0001001   	441.993   	16.6199   	
0.00010015   	442.255   	16.9065   	
0.0001002   	442.051   	16.9136   	
0.00010025   	442.053   	16.6407   	
0.0001003   	442.183   	16.6575   	
0.00010035   	442.429   	16.5851   	
0.0001004   	442.963   	16.6973   	
0.00010045   	443.596   	16.616   	
0.0001005   	443.478   	16.4772   	
0.00010055   	443.607   	16.4447   	
0.0001006   	443.765   	16.8509   	
0.00010065   	444.11   	17.1605   	
0.0001007   	443.91   	17.4382   	
0.00010075   	443.994   	17.3676   	
0.0001008   	444.448   	17.2595   	
0.00010085   	444.59   	16.9157   	
0.0001009   	444.932   	16.9508   	
0.00010095   	445.164   	16.77   	
0.000101   	445.371   	16.7129   	
0.00010105   	445.652   	16.6674   	
0.0001011   	445.811   	16.4685   	
0.00010115   	445.976   	16.4897   	
0.0001012   	445.718   	15.983   	
0.00010125   	446.007   	16.1512   	
0.0001013   	446.236   	15.9204   	
0.00010135   	446.354   	15.8584   	
0.0001014   	446.419   	15.9315   	
0.00010145   	446.469   	15.976   	
0.0001015   	446.894   	15.9839   	
0.00010155   	446.778   	16.2038   	
0.0001016   	446.945   	16.0001   	
0.00010165   	447.248   	16.0745   	
0.0001017   	447.291   	16.3139   	
0.00010175   	447.478   	16.6871   	
0.0001018   	447.532   	16.1862   	
0.00010185   	447.558   	16.4202   	
0.0001019   	448.067   	16.0521   	
0.00010195   	448.48   	16.0524   	
0.000102   	448.859   	15.9634   	
0.00010205   	449.104   	16.3954   	
0.0001021   	449.057   	16.515   	
0.00010215   	449.351   	16.5151   	
0.0001022   	449.294   	16.0711   	
0.00010225   	449.684   	15.9881   	
0.0001023   	449.824   	16.1286   	
0.00010235   	450.238   	16.4013   	
0.0001024   	450.195   	16.1495   	
0.00010245   	450.388   	16.4512   	
0.0001025   	450.657   	16.731   	
0.00010255   	450.925   	16.8087   	
0.0001026   	451.271   	16.6656   	
0.00010265   	451.414   	16.573   	
0.0001027   	451.858   	16.4438   	
0.00010275   	451.576   	16.416   	
0.0001028   	451.783   	16.6684   	
0.00010285   	452.2   	16.1502   	
0.0001029   	452.172   	16.1931   	
0.00010295   	452.561   	15.959   	
0.000103   	452.551   	15.5997   	
0.00010305   	453.088   	15.6546   	
0.0001031   	452.793   	16.4143   	
0.00010315   	452.948   	16.4882   	
0.0001032   	452.893   	16.5741   	
0.00010325   	452.902   	16.7958   	
0.0001033   	452.531   	16.7183   	
0.00010335   	452.633   	16.8923   	
0.0001034   	453.025   	17.2948   	
0.00010345   	453.179   	17.4063   	
0.0001035   	453.458   	17.5613   	
0.00010355   	453.744   	17.3494   	
0.0001036   	453.638   	17.3117   	
0.00010365   	453.7   	17.02   	
0.0001037   	453.808   	17.2649   	
0.00010375   	453.916   	16.7674   	
0.0001038   	453.947   	16.8749   	
0.00010385   	453.892   	17.0786   	
0.0001039   	453.946   	16.9659   	
0.00010395   	453.946   	16.7899   	
0.000104   	454.057   	16.7916   	
0.00010405   	454.103   	16.4869   	
0.0001041   	454.191   	16.4485   	
0.00010415   	453.953   	16.1913   	
0.0001042   	453.981   	16.0924   	
0.00010425   	454.2   	16.1742   	
0.0001043   	454.663   	15.8492   	
0.00010435   	455.266   	16.0308   	
0.0001044   	455.245   	15.9211   	
0.00010445   	455.384   	15.9241   	
0.0001045   	455.52   	15.9717   	
0.00010455   	455.968   	16.3724   	
0.0001046   	455.98   	16.4432   	
0.00010465   	455.906   	16.4298   	
0.0001047   	456.27   	16.2461   	
0.00010475   	456.392   	16.0404   	
0.0001048   	456.73   	15.7435   	
0.00010485   	456.915   	15.6153   	
0.0001049   	457.019   	15.5281   	
0.00010495   	457.429   	15.759   	
0.000105   	457.66   	15.6296   	
0.00010505   	457.646   	15.6731   	
0.0001051   	457.481   	15.5023   	
0.00010515   	458.042   	15.3308   	
0.0001052   	457.994   	15.1746   	
0.00010525   	458.223   	15.2964   	
0.0001053   	458.206   	15.2372   	
0.00010535   	458.23   	15.5486   	
0.0001054   	458.52   	15.3383   	
0.00010545   	458.609   	15.4925   	
0.0001055   	458.35   	15.4528   	
0.00010555   	458.659   	15.1659   	
0.0001056   	458.999   	15.2806   	
0.00010565   	459.112   	15.4734   	
0.0001057   	459.117   	15.1283   	
0.00010575   	459.112   	15.1065   	
0.0001058   	459.728   	15.0996   	
0.00010585   	460.074   	14.9937   	
0.0001059   	460.38   	14.6794   	
0.00010595   	460.634   	14.6144   	
0.000106   	460.823   	14.9652   	
0.00010605   	460.919   	15.0045   	
0.0001061   	460.914   	14.6153   	
0.00010615   	461.301   	14.4008   	
0.0001062   	461.415   	14.5231   	
0.00010625   	461.866   	14.6024   	
0.0001063   	461.992   	14.3039   	
0.00010635   	462.197   	14.0439   	
0.0001064   	462.324   	14.4637   	
0.00010645   	462.516   	14.5528   	
0.0001065   	462.885   	14.3854   	
0.00010655   	463.252   	14.5484   	
0.0001066   	463.39   	14.6437   	
0.00010665   	463.386   	14.3923   	
0.0001067   	463.286   	14.1561   	
0.00010675   	463.755   	13.7614   	
0.0001068   	463.777   	13.6268   	
0.00010685   	464.068   	13.4812   	
0.0001069   	464.278   	13.399   	
0.00010695   	464.69   	13.2342   	
0.000107   	464.56   	13.4173   	
0.00010705   	464.645   	13.5877   	
0.0001071   	464.671   	13.8435   	
0.00010715   	464.55   	13.4542   	
0.0001072   	464.314   	13.5921   	
0.00010725   	464.477   	13.434   	
0.0001073   	464.584   	13.7294   	
0.00010735   	464.754   	14.1699   	
0.0001074   	465.223   	14.1993   	
0.00010745   	465.367   	13.9648   	
0.0001075   	465.221   	14.1267   	
0.00010755   	465.475   	14.1352   	
0.0001076   	465.675   	14.6005   	
0.00010765   	465.538   	14.1327   	
0.0001077   	465.782   	14.2217   	
0.00010775   	465.696   	14.313   	
0.0001078   	465.701   	14.2613   	
0.00010785   	465.689   	14.4336   	
0.0001079   	465.801   	14.2877   	
0.00010795   	465.933   	14.0327   	
0.000108   	465.81   	13.8753   	
0.00010805   	465.714   	13.5956   	
0.0001081   	465.507   	13.6889   	
0.00010815   	465.976   	13.6136   	
0.0001082   	466.204   	13.6566   	
0.00010825   	466.878   	13.9399   	
0.0001083   	466.872   	13.9479   	
0.00010835   	467.129   	14.0766   	
0.0001084   	467.191   	14.2119   	
0.00010845   	467.428   	14.5227   	
0.0001085   	467.726   	14.5664   	
0.00010855   	467.645   	14.8054   	
0.0001086   	467.898   	14.5241   	
0.00010865   	467.89   	14.1832   	
0.0001087   	468.399   	14.3077   	
0.00010875   	468.594   	13.9756   	
0.0001088   	468.884   	13.9594   	
0.00010885   	468.973   	13.9513   	
0.0001089   	469.391   	14.1721   	
0.00010895   	469.41   	14.3106   	
0.000109   	469.31   	14.4245   	
0.00010905   	469.723   	14.493   	
0.0001091   	469.528   	14.52   	
0.00010915   	469.979   	14.7419   	
0.0001092   	469.847   	14.8065   	
0.00010925   	469.896   	14.6763   	
0.0001093   	470.127   	14.4371   	
0.00010935   	470.225   	14.5875   	
0.0001094   	469.877   	14.2405   	
0.00010945   	470.286   	14.072   	
0.0001095   	470.487   	14.1167   	
0.00010955   	470.617   	14.4005   	
0.0001096   	470.8   	14.352   	
0.00010965   	470.639   	14.1537   	
0.0001097   	470.932   	14.2024   	
0.00010975   	471.544   	14.2073   	
0.0001098   	471.791   	14.1464   	
0.00010985   	472.088   	13.908   	
0.0001099   	472.201   	14.6633   	
0.00010995   	472.345   	14.7031   	
0.00011   	472.535   	14.252   	
0.00011005   	472.776   	14.0301   	
0.0001101   	473.021   	14.3661   	
0.00011015   	473.206   	14.5688   	
0.0001102   	473.522   	14.2819   	
0.00011025   	473.515   	14.1486   	
0.0001103   	473.924   	14.4455   	
0.00011035   	474.149   	14.5375   	
0.0001104   	474.435   	14.5305   	
0.00011045   	474.64   	14.6617   	
0.0001105   	474.802   	14.4555   	
0.00011055   	475.093   	14.4691   	
0.0001106   	474.69   	14.6531   	
0.00011065   	475.252   	14.2907   	
0.0001107   	475.323   	14.1819   	
0.00011075   	475.575   	14.202   	
0.0001108   	475.997   	14.0798   	
0.00011085   	476.047   	14.0095   	
0.0001109   	476.088   	14.2304   	
0.00011095   	476.119   	14.0108   	
0.000111   	476.14   	14.228   	
0.00011105   	476.229   	13.7133   	
0.0001111   	475.935   	13.7679   	
0.00011115   	476.04   	13.8498   	
0.0001112   	475.886   	13.7641   	
0.00011125   	476.292   	13.9906   	
0.0001113   	476.557   	13.9657   	
0.00011135   	476.697   	14.1161   	
0.0001114   	476.674   	14.0134   	
0.00011145   	477.074   	14.1224   	
0.0001115   	477.069   	14.0005   	
0.00011155   	476.879   	13.7566   	
0.0001116   	477.09   	13.3424   	
0.00011165   	477.153   	13.438   	
0.0001117   	477.241   	13.4257   	
0.00011175   	476.975   	13.1996   	
0.0001118   	477.328   	13.3915   	
0.00011185   	477.173   	12.7766   	
0.0001119   	477.305   	12.8621   	
0.00011195   	477.149   	12.7248   	
0.000112   	477.125   	12.5151   	
0.00011205   	477.277   	12.7424   	
0.0001121   	477.397   	13.0389   	
0.00011215   	478.145   	13.2953   	
0.0001122   	478.503   	13.0665   	
0.00011225   	478.447   	13.4448   	
0.0001123   	478.446   	13.2876   	
0.00011235   	478.772   	13.4328   	
0.0001124   	478.941   	13.7142   	
0.00011245   	479.117   	13.9011   	
0.0001125   	479.168   	13.7422   	
0.00011255   	479.462   	13.7435   	
0.0001126   	479.613   	13.7437   	
0.00011265   	479.9   	13.6202   	
0.0001127   	480.162   	13.7003   	
0.00011275   	480.264   	13.4101   	
0.0001128   	480.705   	13.6234   	
0.00011285   	480.74   	13.5673   	
0.0001129   	480.856   	13.6676   	
0.00011295   	480.844   	13.6753   	
0.000113   	481.003   	13.8122   	
0.00011305   	481.236   	13.904   	
0.0001131   	481.295   	13.821   	
0.00011315   	481.146   	13.752   	
0.0001132   	481.465   	13.6733   	
0.00011325   	481.498   	13.8264   	
0.0001133   	481.422   	13.8364   	
0.00011335   	481.608   	13.27   	
0.0001134   	482.031   	13.2856   	
0.00011345   	481.964   	13.4063   	
0.0001135   	482.253   	13.4456   	
0.00011355   	482.147   	13.201   	
0.0001136   	482.325   	13.217   	
0.00011365   	482.856   	13.1093   	
0.0001137   	483.072   	13.2892   	
0.00011375   	483.63   	13.0938   	
0.0001138   	483.632   	13.695   	
0.00011385   	483.72   	13.7691   	
0.0001139   	483.946   	13.3491   	
0.00011395   	483.953   	13.364   	
0.000114   	484.264   	13.6808   	
0.00011405   	484.496   	13.5105   	
0.0001141   	485.035   	13.7376   	
0.00011415   	484.923   	13.7472   	
0.0001142   	485.179   	13.8169   	
0.00011425   	485.653   	13.6902   	
0.0001143   	485.566   	13.984   	
0.00011435   	486.049   	14.0922   	
0.0001144   	486.031   	13.9421   	
0.00011445   	486.443   	13.6642   	
0.0001145   	486.136   	14.0248   	
0.00011455   	486.483   	13.8466   	
0.0001146   	486.774   	13.6114   	
0.00011465   	486.806   	13.5344   	
0.0001147   	487.395   	13.5823   	
0.00011475   	487.324   	13.687   	
0.0001148   	487.746   	13.6589   	
0.00011485   	487.381   	13.56   	
0.0001149   	487.714   	13.6898   	
0.00011495   	487.646   	13.125   	
0.000115   	487.362   	13.0449   	
0.00011505   	487.371   	13.2325   	
0.0001151   	487.286   	13.3171   	
0.00011515   	487.666   	13.5917   	
0.0001152   	487.828   	13.6086   	
0.00011525   	488.169   	13.524   	
0.0001153   	488.376   	13.1694   	
0.00011535   	488.359   	13.4651   	
0.0001154   	488.384   	13.5987   	
0.00011545   	488.448   	13.4928   	
0.0001155   	488.487   	13.2096   	
0.00011555   	488.646   	13.33   	
0.0001156   	488.55   	13.5942   	
0.00011565   	488.451   	13.1856   	
0.0001157   	488.766   	12.9154   	
0.00011575   	488.51   	12.4059   	
0.0001158   	488.791   	12.5057   	
0.00011585   	488.623   	12.3646   	
0.0001159   	488.597   	12.4558   	
0.00011595   	488.636   	12.6886   	
0.000116   	488.853   	12.8031   	
0.00011605   	489.324   	13.1608   	
0.0001161   	490.021   	13.3459   	
0.00011615   	489.855   	13.5856   	
0.0001162   	490.005   	13.463   	
0.00011625   	490.203   	13.5494   	
0.0001163   	490.499   	14.1436   	
0.00011635   	490.34   	14.1761   	
0.0001164   	490.452   	13.9641   	
0.00011645   	490.726   	14.2869   	
0.0001165   	491.049   	14.4682   	
0.00011655   	491.357   	14.0312   	
0.0001166   	491.554   	13.9935   	
0.00011665   	491.763   	13.8686   	
0.0001167   	492.084   	13.7882   	
0.00011675   	492.14   	13.8641   	
0.0001168   	492.283   	14.1028   	
0.00011685   	492.079   	14.1252   	
0.0001169   	492.383   	14.2638   	
0.00011695   	492.564   	14.4853   	
0.000117   	492.654   	14.271   	
0.00011705   	492.574   	14.177   	
0.0001171   	492.711   	14.0987   	
0.00011715   	493.083   	14.0465   	
0.0001172   	493.005   	14.4197   	
0.00011725   	493.019   	14.2903   	
0.0001173   	493.247   	13.8658   	
0.00011735   	493.37   	13.9615   	
0.0001174   	493.542   	14.0146   	
0.00011745   	493.541   	13.9175   	
0.0001175   	493.569   	13.8479   	
0.00011755   	494.202   	13.8905   	
0.0001176   	494.62   	14.4704   	
0.00011765   	494.933   	14.2182   	
0.0001177   	495.264   	14.2091   	
0.00011775   	495.122   	14.7617   	
0.0001178   	495.38   	14.5415   	
0.00011785   	495.454   	14.3277   	
0.0001179   	495.835   	14.3703   	
0.00011795   	495.918   	14.2488   	
0.000118   	496.28   	14.2632   	
0.00011805   	496.272   	14.2774   	
0.0001181   	496.496   	14.1015   	
0.00011815   	496.815   	14.173   	
0.0001182   	497.006   	14.0708   	
0.00011825   	497.349   	14.3996   	
0.0001183   	497.586   	14.6965   	
0.00011835   	497.938   	14.411   	
0.0001184   	497.735   	14.4679   	
0.00011845   	497.862   	14.5261   	
0.0001185   	498.32   	14.1932   	
0.00011855   	498.311   	14.2339   	
0.0001186   	498.65   	14.2189   	
0.00011865   	498.646   	14.3853   	
0.0001187   	499.165   	14.0714   	
0.00011875   	499.011   	14.1929   	
0.0001188   	499.057   	14.0433   	
0.00011885   	499.065   	13.9878   	
0.0001189   	499.023   	13.7925   	
0.00011895   	498.757   	13.9965   	
0.000119   	498.727   	13.7987   	
0.00011905   	499.019   	13.6994   	
0.0001191   	499.298   	13.9089   	
0.00011915   	499.492   	13.7642   	
0.0001192   	499.718   	13.4846   	
0.00011925   	499.698   	13.7506   	
0.0001193   	499.763   	13.6447   	
0.00011935   	499.865   	13.798   	
0.0001194   	499.948   	13.421   	
0.00011945   	499.962   	13.5162   	
0.0001195   	500.147   	13.6534   	
0.00011955   	500.053   	13.6015   	
0.0001196   	500.046   	13.4536   	
0.00011965   	500.086   	13.0907   	
0.0001197   	500.228   	12.7176   	
0.00011975   	500.354   	12.7028   	
0.0001198   	499.908   	12.6947   	
0.00011985   	499.938   	12.7233   	
0.0001199   	500.166   	12.7959   	
0.00011995   	500.73   	12.8876   	
0.00012   	501.208   	13.0662   	
0.00012005   	501.252   	12.9434   	
0.0001201   	501.472   	13.1354   	
0.00012015   	501.58   	13.2002   	
0.0001202   	501.879   	13.8432   	
0.00012025   	502.115   	13.6625   	
0.0001203   	501.966   	13.4124   	
0.00012035   	502.195   	13.6275   	
0.0001204   	502.272   	13.3903   	
0.00012045   	502.665   	13.5729   	
0.0001205   	502.895   	13.2574   	
0.00012055   	503.095   	13.3249   	
0.0001206   	503.45   	13.3105   	
0.00012065   	503.632   	13.3946   	
0.0001207   	503.607   	13.7795   	
0.00012075   	503.455   	13.986   	
0.0001208   	504.004   	14.0146   	
0.00012085   	503.882   	14.1624   	
0.0001209   	504.18   	14.5545   	
0.00012095   	504.097   	14.4065   	
0.000121   	504.083   	14.2265   	
0.00012105   	504.448   	14.0262   	
0.0001211   	504.457   	14.3364   	
0.00012115   	504.339   	14.2702   	
0.0001212   	504.576   	14.0525   	
0.00012125   	504.854   	14.1554   	
0.0001213   	504.933   	13.9754   	
0.00012135   	504.908   	14.1397   	
0.0001214   	504.979   	13.8165   	
0.00012145   	505.542   	13.6887   	
0.0001215   	505.881   	14.1344   	
0.00012155   	506.218   	14.0968   	
0.0001216   	506.514   	13.7975   	
0.00012165   	506.682   	14.3863   	
0.0001217   	506.688   	14.5247   	
0.00012175   	506.795   	14.1447   	
0.0001218   	507.068   	14.1951   	
0.00012185   	507.317   	14.3384   	
0.0001219   	507.781   	14.3548   	
0.00012195   	507.796   	14.4645   	
0.000122   	507.972   	14.3241   	
0.00012205   	508.176   	14.291   	
0.0001221   	508.413   	14.1717   	
0.00012215   	508.716   	14.5147   	
0.0001222   	509.081   	14.7915   	
0.00012225   	509.118   	14.7725   	
0.0001223   	509.341   	14.6555   	
0.00012235   	509.071   	14.8294   	
0.0001224   	509.613   	14.4376   	
0.00012245   	509.58   	14.2066   	
0.0001225   	509.937   	14.3963   	
0.00012255   	510.189   	14.0254   	
0.0001226   	510.424   	13.9731   	
0.00012265   	510.464   	14.2644   	
0.0001227   	510.471   	13.7538   	
0.00012275   	510.473   	13.8548   	
0.0001228   	510.397   	13.323   	
0.00012285   	510.151   	13.484   	
0.0001229   	510.237   	13.4325   	
0.00012295   	510.318   	13.2454   	
0.000123   	510.596   	13.1985   	
0.00012305   	510.999   	12.9972   	
0.0001231   	511.141   	12.6414   	
0.00012315   	511.005   	13.1466   	
0.0001232   	511.199   	13.0851   	
0.00012325   	511.406   	13.2484   	
0.0001233   	511.273   	13.076   	
0.00012335   	511.498   	13.0463   	
0.0001234   	511.365   	13.212   	
0.00012345   	511.559   	13.3429   	
0.0001235   	511.415   	13.127   	
0.00012355   	511.591   	13.0803   	
0.0001236   	511.7   	12.3337   	
0.00012365   	511.586   	12.4124   	
0.0001237   	511.504   	12.5793   	
0.00012375   	511.317   	12.4954   	
0.0001238   	511.637   	12.5047   	
0.00012385   	511.905   	12.6651   	
0.0001239   	512.629   	12.766   	
0.00012395   	512.718   	12.7191   	
0.000124   	512.839   	12.9417   	
0.00012405   	512.811   	12.9006   	
0.0001241   	513.218   	13.0239   	
0.00012415   	513.382   	13.0591   	
0.0001242   	513.346   	12.8999   	
0.00012425   	513.57   	12.8663   	
0.0001243   	513.633   	12.7886   	
0.00012435   	514.055   	13.0381   	
0.0001244   	514.274   	12.7792   	
0.00012445   	514.605   	12.6919   	
0.0001245   	514.697   	12.7409   	
0.00012455   	515.09   	12.8352   	
0.0001246   	515.113   	12.9408   	
0.00012465   	515.057   	13.2244   	
0.0001247   	515.352   	13.3267   	
0.00012475   	515.202   	13.2576   	
0.0001248   	515.59   	13.5209   	
0.00012485   	515.613   	13.6868   	
0.0001249   	515.604   	13.3326   	
0.00012495   	515.845   	13.0853   	
0.000125   	516.006   	13.3537   	
0.00012505   	515.605   	13.2118   	
0.0001251   	515.983   	12.928   	
0.00012515   	516.225   	13.0964   	
0.0001252   	516.326   	13.0247   	
0.00012525   	516.471   	13.2197   	
0.0001253   	516.372   	12.9361   	
0.00012535   	516.654   	12.7373   	
0.0001254   	517.257   	12.7938   	
0.00012545   	517.44   	12.9721   	
0.0001255   	517.902   	12.7189   	
0.00012555   	517.927   	13.2305   	
0.0001256   	518.078   	13.1765   	
0.00012565   	518.255   	13.089   	
0.0001257   	518.406   	13.0685   	
0.00012575   	518.661   	13.3461   	
0.0001258   	518.846   	13.2746   	
0.00012585   	519.345   	13.4271   	
0.0001259   	519.246   	13.2258   	
0.00012595   	519.699   	13.2676   	
0.000126   	519.96   	13.2914   	
0.00012605   	520.09   	13.5839   	
0.0001261   	520.403   	13.7809   	
0.00012615   	520.516   	13.6815   	
0.0001262   	520.737   	13.5717   	
0.00012625   	520.406   	13.8253   	
0.0001263   	520.966   	13.5175   	
0.00012635   	521.103   	13.42   	
0.0001264   	521.231   	13.6215   	
0.00012645   	521.755   	13.4228   	
0.0001265   	521.795   	13.4548   	
0.00012655   	521.852   	13.4814   	
0.0001266   	521.716   	13.3358   	
0.00012665   	521.887   	13.1947   	
0.0001267   	522.068   	13.0497   	
0.00012675   	521.701   	13.2618   	
0.0001268   	521.714   	13.2062   	
0.00012685   	521.513   	13.02   	
0.0001269   	522.009   	12.8108   	
0.00012695   	522.185   	12.6952   	
0.000127   	522.466   	13.0181   	
0.00012705   	522.455   	12.8734   	
0.0001271   	522.753   	12.9583   	
0.00012715   	522.821   	12.8679   	
0.0001272   	522.735   	12.7082   	
0.00012725   	522.794   	12.5926   	
0.0001273   	522.93   	12.8382   	
0.00012735   	522.896   	12.9317   	
0.0001274   	522.61   	12.997   	
0.00012745   	523.027   	12.9754   	
0.0001275   	522.877   	12.4757   	
0.00012755   	523.054   	12.2125   	
0.0001276   	522.939   	12.148   	
0.00012765   	522.817   	12.0014   	
0.0001277   	523.003   	11.8992   	
0.00012775   	523.17   	12.1705   	
0.0001278   	523.833   	12.2707   	
0.00012785   	524.267   	12.1281   	
0.0001279   	524.16   	12.4632   	
0.00012795   	524.243   	12.4478   	
0.000128   	524.519   	12.7594   	
0.00012805   	524.776   	13.1264   	
0.0001281   	524.832   	12.692   	
0.00012815   	524.858   	12.3377   	
0.0001282   	525.2   	12.4502   	
0.00012825   	525.255   	12.7092   	
0.0001283   	525.646   	12.4583   	
0.00012835   	525.829   	12.4172   	
0.0001284   	526.053   	12.6083   	
0.00012845   	526.423   	12.6378   	
0.0001285   	526.595   	12.6787   	
0.00012855   	526.649   	12.914   	
0.0001286   	526.558   	12.8741   	
0.00012865   	526.715   	12.6946   	
0.0001287   	526.896   	13.1922   	
0.00012875   	526.86   	13.3548   	
0.0001288   	526.809   	13.0966   	
0.00012885   	527.221   	13.0592   	
0.0001289   	527.269   	13.1678   	
0.00012895   	527.215   	13.2564   	
0.000129   	527.312   	12.9742   	
0.00012905   	527.747   	12.8092   	
0.0001291   	527.704   	13.0267   	
0.00012915   	527.916   	13.1482   	
0.0001292   	527.986   	13.2067   	
0.00012925   	528.007   	13.0518   	
0.0001293   	528.566   	12.7891   	
0.00012935   	528.872   	13.0957   	
0.0001294   	529.306   	12.7738   	
0.00012945   	529.453   	13.0932   	
0.0001295   	529.438   	13.2047   	
0.00012955   	529.735   	12.981   	
0.0001296   	529.712   	13.1261   	
0.00012965   	529.997   	13.5269   	
0.0001297   	530.282   	13.3475   	
0.00012975   	530.69   	13.3664   	
0.0001298   	530.68   	13.2623   	
0.00012985   	530.909   	13.435   	
0.0001299   	531.3   	13.4108   	
0.00012995   	531.27   	13.8527   	
0.00013   	531.807   	13.9806   	
0.00013005   	531.787   	13.9189   	
0.0001301   	532.177   	13.5079   	
0.00013015   	531.907   	13.5364   	
0.0001302   	532.168   	13.4583   	
0.00013025   	532.545   	13.256   	
0.0001303   	532.678   	13.2001   	
0.00013035   	533.034   	13.1633   	
0.0001304   	533.066   	13.28   	
0.00013045   	533.515   	13.2313   	
0.0001305   	533.188   	13.1521   	
0.00013055   	533.377   	12.8352   	
0.0001306   	533.326   	12.7461   	
0.00013065   	533.156   	12.7127   	
0.0001307   	533.07   	12.607   	
0.00013075   	533.082   	12.5618   	
0.0001308   	533.489   	12.4055   	
0.00013085   	533.608   	12.3308   	
0.0001309   	533.808   	12.2854   	
0.00013095   	534.161   	12.0143   	
0.000131   	534.069   	12.4026   	
0.00013105   	534.18   	12.1273   	
0.0001311   	534.169   	12.1741   	
0.00013115   	534.234   	12.0416   	
0.0001312   	534.384   	12.1078   	
0.00013125   	534.265   	12.0405   	
0.0001313   	534.316   	12.1732   	
0.00013135   	534.413   	12.1361   	
0.0001314   	534.331   	12.0544   	
0.00013145   	534.532   	11.9515   	
0.0001315   	534.48   	11.5851   	
0.00013155   	534.368   	11.8499   	
0.0001316   	534.365   	11.7763   	
0.00013165   	534.58   	11.9796   	
0.0001317   	535.025   	12.1848   	
0.00013175   	535.758   	12.459   	
0.0001318   	535.575   	12.5379   	
0.00013185   	535.718   	12.3934   	
0.0001319   	535.875   	12.3726   	
0.00013195   	536.292   	12.9333   	
0.000132   	536.14   	12.4879   	
0.00013205   	536.257   	12.0471   	
0.0001321   	536.575   	12.1115   	
0.00013215   	536.768   	12.3621   	
0.0001322   	537.081   	12.032   	
0.00013225   	537.234   	12.1849   	
0.0001323   	537.38   	12.3615   	
0.00013235   	537.826   	12.5332   	
0.0001324   	537.92   	12.4859   	
0.00013245   	538.023   	12.5259   	
0.0001325   	537.783   	12.6817   	
0.00013255   	538.215   	12.8809   	
0.0001326   	538.345   	13.0108   	
0.00013265   	538.446   	13.1691   	
0.0001327   	538.327   	13.2546   	
0.00013275   	538.437   	13.0092   	
0.0001328   	538.825   	13.0376   	
0.00013285   	538.793   	13.169   	
0.0001329   	538.778   	12.9712   	
0.00013295   	538.982   	12.7465   	
0.000133   	539.078   	12.826   	
0.00013305   	539.21   	12.8568   	
0.0001331   	539.317   	12.9613   	
0.00013315   	539.285   	12.6978   	
0.0001332   	539.899   	12.6904   	
0.00013325   	540.317   	12.6728   	
0.0001333   	540.66   	12.4229   	
0.00013335   	540.995   	12.3889   	
0.0001334   	540.899   	12.8062   	
0.00013345   	541.106   	12.5439   	
0.0001335   	541.127   	12.3822   	
0.00013355   	541.524   	12.8445   	
0.0001336   	541.601   	12.8732   	
