0   	175.53   	13.7597   	
5e-08   	175.539   	13.2926   	
1e-07   	175.922   	12.9967   	
1.5e-07   	175.984   	13.0118   	
2e-07   	176.194   	13.0317   	
2.5e-07   	176.449   	13.04   	
3e-07   	177.013   	12.9748   	
3.5e-07   	176.891   	13.1199   	
4e-07   	177.254   	13.4466   	
4.5e-07   	177.447   	13.2705   	
5e-07   	177.528   	12.9195   	
5.5e-07   	177.9   	13.0597   	
6e-07   	177.966   	13.1263   	
6.5e-07   	178.183   	13.3011   	
7e-07   	177.91   	13.0341   	
7.5e-07   	178.343   	13.2769   	
8e-07   	178.662   	13.4567   	
8.5e-07   	178.636   	13.2048   	
9e-07   	179.104   	13.1391   	
9.5e-07   	178.912   	13.3368   	
1e-06   	179.135   	13.0045   	
1.05e-06   	178.9   	13.0886   	
1.1e-06   	179.087   	13.1851   	
1.15e-06   	179.15   	12.9153   	
1.2e-06   	178.838   	13.0002   	
1.25e-06   	178.845   	12.9132   	
1.3e-06   	178.772   	12.868   	
1.35e-06   	179.083   	12.9987   	
1.4e-06   	179.197   	12.8291   	
1.45e-06   	179.634   	13.0593   	
1.5e-06   	179.627   	13.0107   	
1.55e-06   	179.791   	13.0648   	
1.6e-06   	179.779   	12.6839   	
1.65e-06   	179.703   	12.4186   	
1.7e-06   	179.592   	12.2526   	
1.75e-06   	179.641   	12.4837   	
1.8e-06   	179.633   	12.3529   	
1.85e-06   	179.473   	12.1685   	
1.9e-06   	179.842   	12.284   	
1.95e-06   	179.577   	12.4776   	
2e-06   	179.822   	12.1169   	
2.05e-06   	179.517   	12.3239   	
2.1e-06   	179.463   	11.8276   	
2.15e-06   	179.439   	12.146   	
2.2e-06   	179.533   	12.4113   	
2.25e-06   	179.821   	12.4316   	
2.3e-06   	180.195   	12.1594   	
2.35e-06   	180.093   	12.0825   	
2.4e-06   	180.098   	12.3294   	
2.45e-06   	180.265   	12.3374   	
2.5e-06   	180.523   	12.1541   	
2.55e-06   	180.407   	12.2032   	
2.6e-06   	180.326   	12.1766   	
2.65e-06   	180.714   	12.2225   	
2.7e-06   	180.777   	11.9449   	
2.75e-06   	181.132   	11.574   	
2.8e-06   	181.199   	11.6465   	
2.85e-06   	181.372   	11.5633   	
2.9e-06   	181.534   	11.8623   	
2.95e-06   	181.645   	11.8822   	
3e-06   	181.637   	11.622   	
3.05e-06   	181.349   	11.546   	
3.1e-06   	181.532   	11.4437   	
3.15e-06   	181.66   	11.3855   	
3.2e-06   	181.653   	11.6859   	
3.25e-06   	181.712   	11.8446   	
3.3e-06   	181.656   	12.1124   	
3.35e-06   	181.719   	11.8546   	
3.4e-06   	181.562   	11.3552   	
3.45e-06   	181.568   	11.3658   	
3.5e-06   	181.797   	11.0479   	
3.55e-06   	181.659   	11.1876   	
3.6e-06   	181.764   	11.1448   	
3.65e-06   	181.569   	11.1047   	
3.7e-06   	181.512   	11.383   	
3.75e-06   	181.909   	11.5575   	
3.8e-06   	182.109   	11.7462   	
3.85e-06   	182.354   	11.8174   	
3.9e-06   	182.403   	11.832   	
3.95e-06   	182.252   	11.7619   	
4e-06   	182.569   	11.6236   	
4.05e-06   	182.41   	11.615   	
4.1e-06   	182.734   	11.8285   	
4.15e-06   	182.818   	11.8691   	
4.2e-06   	183.187   	12.0945   	
4.25e-06   	183.206   	12.3145   	
4.3e-06   	183.265   	12.7124   	
4.35e-06   	183.415   	12.5185   	
4.4e-06   	183.578   	12.4334   	
4.45e-06   	183.878   	12.2585   	
4.5e-06   	183.91   	11.9683   	
4.55e-06   	184.196   	12.2814   	
4.6e-06   	183.815   	12.0945   	
4.65e-06   	184.044   	12.2355   	
4.7e-06   	184.303   	12.3112   	
4.75e-06   	184.255   	12.3677   	
4.8e-06   	184.599   	12.1758   	
4.85e-06   	184.508   	12.4639   	
4.9e-06   	184.903   	12.2341   	
4.95e-06   	184.54   	12.4553   	
5e-06   	184.563   	12.4715   	
5.05e-06   	184.376   	12.6423   	
5.1e-06   	184.246   	12.6009   	
5.15e-06   	183.921   	12.6425   	
5.2e-06   	183.915   	12.5689   	
5.25e-06   	184.181   	12.5293   	
5.3e-06   	184.231   	12.3905   	
5.35e-06   	184.458   	12.5712   	
5.4e-06   	184.654   	12.9064   	
5.45e-06   	184.453   	13.0075   	
5.5e-06   	184.534   	12.7531   	
5.55e-06   	184.451   	12.8781   	
5.6e-06   	184.565   	12.7154   	
5.65e-06   	184.556   	12.9862   	
5.7e-06   	184.384   	12.8095   	
5.75e-06   	184.31   	12.8852   	
5.8e-06   	184.193   	12.8088   	
5.85e-06   	184.188   	12.6746   	
5.9e-06   	184.278   	12.778   	
5.95e-06   	184.265   	12.8645   	
6e-06   	184.01   	12.6337   	
6.05e-06   	183.875   	12.5924   	
6.1e-06   	183.998   	12.7447   	
6.15e-06   	184.487   	12.9556   	
6.2e-06   	184.826   	12.7804   	
6.25e-06   	184.537   	12.6509   	
6.3e-06   	184.552   	12.8072   	
6.35e-06   	184.619   	13.0386   	
6.4e-06   	184.945   	12.9619   	
6.45e-06   	184.821   	12.9147   	
6.5e-06   	184.789   	13.2226   	
6.55e-06   	184.925   	12.8382   	
6.6e-06   	184.945   	12.8874   	
6.65e-06   	185.019   	12.5651   	
6.7e-06   	185.05   	12.851   	
6.75e-06   	184.93   	12.6285   	
6.8e-06   	185.187   	13.0293   	
6.85e-06   	185.103   	13.0063   	
6.9e-06   	185.111   	13.1786   	
6.95e-06   	184.814   	13.3735   	
7e-06   	185.197   	13.1032   	
7.05e-06   	185.207   	12.9942   	
7.1e-06   	185.32   	13.3317   	
7.15e-06   	185.217   	13.6127   	
7.2e-06   	185.237   	13.7822   	
7.25e-06   	185.307   	13.6507   	
7.3e-06   	185.415   	13.3186   	
7.35e-06   	185.081   	13.2927   	
7.4e-06   	185.253   	13.26   	
7.45e-06   	185.495   	13.2592   	
7.5e-06   	185.594   	13.328   	
7.55e-06   	185.491   	13.0512   	
7.6e-06   	185.427   	12.7044   	
7.65e-06   	185.904   	12.7575   	
7.7e-06   	186.137   	13.0769   	
7.75e-06   	186.276   	13.1799   	
7.8e-06   	186.418   	13.3722   	
7.85e-06   	186.544   	13.4258   	
7.9e-06   	186.624   	13.2804   	
7.95e-06   	186.485   	13.439   	
8e-06   	186.793   	13.3841   	
8.05e-06   	186.851   	13.6275   	
8.1e-06   	187.287   	13.7205   	
8.15e-06   	187.364   	13.9963   	
8.2e-06   	187.495   	14.2992   	
8.25e-06   	187.652   	14.3479   	
8.3e-06   	187.888   	13.9018   	
8.35e-06   	188.092   	13.943   	
8.4e-06   	188.361   	13.9299   	
8.45e-06   	188.493   	13.9899   	
8.5e-06   	188.496   	13.8069   	
8.55e-06   	188.377   	13.8045   	
8.6e-06   	188.788   	14.0145   	
8.65e-06   	188.748   	14.2516   	
8.7e-06   	188.835   	13.8182   	
8.75e-06   	188.903   	13.9626   	
8.8e-06   	189.099   	13.801   	
8.85e-06   	188.883   	13.6263   	
8.9e-06   	188.983   	13.9098   	
8.95e-06   	189.031   	14.1216   	
9e-06   	188.949   	13.9144   	
9.05e-06   	188.555   	13.8189   	
9.1e-06   	188.725   	13.8364   	
9.15e-06   	188.688   	14.0088   	
9.2e-06   	188.84   	14.2955   	
9.25e-06   	189.142   	14.6943   	
9.3e-06   	189.204   	14.7826   	
9.35e-06   	189.005   	14.8308   	
9.4e-06   	189.036   	14.3232   	
9.45e-06   	189.136   	14.4907   	
9.5e-06   	188.953   	14.4265   	
9.55e-06   	189.121   	14.6226   	
9.6e-06   	189.036   	14.8027   	
9.65e-06   	188.907   	14.8413   	
9.7e-06   	189.012   	14.6947   	
9.75e-06   	188.989   	14.7383   	
9.8e-06   	189.186   	14.5979   	
9.85e-06   	188.958   	14.7582   	
9.9e-06   	188.729   	14.6848   	
9.95e-06   	188.652   	14.6701   	
1e-05   	188.815   	14.6241   	
1.005e-05   	189.192   	14.4688   	
1.01e-05   	189.655   	14.6898   	
1.015e-05   	189.616   	14.2925   	
1.02e-05   	189.72   	14.1858   	
1.025e-05   	189.734   	14.466   	
1.03e-05   	189.894   	14.5379   	
1.035e-05   	190.056   	14.7701   	
1.04e-05   	190.003   	14.5469   	
1.045e-05   	190.136   	14.6039   	
1.05e-05   	190.136   	14.7492   	
1.055e-05   	190.427   	14.6202   	
1.06e-05   	190.514   	14.3254   	
1.065e-05   	190.787   	14.4923   	
1.07e-05   	190.834   	14.5869   	
1.075e-05   	190.924   	14.6826   	
1.08e-05   	190.766   	15.0604   	
1.085e-05   	190.688   	15.6496   	
1.09e-05   	191.14   	15.6475   	
1.095e-05   	190.925   	15.7473   	
1.1e-05   	191.274   	15.8456   	
1.105e-05   	191.095   	16.1244   	
1.11e-05   	191.111   	15.7868   	
1.115e-05   	191.202   	15.7445   	
1.12e-05   	191.079   	15.7849   	
1.125e-05   	190.794   	15.9608   	
1.13e-05   	191.038   	15.8223   	
1.135e-05   	191.281   	15.6025   	
1.14e-05   	191.377   	16.2185   	
1.145e-05   	191.374   	16.4048   	
1.15e-05   	191.247   	15.9041   	
1.155e-05   	191.456   	15.6514   	
1.16e-05   	191.965   	15.8279   	
1.165e-05   	192.035   	15.9985   	
1.17e-05   	192.246   	16.0675   	
1.175e-05   	192.385   	16.2045   	
1.18e-05   	192.303   	16.3792   	
1.185e-05   	192.603   	16.5583   	
1.19e-05   	192.703   	16.6349   	
1.195e-05   	192.853   	16.8978   	
1.2e-05   	193.064   	16.9514   	
1.205e-05   	193.414   	17.0647   	
1.21e-05   	193.422   	17.2999   	
1.215e-05   	193.786   	17.5396   	
1.22e-05   	193.977   	16.9355   	
1.225e-05   	194.29   	16.9195   	
1.23e-05   	194.532   	16.9528   	
1.235e-05   	194.535   	16.9587   	
1.24e-05   	194.856   	17.134   	
1.245e-05   	194.425   	17.1809   	
1.25e-05   	195.031   	17.3648   	
1.255e-05   	195.118   	17.5898   	
1.26e-05   	195.395   	17.2924   	
1.265e-05   	195.6   	17.0505   	
1.27e-05   	195.73   	17.0646   	
1.275e-05   	195.579   	16.5584   	
1.28e-05   	195.58   	16.7125   	
1.285e-05   	195.637   	17.1244   	
1.29e-05   	195.654   	16.9192   	
1.295e-05   	195.356   	16.8382   	
1.3e-05   	195.354   	16.8007   	
1.305e-05   	195.267   	16.8945   	
1.31e-05   	195.598   	16.6381   	
1.315e-05   	195.868   	16.8979   	
1.32e-05   	195.98   	17.1015   	
1.325e-05   	195.853   	16.9189   	
1.33e-05   	196.347   	16.9195   	
1.335e-05   	196.289   	16.7804   	
1.34e-05   	196.027   	17.075   	
1.345e-05   	196.261   	16.9029   	
1.35e-05   	196.177   	17.1221   	
1.355e-05   	196.239   	17.3102   	
1.36e-05   	196.003   	17.4649   	
1.365e-05   	196.174   	17.6772   	
1.37e-05   	196.063   	17.5148   	
1.375e-05   	196.012   	17.2793   	
1.38e-05   	195.821   	17.4773   	
1.385e-05   	195.79   	17.2034   	
1.39e-05   	195.999   	17.1471   	
1.395e-05   	196.096   	17.2566   	
1.4e-05   	196.605   	17.4826   	
1.405e-05   	196.832   	17.0023   	
1.41e-05   	196.786   	17.3704   	
1.415e-05   	196.631   	17.6292   	
1.42e-05   	196.93   	17.7595   	
1.425e-05   	197.048   	17.7523   	
1.43e-05   	197.166   	17.7242   	
1.435e-05   	197.101   	17.4584   	
1.44e-05   	197.346   	17.5028   	
1.445e-05   	197.427   	17.8106   	
1.45e-05   	197.734   	17.3862   	
1.455e-05   	197.879   	17.452   	
1.46e-05   	197.814   	17.7861   	
1.465e-05   	198.141   	17.997   	
1.47e-05   	197.979   	18.0478   	
1.475e-05   	197.957   	18.4276   	
1.48e-05   	197.992   	18.6936   	
1.485e-05   	198.122   	18.9511   	
1.49e-05   	198.364   	19.0356   	
1.495e-05   	198.417   	19.4949   	
1.5e-05   	198.253   	19.2089   	
1.505e-05   	198.467   	19.0297   	
1.51e-05   	198.54   	19.1891   	
1.515e-05   	198.299   	19.2194   	
1.52e-05   	198.597   	19.2524   	
1.525e-05   	198.917   	19.1099   	
1.53e-05   	198.889   	19.3575   	
1.535e-05   	199.07   	19.4249   	
1.54e-05   	198.928   	18.9722   	
1.545e-05   	199.028   	18.7551   	
1.55e-05   	199.491   	18.5169   	
1.555e-05   	199.504   	18.9482   	
1.56e-05   	199.894   	18.7747   	
1.565e-05   	199.943   	19.1085   	
1.57e-05   	200.018   	19.2876   	
1.575e-05   	200.322   	19.3859   	
1.58e-05   	200.378   	19.7522   	
1.585e-05   	200.614   	20.0714   	
1.59e-05   	200.87   	19.9281   	
1.595e-05   	201.329   	19.9481   	
1.6e-05   	201.189   	20.2506   	
1.605e-05   	201.378   	20.388   	
1.61e-05   	201.825   	20.1866   	
1.615e-05   	201.771   	19.9937   	
1.62e-05   	202.202   	20.1663   	
1.625e-05   	202.223   	20.2695   	
1.63e-05   	202.539   	20.4211   	
1.635e-05   	202.223   	20.3549   	
1.64e-05   	202.621   	20.4435   	
1.645e-05   	202.863   	20.8182   	
1.65e-05   	202.859   	20.8892   	
1.655e-05   	203.328   	20.5638   	
1.66e-05   	202.977   	20.5241   	
1.665e-05   	203.185   	20.1155   	
1.67e-05   	202.819   	19.915   	
1.675e-05   	203.106   	20.0729   	
1.68e-05   	203.033   	19.8825   	
1.685e-05   	202.655   	19.9101   	
1.69e-05   	202.62   	19.9461   	
1.695e-05   	202.422   	20.0529   	
1.7e-05   	202.705   	19.6944   	
1.705e-05   	202.672   	19.7382   	
1.71e-05   	203.152   	20.0484   	
1.715e-05   	203.2   	20.0209   	
1.72e-05   	203.161   	20.244   	
1.725e-05   	203.124   	19.9268   	
1.73e-05   	203.211   	20.1893   	
1.735e-05   	203.193   	20.1395   	
1.74e-05   	203.172   	20.5179   	
1.745e-05   	203.037   	20.6544   	
1.75e-05   	202.871   	20.8883   	
1.755e-05   	203.191   	21.0696   	
1.76e-05   	202.916   	20.9873   	
1.765e-05   	203.13   	21.0062   	
1.77e-05   	202.913   	20.8824   	
1.775e-05   	202.855   	20.6675   	
1.78e-05   	202.858   	20.5616   	
1.785e-05   	203.001   	20.8489   	
1.79e-05   	203.451   	20.8587   	
1.795e-05   	203.958   	20.6326   	
1.8e-05   	203.746   	20.5086   	
1.805e-05   	203.821   	20.9981   	
1.81e-05   	203.937   	21.0212   	
1.815e-05   	204.287   	21.3068   	
1.82e-05   	203.914   	21.2999   	
1.825e-05   	203.808   	21.1421   	
1.83e-05   	204.14   	20.9882   	
1.835e-05   	204.343   	21.3294   	
1.84e-05   	204.613   	20.872   	
1.845e-05   	204.716   	20.8457   	
1.85e-05   	204.862   	20.9926   	
1.855e-05   	204.985   	21.2572   	
1.86e-05   	204.854   	21.1448   	
1.865e-05   	204.962   	21.4779   	
1.87e-05   	204.671   	21.6914   	
1.875e-05   	204.929   	22.0398   	
1.88e-05   	205.077   	22.0513   	
1.885e-05   	205.058   	22.2901   	
1.89e-05   	205.05   	22.4611   	
1.895e-05   	205.092   	22.3073   	
1.9e-05   	205.3   	22.1131   	
1.905e-05   	205.152   	22.0575   	
1.91e-05   	205.187   	22.3641   	
1.915e-05   	205.477   	21.9474   	
1.92e-05   	205.487   	22.0539   	
1.925e-05   	205.722   	22.1607   	
1.93e-05   	205.779   	22.2526   	
1.935e-05   	205.741   	22.0792   	
1.94e-05   	206.328   	21.5681   	
1.945e-05   	206.771   	21.8159   	
1.95e-05   	207.036   	21.8251   	
1.955e-05   	207.294   	21.6803   	
1.96e-05   	207.137   	22.1729   	
1.965e-05   	207.402   	22.6591   	
1.97e-05   	207.352   	22.742   	
1.975e-05   	207.751   	23.0253   	
1.98e-05   	207.903   	23.1667   	
1.985e-05   	208.184   	23.1603   	
1.99e-05   	208.142   	23.564   	
1.995e-05   	208.332   	23.7395   	
2e-05   	208.576   	23.7751   	
2.005e-05   	208.638   	23.4419   	
2.01e-05   	209.03   	23.3823   	
2.015e-05   	209.155   	23.614   	
2.02e-05   	209.487   	23.6774   	
2.025e-05   	209.269   	23.3939   	
2.03e-05   	209.345   	23.4757   	
2.035e-05   	209.699   	23.7473   	
2.04e-05   	209.702   	23.7659   	
2.045e-05   	210.067   	23.8204   	
2.05e-05   	210.034   	23.6908   	
2.055e-05   	210.438   	23.2392   	
2.06e-05   	210.087   	23.2264   	
2.065e-05   	210.163   	23.3136   	
2.07e-05   	210.213   	23.0996   	
2.075e-05   	210.132   	22.8885   	
2.08e-05   	209.723   	22.8929   	
2.085e-05   	209.701   	22.8537   	
2.09e-05   	209.977   	22.7982   	
2.095e-05   	209.972   	22.8707   	
2.1e-05   	210.142   	23.1374   	
2.105e-05   	210.366   	23.3888   	
2.11e-05   	210.219   	23.3809   	
2.115e-05   	210.167   	23.1186   	
2.12e-05   	210.186   	23.1586   	
2.125e-05   	210.314   	22.9613   	
2.13e-05   	210.237   	23.2695   	
2.135e-05   	210.338   	23.3077   	
2.14e-05   	210.185   	23.7326   	
2.145e-05   	210.175   	23.8614   	
2.15e-05   	210.271   	23.7981   	
2.155e-05   	210.352   	23.9256   	
2.16e-05   	210.418   	23.8549   	
2.165e-05   	209.999   	23.9986   	
2.17e-05   	210.071   	23.7766   	
2.175e-05   	210.267   	23.7721   	
2.18e-05   	210.706   	23.7756   	
2.185e-05   	211.179   	23.8316   	
2.19e-05   	211.176   	23.818   	
2.195e-05   	211.264   	23.9348   	
2.2e-05   	211.242   	24.2084   	
2.205e-05   	211.617   	24.0915   	
2.21e-05   	211.721   	24.5806   	
2.215e-05   	211.526   	24.5575   	
2.22e-05   	211.809   	24.3437   	
2.225e-05   	211.879   	24.4701   	
2.23e-05   	212.22   	24.3365   	
2.235e-05   	212.295   	24.291   	
2.24e-05   	212.499   	24.183   	
2.245e-05   	212.818   	24.5853   	
2.25e-05   	212.876   	24.2581   	
2.255e-05   	212.708   	24.6305   	
2.26e-05   	212.473   	25.0046   	
2.265e-05   	212.984   	25.0826   	
2.27e-05   	212.908   	25.4515   	
2.275e-05   	212.985   	25.6446   	
2.28e-05   	212.935   	26.1212   	
2.285e-05   	212.949   	25.7373   	
2.29e-05   	213.294   	25.3586   	
2.295e-05   	213.352   	25.3682   	
2.3e-05   	213.128   	25.4164   	
2.305e-05   	213.43   	25.6561   	
2.31e-05   	213.716   	25.1189   	
2.315e-05   	213.715   	25.4037   	
2.32e-05   	213.682   	25.4924   	
2.325e-05   	213.711   	25.0895   	
2.33e-05   	214.212   	24.751   	
2.335e-05   	214.59   	24.8807   	
2.34e-05   	214.888   	25.0383   	
2.345e-05   	215.171   	24.6923   	
2.35e-05   	215.368   	24.9903   	
2.355e-05   	215.325   	25.6356   	
2.36e-05   	215.301   	25.4979   	
2.365e-05   	215.61   	25.7308   	
2.37e-05   	215.792   	26.078   	
2.375e-05   	216.163   	26.2977   	
2.38e-05   	216.171   	26.5701   	
2.385e-05   	216.391   	26.8378   	
2.39e-05   	216.513   	27.1624   	
2.395e-05   	216.648   	26.4023   	
2.4e-05   	216.909   	26.6714   	
2.405e-05   	217.272   	26.687   	
2.41e-05   	217.234   	26.7347   	
2.415e-05   	217.374   	26.6903   	
2.42e-05   	217.131   	26.5382   	
2.425e-05   	217.556   	26.7662   	
2.43e-05   	217.554   	26.9887   	
2.435e-05   	217.822   	27.2116   	
2.44e-05   	218.033   	26.6895   	
2.445e-05   	218.321   	26.3835   	
2.45e-05   	218.288   	26.1341   	
2.455e-05   	218.223   	26.1978   	
2.46e-05   	218.259   	26.1879   	
2.465e-05   	218.179   	26.0434   	
2.47e-05   	217.792   	26.0773   	
2.475e-05   	217.794   	26.3403   	
2.48e-05   	217.868   	26.261   	
2.485e-05   	217.802   	26.29   	
2.49e-05   	218.118   	26.5122   	
2.495e-05   	218.054   	26.8151   	
2.5e-05   	217.948   	26.8101   	
2.505e-05   	218.058   	26.5213   	
2.51e-05   	218.12   	26.7492   	
2.515e-05   	217.947   	26.5133   	
2.52e-05   	218.182   	26.691   	
2.525e-05   	218.099   	26.854   	
2.53e-05   	218.216   	27.1774   	
2.535e-05   	218.116   	27.2249   	
2.54e-05   	218.225   	27.2645   	
2.545e-05   	218.4   	26.9217   	
2.55e-05   	218.236   	26.9904   	
2.555e-05   	218.116   	27.0021   	
2.56e-05   	217.923   	26.7957   	
2.565e-05   	218.391   	26.5938   	
2.57e-05   	218.605   	26.5295   	
2.575e-05   	219.256   	26.5393   	
2.58e-05   	219.31   	26.3487   	
2.585e-05   	219.44   	26.2595   	
2.59e-05   	219.499   	26.673   	
2.595e-05   	219.764   	26.4084   	
2.6e-05   	219.918   	26.9229   	
2.605e-05   	219.778   	27.1572   	
2.61e-05   	219.919   	27.1008   	
2.615e-05   	219.912   	27.0951   	
2.62e-05   	220.46   	27.3243   	
2.625e-05   	220.594   	27.0481   	
2.63e-05   	220.897   	27.0463   	
2.635e-05   	220.974   	27.1008   	
2.64e-05   	221.079   	27.2135   	
2.645e-05   	220.998   	27.3425   	
2.65e-05   	220.87   	27.8102   	
2.655e-05   	221.199   	27.8137   	
2.66e-05   	220.94   	28.0595   	
2.665e-05   	221.411   	28.0645   	
2.67e-05   	221.342   	28.9472   	
2.675e-05   	221.395   	28.4521   	
2.68e-05   	221.484   	28.4106   	
2.685e-05   	221.667   	28.2007   	
2.69e-05   	221.264   	28.3781   	
2.695e-05   	221.644   	28.4994   	
2.7e-05   	221.733   	28.3913   	
2.705e-05   	221.923   	28.8882   	
2.71e-05   	222.061   	28.904   	
2.715e-05   	221.894   	28.6511   	
2.72e-05   	222.243   	28.2388   	
2.725e-05   	222.829   	28.1401   	
2.73e-05   	223   	28.6026   	
2.735e-05   	223.4   	28.3648   	
2.74e-05   	223.379   	28.3643   	
2.745e-05   	223.452   	28.9797   	
2.75e-05   	223.719   	28.9884   	
2.755e-05   	223.834   	29.3236   	
2.76e-05   	224.115   	29.32   	
2.765e-05   	224.303   	29.5061   	
2.77e-05   	224.767   	29.3618   	
2.775e-05   	224.66   	29.5496   	
2.78e-05   	225.069   	30.147   	
2.785e-05   	225.221   	29.8699   	
2.79e-05   	225.42   	29.7016   	
2.795e-05   	225.602   	29.4132   	
2.8e-05   	225.682   	29.4457   	
2.805e-05   	226.017   	29.5955   	
2.81e-05   	225.646   	28.8963   	
2.815e-05   	226.193   	29.2682   	
2.82e-05   	226.256   	29.5013   	
2.825e-05   	226.44   	29.8955   	
2.83e-05   	226.984   	29.2713   	
2.835e-05   	226.98   	29.4036   	
2.84e-05   	227.05   	28.9628   	
2.845e-05   	226.919   	29.0458   	
2.85e-05   	226.938   	29.0942   	
2.855e-05   	227.035   	28.8265   	
2.86e-05   	226.639   	28.7072   	
2.865e-05   	226.638   	28.8606   	
2.87e-05   	226.345   	29.1486   	
2.875e-05   	226.709   	28.5286   	
2.88e-05   	226.763   	28.6842   	
2.885e-05   	227.049   	28.8117   	
2.89e-05   	227.012   	28.8631   	
2.895e-05   	227.384   	28.7207   	
2.9e-05   	227.33   	28.6804   	
2.905e-05   	227.183   	28.3585   	
2.91e-05   	227.344   	28.3005   	
2.915e-05   	227.429   	28.6905   	
2.92e-05   	227.318   	28.9517   	
2.925e-05   	227.117   	29.098   	
2.93e-05   	227.494   	29.2136   	
2.935e-05   	227.314   	29.2926   	
2.94e-05   	227.491   	29.3498   	
2.945e-05   	227.414   	29.2893   	
2.95e-05   	227.311   	29.1348   	
2.955e-05   	227.458   	28.927   	
2.96e-05   	227.659   	28.7744   	
2.965e-05   	228.365   	28.7734   	
2.97e-05   	228.674   	28.4869   	
2.975e-05   	228.496   	28.5818   	
2.98e-05   	228.431   	29.0621   	
2.985e-05   	228.724   	29.1669   	
2.99e-05   	228.859   	29.4171   	
2.995e-05   	228.869   	29.5028   	
3e-05   	228.898   	29.4456   	
3.005e-05   	229.184   	29.2933   	
3.01e-05   	229.325   	29.7392   	
3.015e-05   	229.661   	29.4096   	
3.02e-05   	229.871   	29.1346   	
3.025e-05   	229.977   	29.3841   	
3.03e-05   	230.231   	29.5823   	
3.035e-05   	230.172   	29.4518   	
3.04e-05   	230.256   	29.4739   	
3.045e-05   	230.23   	29.7164   	
3.05e-05   	230.422   	29.7943   	
3.055e-05   	230.584   	29.5621   	
3.06e-05   	230.593   	30.0709   	
3.065e-05   	230.558   	29.773   	
3.07e-05   	230.88   	29.7519   	
3.075e-05   	230.878   	29.5741   	
3.08e-05   	230.849   	29.5439   	
3.085e-05   	230.998   	29.6524   	
3.09e-05   	231.449   	29.3511   	
3.095e-05   	231.33   	29.7428   	
3.1e-05   	231.575   	29.8015   	
3.105e-05   	231.528   	29.7757   	
3.11e-05   	231.647   	29.7071   	
3.115e-05   	232.094   	29.1302   	
3.12e-05   	232.339   	29.6524   	
3.125e-05   	232.855   	29.8598   	
3.13e-05   	232.766   	29.6906   	
3.135e-05   	232.705   	30.103   	
3.14e-05   	233.033   	30.1056   	
3.145e-05   	233.011   	30.1617   	
3.15e-05   	233.187   	30.5264   	
3.155e-05   	233.412   	30.425   	
3.16e-05   	233.745   	30.4484   	
3.165e-05   	233.783   	30.7139   	
3.17e-05   	234.037   	30.8278   	
3.175e-05   	234.379   	30.3295   	
3.18e-05   	234.246   	29.9326   	
3.185e-05   	234.752   	29.8904   	
3.19e-05   	234.733   	30.0918   	
3.195e-05   	235.087   	29.977   	
3.2e-05   	234.845   	29.4206   	
3.205e-05   	235.118   	29.6665   	
3.21e-05   	235.322   	29.8536   	
3.215e-05   	235.415   	30.062   	
3.22e-05   	235.922   	29.6663   	
3.225e-05   	235.795   	29.8019   	
3.23e-05   	236.121   	29.5538   	
3.235e-05   	235.74   	29.6342   	
3.24e-05   	235.877   	29.9864   	
3.245e-05   	235.713   	29.5623   	
3.25e-05   	235.47   	29.7204   	
3.255e-05   	235.437   	29.6465   	
3.26e-05   	235.457   	30.035   	
3.265e-05   	235.705   	29.6873   	
3.27e-05   	235.691   	29.3254   	
3.275e-05   	235.887   	29.4774   	
3.28e-05   	236.205   	29.4473   	
3.285e-05   	236.087   	29.5009   	
3.29e-05   	236.235   	29.1257   	
3.295e-05   	236.126   	29.3014   	
3.3e-05   	236.213   	29.0709   	
3.305e-05   	236.349   	29.4475   	
3.31e-05   	236.213   	29.6562   	
3.315e-05   	236.227   	29.9197   	
3.32e-05   	236.447   	29.9537   	
3.325e-05   	236.266   	30.0442   	
3.33e-05   	236.469   	30.2709   	
3.335e-05   	236.365   	30.4135   	
3.34e-05   	236.249   	30.2885   	
3.345e-05   	236.287   	29.9555   	
3.35e-05   	236.463   	30.054   	
3.355e-05   	236.851   	30.0699   	
3.36e-05   	237.568   	30.2078   	
3.365e-05   	237.313   	30.2484   	
3.37e-05   	237.466   	30.6263   	
3.375e-05   	237.64   	30.5226   	
3.38e-05   	237.956   	30.5176   	
3.385e-05   	237.754   	30.8593   	
3.39e-05   	237.873   	30.8183   	
3.395e-05   	238.201   	30.5625   	
3.4e-05   	238.457   	30.951   	
3.405e-05   	238.782   	30.4752   	
3.41e-05   	238.936   	30.1975   	
3.415e-05   	239.025   	30.3726   	
3.42e-05   	239.352   	30.6743   	
3.425e-05   	239.404   	30.4676   	
3.43e-05   	239.553   	30.4361   	
3.435e-05   	239.245   	30.5395   	
3.44e-05   	239.655   	30.2532   	
3.445e-05   	239.8   	29.8318   	
3.45e-05   	239.919   	30.2294   	
3.455e-05   	239.793   	30.199   	
3.46e-05   	239.858   	30.1743   	
3.465e-05   	240.212   	30.0053   	
3.47e-05   	240.19   	30.1264   	
3.475e-05   	240.251   	30.1106   	
3.48e-05   	240.424   	29.9426   	
3.485e-05   	240.59   	30.1221   	
3.49e-05   	240.612   	30.2831   	
3.495e-05   	240.646   	30.319   	
3.5e-05   	240.628   	30.1198   	
3.505e-05   	241.269   	29.777   	
3.51e-05   	241.655   	30.4425   	
3.515e-05   	241.95   	30.5875   	
3.52e-05   	242.266   	30.2745   	
3.525e-05   	242.126   	30.3525   	
3.53e-05   	242.443   	30.3073   	
3.535e-05   	242.497   	30.1631   	
3.54e-05   	242.845   	30.0766   	
3.545e-05   	242.962   	30.2565   	
3.55e-05   	243.403   	30.4459   	
3.555e-05   	243.282   	30.4138   	
3.56e-05   	243.549   	30.6778   	
3.565e-05   	243.829   	30.4552   	
3.57e-05   	244.074   	29.6187   	
3.575e-05   	244.371   	29.5721   	
3.58e-05   	244.535   	29.8613   	
3.585e-05   	244.941   	29.6564   	
3.59e-05   	244.774   	29.1696   	
3.595e-05   	244.894   	29.1687   	
3.6e-05   	245.331   	29.2886   	
3.605e-05   	245.407   	29.8655   	
3.61e-05   	245.72   	29.962   	
3.615e-05   	245.775   	29.755   	
3.62e-05   	246.249   	29.468   	
3.625e-05   	246.121   	29.4462   	
3.63e-05   	246.142   	29.6335   	
3.635e-05   	246.044   	29.3611   	
3.64e-05   	245.986   	29.317   	
3.645e-05   	245.77   	29.2684   	
3.65e-05   	245.807   	29.4321   	
3.655e-05   	246.023   	29.3939   	
3.66e-05   	246.244   	28.8871   	
3.665e-05   	246.638   	29.1063   	
3.67e-05   	246.799   	28.7997   	
3.675e-05   	246.779   	28.7744   	
3.68e-05   	246.843   	28.4156   	
3.685e-05   	246.944   	28.1736   	
3.69e-05   	247.051   	27.8328   	
3.695e-05   	247.044   	27.999   	
3.7e-05   	247.119   	28.5772   	
3.705e-05   	247.088   	28.6324   	
3.71e-05   	247.065   	28.5799   	
3.715e-05   	247.127   	28.3836   	
3.72e-05   	247.179   	28.4032   	
3.725e-05   	247.323   	28.9126   	
3.73e-05   	246.992   	28.9125   	
3.735e-05   	246.986   	28.5535   	
3.74e-05   	247.205   	28.3143   	
3.745e-05   	247.691   	28.1092   	
3.75e-05   	248.299   	28.3642   	
3.755e-05   	248.304   	28.2647   	
3.76e-05   	248.502   	28.4119   	
3.765e-05   	248.626   	28.6849   	
3.77e-05   	248.849   	28.4323   	
3.775e-05   	249.067   	28.7403   	
3.78e-05   	249.023   	29.0279   	
3.785e-05   	249.219   	28.9697   	
3.79e-05   	249.347   	28.9387   	
3.795e-05   	249.717   	28.9212   	
3.8e-05   	249.91   	28.5907   	
3.805e-05   	250.221   	29.0159   	
3.81e-05   	250.495   	29.1732   	
3.815e-05   	250.631   	29.0725   	
3.82e-05   	250.58   	29.2421   	
3.825e-05   	250.565   	29.1082   	
3.83e-05   	251.083   	28.9294   	
3.835e-05   	250.884   	28.7633   	
3.84e-05   	251.231   	28.9129   	
3.845e-05   	251.139   	29.1442   	
3.85e-05   	251.2   	29.0317   	
3.855e-05   	251.525   	28.832   	
3.86e-05   	251.55   	29.2233   	
3.865e-05   	251.348   	29.0005   	
3.87e-05   	251.571   	29.283   	
3.875e-05   	251.894   	28.9309   	
3.88e-05   	251.914   	29.2028   	
3.885e-05   	251.97   	29.1801   	
3.89e-05   	252.021   	29.0435   	
3.895e-05   	252.524   	28.7065   	
3.9e-05   	252.955   	29.1601   	
3.905e-05   	253.295   	29.4723   	
3.91e-05   	253.542   	29.0758   	
3.915e-05   	253.757   	28.8667   	
3.92e-05   	253.669   	28.6929   	
3.925e-05   	253.936   	28.4766   	
3.93e-05   	254.067   	28.5589   	
3.935e-05   	254.37   	28.857   	
3.94e-05   	254.796   	28.8438   	
3.945e-05   	254.88   	28.895   	
3.95e-05   	255.008   	29.1357   	
3.955e-05   	255.236   	29.043   	
3.96e-05   	255.483   	28.0652   	
3.965e-05   	255.805   	27.9649   	
3.97e-05   	256.189   	27.9888   	
3.975e-05   	256.14   	28.0357   	
3.98e-05   	256.401   	27.8051   	
3.985e-05   	256.156   	27.5429   	
3.99e-05   	256.644   	27.6   	
3.995e-05   	256.63   	27.8134   	
4e-05   	256.899   	28.1729   	
4.005e-05   	257.226   	27.9333   	
4.01e-05   	257.45   	28.0973   	
4.015e-05   	257.515   	27.95   	
4.02e-05   	257.53   	28.033   	
4.025e-05   	257.503   	27.8868   	
4.03e-05   	257.537   	27.6528   	
4.035e-05   	257.252   	27.5616   	
4.04e-05   	257.35   	27.6812   	
4.045e-05   	257.351   	27.8098   	
4.05e-05   	257.654   	27.363   	
4.055e-05   	258.012   	27.3912   	
4.06e-05   	258.146   	27.1614   	
4.065e-05   	258.049   	26.8945   	
4.07e-05   	258.282   	26.6776   	
4.075e-05   	258.424   	26.4083   	
4.08e-05   	258.31   	26.0743   	
4.085e-05   	258.582   	26.2471   	
4.09e-05   	258.469   	26.3854   	
4.095e-05   	258.622   	26.5213   	
4.1e-05   	258.496   	26.6956   	
4.105e-05   	258.698   	26.7207   	
4.11e-05   	258.724   	26.4513   	
4.115e-05   	258.594   	26.9623   	
4.12e-05   	258.447   	27.1721   	
4.125e-05   	258.354   	26.7324   	
4.13e-05   	258.66   	26.6535   	
4.135e-05   	258.877   	26.6848   	
4.14e-05   	259.63   	27.0893   	
4.145e-05   	259.852   	26.7255   	
4.15e-05   	259.931   	26.832   	
4.155e-05   	259.86   	26.9921   	
4.16e-05   	260.292   	26.668   	
4.165e-05   	260.431   	26.6713   	
4.17e-05   	260.452   	26.9492   	
4.175e-05   	260.598   	27.2875   	
4.18e-05   	260.665   	26.9339   	
4.185e-05   	261.094   	27.0205   	
4.19e-05   	261.285   	26.5749   	
4.195e-05   	261.649   	26.7829   	
4.2e-05   	261.763   	26.8331   	
4.205e-05   	262.201   	27.1821   	
4.21e-05   	262.158   	27.138   	
4.215e-05   	262.215   	26.7564   	
4.22e-05   	262.34   	26.6068   	
4.225e-05   	262.292   	26.248   	
4.23e-05   	262.667   	25.9846   	
4.235e-05   	262.699   	26.2558   	
4.24e-05   	262.601   	26.0847   	
4.245e-05   	262.865   	26.0003   	
4.25e-05   	263.065   	26.2792   	
4.255e-05   	262.665   	26.2317   	
4.26e-05   	262.981   	26.3414   	
4.265e-05   	263.301   	26.2156   	
4.27e-05   	263.423   	26.9036   	
4.275e-05   	263.558   	26.7717   	
4.28e-05   	263.413   	26.6608   	
4.285e-05   	263.766   	26.5934   	
4.29e-05   	264.312   	26.6246   	
4.295e-05   	264.412   	26.6017   	
4.3e-05   	264.881   	26.3824   	
4.305e-05   	264.927   	26.2991   	
4.31e-05   	265.078   	26.0786   	
4.315e-05   	265.251   	25.9302   	
4.32e-05   	265.397   	26.1439   	
4.325e-05   	265.678   	26.6321   	
4.33e-05   	265.949   	26.4126   	
4.335e-05   	266.436   	26.2715   	
4.34e-05   	266.272   	26.5498   	
4.345e-05   	266.758   	26.4049   	
4.35e-05   	266.919   	25.6331   	
4.355e-05   	267.096   	25.4313   	
4.36e-05   	267.39   	25.6934   	
4.365e-05   	267.547   	25.7202   	
4.37e-05   	267.728   	25.951   	
4.375e-05   	267.457   	25.1751   	
4.38e-05   	268.018   	25.1586   	
4.385e-05   	268.153   	25.1884   	
4.39e-05   	268.261   	25.6873   	
4.395e-05   	268.862   	25.3019   	
4.4e-05   	268.806   	25.5344   	
4.405e-05   	268.94   	25.5233   	
4.41e-05   	268.827   	25.5104   	
4.415e-05   	268.934   	25.5261   	
4.42e-05   	269.045   	25.3143   	
4.425e-05   	268.732   	25.3246   	
4.43e-05   	268.757   	25.4842   	
4.435e-05   	268.61   	25.8206   	
4.44e-05   	269.078   	25.5197   	
4.445e-05   	269.191   	25.2566   	
4.45e-05   	269.595   	25.1593   	
4.455e-05   	269.529   	24.8707   	
4.46e-05   	269.832   	24.5364   	
4.465e-05   	269.863   	24.5589   	
4.47e-05   	269.806   	24.412   	
4.475e-05   	269.838   	24.3652   	
4.48e-05   	269.975   	24.6048   	
4.485e-05   	269.975   	24.7978   	
4.49e-05   	269.658   	25.1141   	
4.495e-05   	270.08   	24.891   	
4.5e-05   	269.882   	24.7   	
4.505e-05   	270.171   	24.9952   	
4.51e-05   	269.994   	25.3164   	
4.515e-05   	269.994   	25.1883   	
4.52e-05   	270.131   	25.2122   	
4.525e-05   	270.222   	25.1251   	
4.53e-05   	270.862   	25.4095   	
4.535e-05   	271.268   	25.2377   	
4.54e-05   	271.164   	25.2942   	
4.545e-05   	271.281   	25.409   	
4.55e-05   	271.597   	25.755   	
4.555e-05   	271.837   	25.6731   	
4.56e-05   	271.858   	25.6485   	
4.565e-05   	271.852   	25.9441   	
4.57e-05   	272.282   	25.8257   	
4.575e-05   	272.26   	25.8955   	
4.58e-05   	272.673   	25.6062   	
4.585e-05   	272.862   	25.4312   	
4.59e-05   	273.123   	25.6684   	
4.595e-05   	273.45   	26.13   	
4.6e-05   	273.573   	25.5933   	
4.605e-05   	273.656   	25.4249   	
4.61e-05   	273.513   	25.3902   	
4.615e-05   	273.727   	25.2079   	
4.62e-05   	273.96   	24.8137   	
4.625e-05   	273.917   	24.7966   	
4.63e-05   	273.892   	24.7954   	
4.635e-05   	274.279   	24.767   	
4.64e-05   	274.386   	24.7195   	
4.645e-05   	274.301   	24.8091   	
4.65e-05   	274.337   	24.6652   	
4.655e-05   	274.76   	24.3374   	
4.66e-05   	274.673   	24.9068   	
4.665e-05   	275.01   	25.0204   	
4.67e-05   	274.955   	24.9008   	
4.675e-05   	275.052   	24.9677   	
4.68e-05   	275.595   	24.6616   	
4.685e-05   	275.967   	24.9948   	
4.69e-05   	276.414   	24.968   	
4.695e-05   	276.566   	25.048   	
4.7e-05   	276.558   	24.9047   	
4.705e-05   	276.863   	24.6107   	
4.71e-05   	276.784   	24.7045   	
4.715e-05   	277.068   	25.2022   	
4.72e-05   	277.312   	25.1758   	
4.725e-05   	277.722   	25.1973   	
4.73e-05   	277.654   	25.0361   	
4.735e-05   	277.928   	25.3626   	
4.74e-05   	278.31   	24.9486   	
4.745e-05   	278.423   	24.4843   	
4.75e-05   	278.808   	24.6064   	
4.755e-05   	278.886   	24.6461   	
4.76e-05   	279.25   	24.7642   	
4.765e-05   	278.934   	24.2869   	
4.77e-05   	279.183   	24.2298   	
4.775e-05   	279.554   	23.9686   	
4.78e-05   	279.719   	24.1418   	
4.785e-05   	280.045   	23.9584   	
4.79e-05   	280.105   	24.0796   	
4.795e-05   	280.565   	24.1198   	
4.8e-05   	280.251   	24.2087   	
4.805e-05   	280.488   	24.4445   	
4.81e-05   	280.454   	24.1058   	
4.815e-05   	280.225   	24.0341   	
4.82e-05   	280.108   	24.0801   	
4.825e-05   	280.103   	24.6551   	
4.83e-05   	280.54   	24.5738   	
4.835e-05   	280.633   	24.2388   	
4.84e-05   	280.856   	24.1272   	
4.845e-05   	281.172   	23.9125   	
4.85e-05   	281.122   	23.8119   	
4.855e-05   	281.246   	23.4385   	
4.86e-05   	281.197   	23.2381   	
4.865e-05   	281.331   	23.2191   	
4.87e-05   	281.398   	23.5559   	
4.875e-05   	281.362   	23.3673   	
4.88e-05   	281.445   	23.4749   	
4.885e-05   	281.436   	23.4415   	
4.89e-05   	281.425   	23.0121   	
4.895e-05   	281.587   	23.2855   	
4.9e-05   	281.546   	23.5971   	
4.905e-05   	281.436   	23.61   	
4.91e-05   	281.346   	23.3838   	
4.915e-05   	281.664   	23.1724   	
4.92e-05   	282.062   	23.1283   	
4.925e-05   	282.778   	23.5352   	
4.93e-05   	282.591   	23.5931   	
4.935e-05   	282.756   	23.7256   	
4.94e-05   	282.852   	23.9184   	
4.945e-05   	283.268   	23.7938   	
4.95e-05   	283.193   	24.1896   	
4.955e-05   	283.298   	24.6147   	
4.96e-05   	283.572   	24.5272   	
4.965e-05   	283.764   	24.628   	
4.97e-05   	284.054   	24.3874   	
4.975e-05   	284.227   	24.2026   	
4.98e-05   	284.426   	24.2363   	
4.985e-05   	284.911   	24.7402   	
4.99e-05   	284.979   	24.0562   	
4.995e-05   	285.07   	23.838   	
5e-05   	284.856   	23.5641   	
5.005e-05   	285.306   	23.2044   	
5.01e-05   	285.305   	22.7079   	
5.015e-05   	285.491   	22.6568   	
5.02e-05   	285.381   	22.5951   	
5.025e-05   	285.428   	22.6881   	
5.03e-05   	285.81   	22.3032   	
5.035e-05   	285.89   	22.6717   	
5.04e-05   	285.781   	22.374   	
5.045e-05   	285.981   	22.3873   	
5.05e-05   	286.129   	22.667   	
5.055e-05   	286.316   	22.9436   	
5.06e-05   	286.336   	22.841   	
5.065e-05   	286.289   	22.807   	
5.07e-05   	286.936   	22.4606   	
5.075e-05   	287.23   	23.2776   	
5.08e-05   	287.678   	23.0994   	
5.085e-05   	287.943   	23.1483   	
5.09e-05   	287.968   	23.183   	
5.095e-05   	288.135   	22.8027   	
5.1e-05   	288.224   	22.8049   	
5.105e-05   	288.538   	22.7435   	
5.11e-05   	288.674   	23.1156   	
5.115e-05   	289.145   	22.8847   	
5.12e-05   	289.133   	22.6668   	
5.125e-05   	289.275   	22.6394   	
5.13e-05   	289.518   	22.831   	
5.135e-05   	289.695   	22.1035   	
5.14e-05   	290.096   	22.0459   	
5.145e-05   	290.345   	22.0634   	
5.15e-05   	290.619   	21.8812   	
5.155e-05   	290.579   	21.7389   	
5.16e-05   	290.612   	21.5539   	
5.165e-05   	291.076   	21.4392   	
5.17e-05   	291.096   	21.2207   	
5.175e-05   	291.38   	21.1555   	
5.18e-05   	291.412   	21.037   	
5.185e-05   	291.875   	21.2488   	
5.19e-05   	291.737   	21.3845   	
5.195e-05   	291.823   	21.6958   	
5.2e-05   	291.84   	21.5872   	
5.205e-05   	291.759   	21.4194   	
5.21e-05   	291.43   	21.7258   	
5.215e-05   	291.574   	22.3232   	
5.22e-05   	291.796   	22.1423   	
5.225e-05   	292.048   	21.9363   	
5.23e-05   	292.378   	21.9676   	
5.235e-05   	292.497   	21.3623   	
5.24e-05   	292.442   	21.2757   	
5.245e-05   	292.631   	20.9969   	
5.25e-05   	292.699   	20.7726   	
5.255e-05   	292.681   	20.5059   	
5.26e-05   	292.852   	20.794   	
5.265e-05   	292.887   	20.7802   	
5.27e-05   	292.779   	20.4486   	
5.275e-05   	292.841   	20.5046   	
5.28e-05   	292.822   	20.4357   	
5.285e-05   	293.024   	20.4749   	
5.29e-05   	292.996   	21.009   	
5.295e-05   	292.776   	20.9408   	
5.3e-05   	292.74   	20.9008   	
5.305e-05   	292.969   	20.8534   	
5.31e-05   	293.475   	20.5198   	
5.315e-05   	294.029   	20.8465   	
5.32e-05   	294.053   	20.8213   	
5.325e-05   	294.257   	21.3008   	
5.33e-05   	294.304   	21.656   	
5.335e-05   	294.57   	21.4488   	
5.34e-05   	294.846   	21.6465   	
5.345e-05   	294.762   	22.1674   	
5.35e-05   	294.988   	22.0647   	
5.355e-05   	295.021   	21.7428   	
5.36e-05   	295.527   	21.8212   	
5.365e-05   	295.616   	21.379   	
5.37e-05   	295.882   	21.5758   	
5.375e-05   	296.215   	21.6571   	
5.38e-05   	296.432   	21.4924   	
5.385e-05   	296.365   	21.5123   	
5.39e-05   	296.33   	20.9806   	
5.395e-05   	296.786   	21.0089   	
5.4e-05   	296.658   	20.499   	
5.405e-05   	297.041   	20.485   	
5.41e-05   	296.831   	20.4114   	
5.415e-05   	296.974   	20.5793   	
5.42e-05   	297.219   	20.2423   	
5.425e-05   	297.252   	20.6277   	
5.43e-05   	296.974   	20.3525   	
5.435e-05   	297.324   	20.143   	
5.44e-05   	297.65   	20.3202   	
5.445e-05   	297.697   	20.7514   	
5.45e-05   	297.744   	20.8678   	
5.455e-05   	297.701   	20.6457   	
5.46e-05   	298.151   	20.5298   	
5.465e-05   	298.692   	20.9916   	
5.47e-05   	299.006   	21.0204   	
5.475e-05   	299.231   	21.1249   	
5.48e-05   	299.411   	21.1811   	
5.485e-05   	299.383   	20.6633   	
5.49e-05   	299.66   	20.4763   	
5.495e-05   	299.746   	20.9317   	
5.5e-05   	300.103   	21.011   	
5.505e-05   	300.432   	20.9492   	
5.51e-05   	300.635   	20.7961   	
5.515e-05   	300.656   	20.7305   	
5.52e-05   	300.934   	20.8172   	
5.525e-05   	301.261   	20.44   	
5.53e-05   	301.543   	20.3873   	
5.535e-05   	301.947   	20.4694   	
5.54e-05   	301.848   	20.3957   	
5.545e-05   	302.171   	19.9469   	
5.55e-05   	301.848   	19.7541   	
5.555e-05   	302.411   	19.7606   	
5.56e-05   	302.364   	19.2939   	
5.565e-05   	302.605   	19.1328   	
5.57e-05   	302.973   	18.8756   	
5.575e-05   	303.229   	19.1638   	
5.58e-05   	303.213   	19.2678   	
5.585e-05   	303.285   	19.6699   	
5.59e-05   	303.345   	19.713   	
5.595e-05   	303.303   	19.5041   	
5.6e-05   	303.03   	19.7052   	
5.605e-05   	303.052   	20.2137   	
5.61e-05   	303.039   	20.4755   	
5.615e-05   	303.448   	20.7246   	
5.62e-05   	303.685   	20.2874   	
5.625e-05   	303.856   	19.9406   	
5.63e-05   	303.668   	19.9559   	
5.635e-05   	304.064   	19.6288   	
5.64e-05   	304.276   	19.7835   	
5.645e-05   	303.996   	19.6013   	
5.65e-05   	304.328   	19.6149   	
5.655e-05   	304.222   	19.6069   	
5.66e-05   	304.285   	19.4886   	
5.665e-05   	304.277   	19.5689   	
5.67e-05   	304.397   	19.7101   	
5.675e-05   	304.35   	19.4511   	
5.68e-05   	304.339   	19.8268   	
5.685e-05   	304.216   	20.0227   	
5.69e-05   	304.124   	19.6602   	
5.695e-05   	304.352   	19.7526   	
5.7e-05   	304.572   	19.5156   	
5.705e-05   	305.3   	20.3033   	
5.71e-05   	305.586   	20.0291   	
5.715e-05   	305.6   	20.3926   	
5.72e-05   	305.581   	20.3757   	
5.725e-05   	305.989   	20.4423   	
5.73e-05   	306.095   	20.5584   	
5.735e-05   	306.221   	20.958   	
5.74e-05   	306.26   	21.2356   	
5.745e-05   	306.486   	20.5969   	
5.75e-05   	306.765   	20.7423   	
5.755e-05   	307.022   	20.7312   	
5.76e-05   	307.307   	20.6596   	
5.765e-05   	307.498   	20.6505   	
5.77e-05   	307.912   	20.9382   	
5.775e-05   	307.879   	20.5828   	
5.78e-05   	307.982   	19.815   	
5.785e-05   	308.005   	19.6646   	
5.79e-05   	308.131   	19.1429   	
5.795e-05   	308.419   	18.8081   	
5.8e-05   	308.417   	18.4041   	
5.805e-05   	308.33   	19.0146   	
5.81e-05   	308.484   	19.1879   	
5.815e-05   	308.789   	19.1576   	
5.82e-05   	308.427   	18.9523   	
5.825e-05   	308.823   	18.862   	
5.83e-05   	309.111   	19.1184   	
5.835e-05   	309.066   	19.4243   	
5.84e-05   	309.269   	19.5119   	
5.845e-05   	309.185   	19.3103   	
5.85e-05   	309.449   	19.3899   	
5.855e-05   	309.929   	19.4391   	
5.86e-05   	310.084   	19.6284   	
5.865e-05   	310.634   	20.0168   	
5.87e-05   	310.7   	20.407   	
5.875e-05   	310.766   	20.1097   	
5.88e-05   	311.128   	19.6871   	
5.885e-05   	311.161   	19.8963   	
5.89e-05   	311.378   	20.163   	
5.895e-05   	311.613   	19.8205   	
5.9e-05   	312.192   	19.5468   	
5.905e-05   	312.055   	19.4725   	
5.91e-05   	312.414   	19.5619   	
5.915e-05   	312.713   	19.4484   	
5.92e-05   	312.78   	19.2851   	
5.925e-05   	313.174   	19.6856   	
5.93e-05   	313.263   	19.2579   	
5.935e-05   	313.514   	19.1041   	
5.94e-05   	313.239   	18.9643   	
5.945e-05   	313.658   	18.8308   	
5.95e-05   	313.959   	18.5711   	
5.955e-05   	314.001   	18.157   	
5.96e-05   	314.555   	17.5049   	
5.965e-05   	314.465   	17.7126   	
5.97e-05   	314.686   	17.7206   	
5.975e-05   	314.534   	18.0719   	
5.98e-05   	314.711   	18.5149   	
5.985e-05   	314.783   	18.2793   	
5.99e-05   	314.446   	18.4825   	
5.995e-05   	314.511   	19.0302   	
6e-05   	314.41   	19.5623   	
6.005e-05   	314.787   	19.8616   	
6.01e-05   	314.885   	19.5466   	
6.015e-05   	315.323   	19.4662   	
6.02e-05   	315.346   	19.4723   	
6.025e-05   	315.54   	19.0673   	
6.03e-05   	315.548   	19.5792   	
6.035e-05   	315.529   	19.3912   	
6.04e-05   	315.569   	19.38   	
6.045e-05   	315.684   	19.4696   	
6.05e-05   	315.696   	19.3848   	
6.055e-05   	315.54   	19.42   	
6.06e-05   	315.89   	19.4186   	
6.065e-05   	315.595   	19.1233   	
6.07e-05   	315.926   	19.3813   	
6.075e-05   	315.732   	19.7997   	
6.08e-05   	315.696   	19.5126   	
6.085e-05   	315.802   	19.5445   	
6.09e-05   	315.937   	19.423   	
6.095e-05   	316.449   	19.6923   	
6.1e-05   	317.015   	19.6291   	
6.105e-05   	316.964   	19.5288   	
6.11e-05   	317.094   	19.8515   	
6.115e-05   	317.324   	20.0215   	
6.12e-05   	317.66   	19.9569   	
6.125e-05   	317.512   	20.3977   	
6.13e-05   	317.518   	20.8343   	
6.135e-05   	317.96   	20.4198   	
6.14e-05   	318.071   	20.4872   	
6.145e-05   	318.501   	20.3107   	
6.15e-05   	318.605   	20.4768   	
6.155e-05   	318.876   	20.2941   	
6.16e-05   	319.191   	20.4634   	
6.165e-05   	319.354   	20.0612   	
6.17e-05   	319.411   	19.803   	
6.175e-05   	319.171   	19.2761   	
6.18e-05   	319.469   	19.0457   	
6.185e-05   	319.588   	18.5373   	
6.19e-05   	319.646   	18.1808   	
6.195e-05   	319.781   	18.6474   	
6.2e-05   	319.941   	18.6312   	
6.205e-05   	320.125   	18.5032   	
6.21e-05   	319.982   	18.7042   	
6.215e-05   	320.084   	18.3374   	
6.22e-05   	320.405   	18.7527   	
6.225e-05   	320.41   	19.1955   	
6.23e-05   	320.697   	19.5926   	
6.235e-05   	320.68   	19.1884   	
6.24e-05   	320.799   	19.4432   	
6.245e-05   	321.224   	19.1436   	
6.25e-05   	321.683   	19.5062   	
6.255e-05   	322.121   	19.8696   	
6.26e-05   	322.29   	20.2488   	
6.265e-05   	322.17   	20.0908   	
6.27e-05   	322.509   	19.3908   	
6.275e-05   	322.43   	19.3933   	
6.28e-05   	322.81   	19.5832   	
6.285e-05   	323.019   	19.3626   	
6.29e-05   	323.447   	19.5535   	
6.295e-05   	323.443   	18.7934   	
6.3e-05   	323.623   	19.0337   	
6.305e-05   	323.885   	19.1471   	
6.31e-05   	324.178   	19.0117   	
6.315e-05   	324.479   	19.2141   	
6.32e-05   	324.582   	18.8299   	
6.325e-05   	325.002   	18.7129   	
6.33e-05   	324.702   	18.8764   	
6.335e-05   	324.964   	18.7221   	
6.34e-05   	325.357   	18.4176   	
6.345e-05   	325.379   	18.1099   	
6.35e-05   	325.749   	17.5486   	
6.355e-05   	325.831   	17.3155   	
6.36e-05   	326.361   	17.588   	
6.365e-05   	326.086   	17.7954   	
6.37e-05   	326.154   	18.0675   	
6.375e-05   	326.074   	18.0499   	
6.38e-05   	326.054   	18.6362   	
6.385e-05   	325.753   	18.9615   	
6.39e-05   	325.823   	19.5675   	
6.395e-05   	326.227   	19.923   	
6.4e-05   	326.401   	19.8116   	
6.405e-05   	326.649   	19.9737   	
6.41e-05   	326.898   	19.9738   	
6.415e-05   	326.822   	19.9334   	
6.42e-05   	326.969   	20.0271   	
6.425e-05   	326.915   	20.3236   	
6.43e-05   	327.092   	20.2091   	
6.435e-05   	327.154   	20.1659   	
6.44e-05   	327.085   	20.2256   	
6.445e-05   	327.128   	20.1185   	
6.45e-05   	327.143   	19.9433   	
6.455e-05   	327.189   	19.8089   	
6.46e-05   	327.316   	19.8902   	
6.465e-05   	327.366   	20.0763   	
6.47e-05   	327.159   	19.8761   	
6.475e-05   	327.094   	19.5684   	
6.48e-05   	327.386   	19.7911   	
6.485e-05   	327.823   	19.6418   	
6.49e-05   	328.41   	19.997   	
6.495e-05   	328.327   	19.8772   	
6.5e-05   	328.518   	20.0449   	
6.505e-05   	328.616   	20.1174   	
6.51e-05   	328.977   	20.2126   	
6.515e-05   	328.929   	20.1458   	
6.52e-05   	329.056   	20.6421   	
6.525e-05   	329.332   	20.2126   	
6.53e-05   	329.514   	20.253   	
6.535e-05   	329.766   	20.2323   	
6.54e-05   	330.019   	19.9618   	
6.545e-05   	330.128   	19.9113   	
6.55e-05   	330.586   	20.198   	
6.555e-05   	330.716   	19.9362   	
6.56e-05   	330.763   	19.926   	
6.565e-05   	330.513   	19.285   	
6.57e-05   	330.99   	18.7257   	
6.575e-05   	331.094   	18.3175   	
6.58e-05   	331.235   	18.2105   	
6.585e-05   	331.159   	18.1365   	
6.59e-05   	331.18   	18.6905   	
6.595e-05   	331.514   	18.5187   	
6.6e-05   	331.703   	18.6317   	
6.605e-05   	331.471   	18.5688   	
6.61e-05   	331.678   	18.4552   	
6.615e-05   	331.933   	18.9905   	
6.62e-05   	332.07   	19.436   	
6.625e-05   	332.052   	19.2583   	
6.63e-05   	331.98   	19.2978   	
6.635e-05   	332.643   	19.1634   	
6.64e-05   	332.991   	19.4183   	
6.645e-05   	333.314   	19.2713   	
6.65e-05   	333.518   	19.4743   	
6.655e-05   	333.809   	19.5694   	
6.66e-05   	333.953   	19.2288   	
6.665e-05   	333.868   	18.8625   	
6.67e-05   	334.209   	18.8858   	
6.675e-05   	334.366   	19.0197   	
6.68e-05   	334.815   	19.0723   	
6.685e-05   	334.827   	18.8427   	
6.69e-05   	335.064   	18.8585   	
6.695e-05   	335.228   	19.2102   	
6.7e-05   	335.452   	19.1953   	
6.705e-05   	335.782   	18.9935   	
6.71e-05   	336.108   	18.7511   	
6.715e-05   	336.397   	18.9644   	
6.72e-05   	336.384   	18.9059   	
6.725e-05   	336.303   	19.0132   	
6.73e-05   	336.745   	18.6062   	
6.735e-05   	336.793   	18.2862   	
6.74e-05   	337.018   	17.8709   	
6.745e-05   	337.254   	17.4467   	
6.75e-05   	337.56   	17.6202   	
6.755e-05   	337.454   	17.8163   	
6.76e-05   	337.6   	18.3217   	
6.765e-05   	337.632   	18.4072   	
6.77e-05   	337.516   	18.3573   	
6.775e-05   	337.202   	18.6688   	
6.78e-05   	337.366   	18.7977   	
6.785e-05   	337.446   	19.3079   	
6.79e-05   	337.755   	19.7282   	
6.795e-05   	338.106   	19.991   	
6.8e-05   	338.25   	19.614   	
6.805e-05   	338.125   	19.6301   	
6.81e-05   	338.313   	19.783   	
6.815e-05   	338.547   	19.9037   	
6.82e-05   	338.414   	19.5757   	
6.825e-05   	338.64   	19.6029   	
6.83e-05   	338.562   	19.5629   	
6.835e-05   	338.57   	19.5407   	
6.84e-05   	338.645   	19.4184   	
6.845e-05   	338.618   	19.5218   	
6.85e-05   	338.785   	19.2826   	
6.855e-05   	338.661   	19.5255   	
6.86e-05   	338.573   	19.278   	
6.865e-05   	338.478   	19.0167   	
6.87e-05   	338.731   	18.9689   	
6.875e-05   	339.163   	18.7808   	
6.88e-05   	339.764   	19.2875   	
6.885e-05   	339.805   	19.0822   	
6.89e-05   	339.987   	19.1106   	
6.895e-05   	340.114   	19.1749   	
6.9e-05   	340.324   	19.3418   	
6.905e-05   	340.539   	19.4236   	
6.91e-05   	340.471   	20.0072   	
6.915e-05   	340.707   	19.7456   	
6.92e-05   	340.77   	19.3186   	
6.925e-05   	341.197   	19.4366   	
6.93e-05   	341.342   	19.0414   	
6.935e-05   	341.697   	18.8035   	
6.94e-05   	341.886   	18.8354   	
6.945e-05   	342.185   	19.0066   	
6.95e-05   	342.157   	19.0427   	
6.955e-05   	342.04   	18.5258   	
6.96e-05   	342.553   	18.1166   	
6.965e-05   	342.356   	17.7988   	
6.97e-05   	342.846   	17.7808   	
6.975e-05   	342.689   	17.3312   	
6.98e-05   	342.749   	18.0257   	
6.985e-05   	342.922   	17.9439   	
6.99e-05   	342.96   	18.1751   	
6.995e-05   	342.719   	17.9265   	
7e-05   	343.064   	17.9773   	
7.005e-05   	343.343   	18.3766   	
7.01e-05   	343.436   	18.4996   	
7.015e-05   	343.573   	18.2857   	
7.02e-05   	343.506   	18.3427   	
7.025e-05   	343.757   	18.3711   	
7.03e-05   	344.452   	18.3533   	
7.035e-05   	344.598   	17.9756   	
7.04e-05   	344.915   	17.9852   	
7.045e-05   	345.046   	18.5164   	
7.05e-05   	345.073   	18.3908   	
7.055e-05   	345.378   	18.0607   	
7.06e-05   	345.551   	18.0101   	
7.065e-05   	345.818   	18.1236   	
7.07e-05   	346.026   	18.2286   	
7.075e-05   	346.397   	18.0411   	
7.08e-05   	346.386   	17.9094   	
7.085e-05   	346.783   	18.4621   	
7.09e-05   	346.936   	18.5212   	
7.095e-05   	347.305   	18.272   	
7.1e-05   	347.565   	18.5162   	
7.105e-05   	347.555   	18.4701   	
7.11e-05   	347.921   	18.3032   	
7.115e-05   	347.52   	18.6942   	
7.12e-05   	348.061   	18.5687   	
7.125e-05   	348.112   	18.2846   	
7.13e-05   	348.416   	17.9025   	
7.135e-05   	348.746   	17.514   	
7.14e-05   	348.955   	17.4925   	
7.145e-05   	348.948   	17.6312   	
7.15e-05   	349.016   	18.093   	
7.155e-05   	349.043   	18.6048   	
7.16e-05   	349.094   	18.4871   	
7.165e-05   	348.715   	18.8252   	
7.17e-05   	348.789   	18.7857   	
7.175e-05   	348.728   	19.0202   	
7.18e-05   	349.153   	19.4837   	
7.185e-05   	349.44   	19.4674   	
7.19e-05   	349.55   	19.5759   	
7.195e-05   	349.488   	19.5605   	
7.2e-05   	349.932   	19.5718   	
7.205e-05   	349.97   	19.7552   	
7.21e-05   	349.752   	19.6945   	
7.215e-05   	349.967   	19.5851   	
7.22e-05   	349.976   	19.6697   	
7.225e-05   	350.089   	19.8492   	
7.23e-05   	349.869   	19.6658   	
7.235e-05   	350.15   	19.6885   	
7.24e-05   	350.002   	19.401   	
7.245e-05   	350.097   	19.7373   	
7.25e-05   	349.944   	19.682   	
7.255e-05   	349.966   	19.4254   	
7.26e-05   	350.17   	19.4138   	
7.265e-05   	350.326   	19.2037   	
7.27e-05   	350.964   	19.5295   	
7.275e-05   	351.34   	19.3133   	
7.28e-05   	351.341   	19.5191   	
7.285e-05   	351.246   	19.3553   	
7.29e-05   	351.611   	19.6486   	
7.295e-05   	351.747   	19.4869   	
7.3e-05   	351.909   	20.0474   	
7.305e-05   	351.971   	19.4943   	
7.31e-05   	352.264   	19.4289   	
7.315e-05   	352.465   	19.2784   	
7.32e-05   	352.813   	19.0688   	
7.325e-05   	352.996   	18.9873   	
7.33e-05   	353.105   	18.7213   	
7.335e-05   	353.618   	18.922   	
7.34e-05   	353.64   	18.8718   	
7.345e-05   	353.662   	18.7316   	
7.35e-05   	353.705   	18.2143   	
7.355e-05   	353.891   	18.3786   	
7.36e-05   	354.124   	18.2689   	
7.365e-05   	354.175   	17.6838   	
7.37e-05   	353.961   	18.259   	
7.375e-05   	354.283   	18.3545   	
7.38e-05   	354.432   	18.361   	
7.385e-05   	354.179   	18.2954   	
7.39e-05   	354.482   	18.0445   	
7.395e-05   	354.851   	18.0579   	
7.4e-05   	354.797   	18.1989   	
7.405e-05   	355.047   	18.3272   	
7.41e-05   	354.969   	18.044   	
7.415e-05   	355.165   	18.3905   	
7.42e-05   	355.662   	18.1586   	
7.425e-05   	355.843   	17.8997   	
7.43e-05   	356.379   	17.8553   	
7.435e-05   	356.505   	18.436   	
7.44e-05   	356.521   	18.133   	
7.445e-05   	356.839   	17.7962   	
7.45e-05   	356.876   	17.571   	
7.455e-05   	357.137   	17.6193   	
7.46e-05   	357.386   	17.2067   	
7.465e-05   	357.837   	17.1639   	
7.47e-05   	357.747   	16.8539   	
7.475e-05   	358.028   	17.0365   	
7.48e-05   	358.436   	17.1847   	
7.485e-05   	358.432   	17.165   	
7.49e-05   	358.907   	17.3082   	
7.495e-05   	358.935   	17.075   	
7.5e-05   	359.289   	17.2244   	
7.505e-05   	358.976   	17.4194   	
7.51e-05   	359.354   	17.3089   	
7.515e-05   	359.612   	16.8054   	
7.52e-05   	359.638   	16.463   	
7.525e-05   	360.28   	16.1552   	
7.53e-05   	360.091   	16.1902   	
7.535e-05   	360.531   	16.4345   	
7.54e-05   	360.238   	16.6681   	
7.545e-05   	360.576   	16.456   	
7.55e-05   	360.476   	16.2419   	
7.555e-05   	360.17   	16.472   	
7.56e-05   	360.257   	16.3322   	
7.565e-05   	360.119   	16.4025   	
7.57e-05   	360.517   	17.1361   	
7.575e-05   	360.568   	17.2888   	
7.58e-05   	361.069   	17.1767   	
7.585e-05   	361.139   	17.195   	
7.59e-05   	361.192   	17.1395   	
7.595e-05   	361.207   	17.4042   	
7.6e-05   	361.34   	17.5488   	
7.605e-05   	361.343   	17.4459   	
7.61e-05   	361.462   	17.5571   	
7.615e-05   	361.417   	18.0987   	
7.62e-05   	361.26   	17.8698   	
7.625e-05   	361.659   	18.3045   	
7.63e-05   	361.37   	17.9207   	
7.635e-05   	361.62   	17.7456   	
7.64e-05   	361.418   	17.7805   	
7.645e-05   	361.417   	17.5123   	
7.65e-05   	361.463   	17.634   	
7.655e-05   	361.645   	17.4567   	
7.66e-05   	362.175   	17.672   	
7.665e-05   	362.835   	17.6507   	
7.67e-05   	362.683   	17.5521   	
7.675e-05   	362.837   	17.4525   	
7.68e-05   	363.03   	17.8685   	
7.685e-05   	363.428   	17.8536   	
7.69e-05   	363.185   	18.1625   	
7.695e-05   	363.227   	18.0409   	
7.7e-05   	363.667   	18.2446   	
7.705e-05   	363.873   	17.8442   	
7.71e-05   	364.234   	17.6389   	
7.715e-05   	364.388   	17.962   	
7.72e-05   	364.567   	17.7525   	
7.725e-05   	364.894   	17.8051   	
7.73e-05   	365.007   	17.9442   	
7.735e-05   	365.178   	18.1471   	
7.74e-05   	364.879   	17.788   	
7.745e-05   	365.196   	17.955   	
7.75e-05   	365.395   	17.5569   	
7.755e-05   	365.468   	17.5212   	
7.76e-05   	365.477   	17.5795   	
7.765e-05   	365.527   	17.7364   	
7.77e-05   	365.851   	17.4569   	
7.775e-05   	365.72   	17.2826   	
7.78e-05   	365.778   	16.9807   	
7.785e-05   	366.114   	17.1984   	
7.79e-05   	366.164   	16.7893   	
7.795e-05   	366.41   	17.0286   	
7.8e-05   	366.457   	16.4905   	
7.805e-05   	366.431   	16.6943   	
7.81e-05   	366.978   	16.7076   	
7.815e-05   	367.438   	16.6108   	
7.82e-05   	367.738   	16.4409   	
7.825e-05   	368.018   	17.0855   	
7.83e-05   	367.916   	16.7644   	
7.835e-05   	368.255   	16.4612   	
7.84e-05   	368.193   	16.1951   	
7.845e-05   	368.602   	16.1406   	
7.85e-05   	368.746   	16.1446   	
7.855e-05   	369.073   	15.936   	
7.86e-05   	369.163   	15.8101   	
7.865e-05   	369.39   	15.8787   	
7.87e-05   	369.621   	15.8641   	
7.875e-05   	369.836   	15.8685   	
7.88e-05   	370.188   	15.4248   	
7.885e-05   	370.341   	15.5011   	
7.89e-05   	370.777   	15.814   	
7.895e-05   	370.538   	15.9167   	
7.9e-05   	370.68   	15.8176   	
7.905e-05   	371.082   	15.4749   	
7.91e-05   	371.1   	15.3882   	
7.915e-05   	371.535   	15.15   	
7.92e-05   	371.489   	15.2231   	
7.925e-05   	371.999   	15.5551   	
7.93e-05   	371.8   	15.7818   	
7.935e-05   	371.884   	15.853   	
7.94e-05   	371.916   	15.5477   	
7.945e-05   	371.834   	15.5989   	
7.95e-05   	371.524   	15.6797   	
7.955e-05   	371.537   	15.5941   	
7.96e-05   	371.929   	16.2069   	
7.965e-05   	372.04   	16.5052   	
7.97e-05   	372.325   	16.4882   	
7.975e-05   	372.678   	16.4878   	
7.98e-05   	372.569   	16.7938   	
7.985e-05   	372.585   	16.5708   	
7.99e-05   	372.74   	16.7884   	
7.995e-05   	372.862   	16.5908   	
8e-05   	372.815   	16.768   	
8.005e-05   	372.888   	16.8863   	
8.01e-05   	372.886   	16.9275   	
8.015e-05   	372.859   	17.0402   	
8.02e-05   	372.939   	17.0575   	
8.025e-05   	373.026   	16.8053   	
8.03e-05   	373.143   	17.0136   	
8.035e-05   	372.811   	16.7122   	
8.04e-05   	372.83   	16.6883   	
8.045e-05   	373.015   	16.8543   	
8.05e-05   	373.521   	16.5891   	
8.055e-05   	374.089   	16.6624   	
8.06e-05   	374.106   	16.7113   	
8.065e-05   	374.21   	16.6933   	
8.07e-05   	374.35   	16.7786   	
8.075e-05   	374.705   	16.7912   	
8.08e-05   	374.839   	16.7974   	
8.085e-05   	374.692   	17.5206   	
8.09e-05   	375.075   	17.7101   	
8.095e-05   	375.147   	17.5249   	
8.1e-05   	375.539   	17.2584   	
8.105e-05   	375.689   	17.3529   	
8.11e-05   	375.89   	17.5252   	
8.115e-05   	376.288   	17.7414   	
8.12e-05   	376.45   	17.7253   	
8.125e-05   	376.375   	17.7954   	
8.13e-05   	376.221   	17.7008   	
8.135e-05   	376.748   	17.6954   	
8.14e-05   	376.749   	17.3698   	
8.145e-05   	376.958   	17.214   	
8.15e-05   	376.938   	17.0179   	
8.155e-05   	376.965   	17.3788   	
8.16e-05   	377.263   	17.0522   	
8.165e-05   	377.389   	16.9293   	
8.17e-05   	377.127   	16.5798   	
8.175e-05   	377.418   	16.3994   	
8.18e-05   	377.713   	16.4185   	
8.185e-05   	377.739   	16.4601   	
8.19e-05   	377.777   	16.0462   	
8.195e-05   	377.78   	15.8628   	
8.2e-05   	378.313   	16.2235   	
8.205e-05   	378.668   	16.3915   	
8.21e-05   	379.023   	16.129   	
8.215e-05   	379.313   	16.3831   	
8.22e-05   	379.495   	16.6234   	
8.225e-05   	379.567   	16.2133   	
8.23e-05   	379.565   	16.1906   	
8.235e-05   	379.919   	15.9443   	
8.24e-05   	380.063   	16.0179   	
8.245e-05   	380.543   	15.9184   	
8.25e-05   	380.621   	15.916   	
8.255e-05   	380.84   	15.7472   	
8.26e-05   	380.979   	15.8667   	
8.265e-05   	381.19   	16.3006   	
8.27e-05   	381.624   	15.9135   	
8.275e-05   	381.995   	15.8173   	
8.28e-05   	382.009   	16.3902   	
8.285e-05   	382.137   	16.3531   	
8.29e-05   	381.964   	16.5218   	
8.295e-05   	382.442   	16.3674   	
8.3e-05   	382.441   	16.1002   	
8.305e-05   	382.706   	16.1327   	
8.31e-05   	382.951   	15.8601   	
8.315e-05   	383.26   	16.1137   	
8.32e-05   	383.22   	16.0912   	
8.325e-05   	383.229   	16.4143   	
8.33e-05   	383.323   	16.2997   	
8.335e-05   	383.314   	16.1725   	
8.34e-05   	382.987   	16.3493   	
8.345e-05   	383.048   	16.2817   	
8.35e-05   	383.207   	16.3709   	
8.355e-05   	383.392   	16.7692   	
8.36e-05   	383.796   	17.0065   	
8.365e-05   	383.895   	17.1105   	
8.37e-05   	383.821   	17.4815   	
8.375e-05   	383.999   	17.5607   	
8.38e-05   	384.186   	17.5616   	
8.385e-05   	384.086   	17.38   	
8.39e-05   	384.35   	17.2411   	
8.395e-05   	384.268   	17.5241   	
8.4e-05   	384.402   	17.4575   	
8.405e-05   	384.311   	17.3268   	
8.41e-05   	384.387   	17.4317   	
8.415e-05   	384.572   	17.3317   	
8.42e-05   	384.403   	17.4427   	
8.425e-05   	384.286   	17.3816   	
8.43e-05   	384.084   	17.3254   	
8.435e-05   	384.543   	17.345   	
8.44e-05   	384.761   	17.4303   	
8.445e-05   	385.445   	17.6954   	
8.45e-05   	385.505   	17.7491   	
8.455e-05   	385.752   	17.8885   	
8.46e-05   	385.739   	17.8495   	
8.465e-05   	386.012   	18.1295   	
8.47e-05   	386.266   	17.7124   	
8.475e-05   	386.193   	18.4957   	
8.48e-05   	386.355   	18.4102   	
8.485e-05   	386.393   	18.4083   	
8.49e-05   	386.939   	18.5257   	
8.495e-05   	387.117   	18.6194   	
8.5e-05   	387.414   	18.8544   	
8.505e-05   	387.533   	18.8646   	
8.51e-05   	387.893   	19.1614   	
8.515e-05   	387.931   	19.1631   	
8.52e-05   	387.887   	19.1968   	
8.525e-05   	388.245   	19.0746   	
8.53e-05   	388.018   	18.7289   	
8.535e-05   	388.506   	18.6886   	
8.54e-05   	388.402   	18.0571   	
8.545e-05   	388.438   	18.6949   	
8.55e-05   	388.605   	18.4807   	
8.555e-05   	388.765   	18.4989   	
8.56e-05   	388.397   	18.0841   	
8.565e-05   	388.832   	18.0063   	
8.57e-05   	388.98   	17.9584   	
8.575e-05   	389.184   	17.6144   	
8.58e-05   	389.339   	17.5441   	
8.585e-05   	389.183   	17.0335   	
8.59e-05   	389.513   	17.2189   	
8.595e-05   	390.126   	17.4435   	
8.6e-05   	390.264   	17.209   	
8.605e-05   	390.664   	17.1563   	
8.61e-05   	390.748   	17.8625   	
8.615e-05   	390.863   	17.2872   	
8.62e-05   	391.127   	17.3011   	
8.625e-05   	391.263   	16.9842   	
8.63e-05   	391.56   	16.9058   	
8.635e-05   	391.736   	16.6745   	
8.64e-05   	392.195   	16.4499   	
8.645e-05   	392.082   	16.3437   	
8.65e-05   	392.54   	16.3207   	
8.655e-05   	392.744   	16.6225   	
8.66e-05   	392.969   	16.559   	
8.665e-05   	393.243   	16.3267   	
8.67e-05   	393.321   	16.6666   	
8.675e-05   	393.611   	16.6981   	
8.68e-05   	393.195   	16.8273   	
8.685e-05   	393.762   	16.722   	
8.69e-05   	393.932   	16.5895   	
8.695e-05   	394.082   	16.2271   	
8.7e-05   	394.577   	16.3535   	
8.705e-05   	394.632   	16.0762   	
8.71e-05   	394.678   	16.2999   	
8.715e-05   	394.639   	16.3244   	
8.72e-05   	394.676   	16.4947   	
8.725e-05   	394.818   	16.211   	
8.73e-05   	394.48   	16.2063   	
8.735e-05   	394.574   	16.2283   	
8.74e-05   	394.396   	16.1106   	
8.745e-05   	394.853   	16.6435   	
8.75e-05   	395.048   	16.9371   	
8.755e-05   	395.336   	17.0384   	
8.76e-05   	395.278   	17.1869   	
8.765e-05   	395.66   	17.3424   	
8.77e-05   	395.603   	17.5965   	
8.775e-05   	395.521   	17.4656   	
8.78e-05   	395.653   	17.4887   	
8.785e-05   	395.726   	17.4179   	
8.79e-05   	395.734   	17.5267   	
8.795e-05   	395.499   	17.2806   	
8.8e-05   	395.867   	17.5306   	
8.805e-05   	395.695   	17.4572   	
8.81e-05   	395.896   	17.4075   	
8.815e-05   	395.784   	17.6374   	
8.82e-05   	395.702   	17.3317   	
8.825e-05   	395.831   	17.2629   	
8.83e-05   	395.989   	17.3655   	
8.835e-05   	396.767   	17.3845   	
8.84e-05   	397.105   	17.2533   	
8.845e-05   	396.949   	17.4131   	
8.85e-05   	397.002   	17.1333   	
8.855e-05   	397.343   	17.2707   	
8.86e-05   	397.57   	17.1311   	
8.865e-05   	397.612   	17.432   	
8.87e-05   	397.748   	17.6714   	
8.875e-05   	397.995   	18.115   	
8.88e-05   	398.163   	18.0077   	
8.885e-05   	398.497   	18.0019   	
8.89e-05   	398.72   	18.2987   	
8.895e-05   	398.84   	18.311   	
8.9e-05   	399.283   	18.3382   	
8.905e-05   	399.259   	18.6156   	
8.91e-05   	399.437   	18.5058   	
8.915e-05   	399.349   	18.4181   	
8.92e-05   	399.566   	18.3165   	
8.925e-05   	399.749   	18.4759   	
8.93e-05   	399.793   	17.9491   	
8.935e-05   	399.712   	18.6798   	
8.94e-05   	400.037   	18.7689   	
8.945e-05   	400.059   	18.7196   	
8.95e-05   	400.012   	18.7871   	
8.955e-05   	400.14   	18.358   	
8.96e-05   	400.593   	18.3838   	
8.965e-05   	400.519   	17.9889   	
8.97e-05   	400.775   	18.01   	
8.975e-05   	400.694   	17.7211   	
8.98e-05   	400.843   	17.72   	
8.985e-05   	401.393   	18.1005   	
8.99e-05   	401.74   	18.1124   	
8.995e-05   	402.213   	18.0729   	
9e-05   	402.29   	18.3469   	
9.005e-05   	402.296   	18.0327   	
9.01e-05   	402.581   	17.716   	
9.015e-05   	402.567   	17.5061   	
9.02e-05   	402.799   	17.3574   	
9.025e-05   	403.083   	16.9787   	
9.03e-05   	403.489   	16.9331   	
9.035e-05   	403.485   	16.7969   	
9.04e-05   	403.74   	16.6241   	
9.045e-05   	404.18   	16.9939   	
9.05e-05   	404.105   	17.0548   	
9.055e-05   	404.601   	17.0418   	
9.06e-05   	404.65   	17.2117   	
9.065e-05   	405.024   	17.2114   	
9.07e-05   	404.782   	17.6152   	
9.075e-05   	405.098   	17.4062   	
9.08e-05   	405.323   	17.441   	
9.085e-05   	405.389   	17.2663   	
9.09e-05   	405.944   	17.272   	
9.095e-05   	405.86   	16.947   	
9.1e-05   	406.344   	17.2044   	
9.105e-05   	405.969   	17.2113   	
9.11e-05   	406.247   	17.44   	
9.115e-05   	406.174   	17.1118   	
9.12e-05   	405.943   	16.5006   	
9.125e-05   	405.898   	16.9889   	
9.13e-05   	405.953   	16.791   	
9.135e-05   	406.317   	17.2103   	
9.14e-05   	406.421   	17.3155   	
9.145e-05   	406.66   	17.3488   	
9.15e-05   	406.938   	17.263   	
9.155e-05   	406.836   	17.4552   	
9.16e-05   	406.969   	17.3001   	
9.165e-05   	406.955   	17.3799   	
9.17e-05   	407.077   	17.4088   	
9.175e-05   	407.189   	17.4553   	
9.18e-05   	407.09   	17.6337   	
9.185e-05   	407.059   	17.491   	
9.19e-05   	407.345   	17.5772   	
9.195e-05   	407.159   	17.6313   	
9.2e-05   	407.329   	17.1814   	
9.205e-05   	407.238   	17.42   	
9.21e-05   	407.136   	17.3965   	
9.215e-05   	407.155   	17.3835   	
9.22e-05   	407.411   	17.214   	
9.225e-05   	407.873   	17.2799   	
9.23e-05   	408.634   	17.1628   	
9.235e-05   	408.414   	17.2056   	
9.24e-05   	408.555   	16.877   	
9.245e-05   	408.757   	17.0419   	
9.25e-05   	409.12   	17.1629   	
9.255e-05   	408.931   	17.33   	
9.26e-05   	409.021   	17.4599   	
9.265e-05   	409.316   	17.9373   	
9.27e-05   	409.614   	17.7814   	
9.275e-05   	409.934   	17.841   	
9.28e-05   	410.147   	18.2068   	
9.285e-05   	410.277   	18.3437   	
9.29e-05   	410.676   	18.3119   	
9.295e-05   	410.732   	18.692   	
9.3e-05   	410.916   	19.0324   	
9.305e-05   	410.617   	18.7284   	
9.31e-05   	411.004   	18.4304   	
9.315e-05   	411.146   	18.9678   	
9.32e-05   	411.234   	18.9083   	
9.325e-05   	411.14   	19.0782   	
9.33e-05   	411.24   	19.2018   	
9.335e-05   	411.599   	19.1298   	
9.34e-05   	411.594   	19.0203   	
9.345e-05   	411.615   	18.8464   	
9.35e-05   	411.848   	18.9557   	
9.355e-05   	411.979   	18.6123   	
9.36e-05   	412.062   	18.4878   	
9.365e-05   	412.128   	18.1534   	
9.37e-05   	412.154   	18.3387   	
9.375e-05   	412.784   	18.7468   	
9.38e-05   	413.16   	18.466   	
9.385e-05   	413.478   	18.4322   	
9.39e-05   	413.758   	18.6522   	
9.395e-05   	413.662   	18.6285   	
9.4e-05   	413.952   	18.1332   	
9.405e-05   	414.047   	18.0104   	
9.41e-05   	414.404   	17.8453   	
9.415e-05   	414.475   	17.6572   	
9.42e-05   	414.908   	17.4968   	
9.425e-05   	414.798   	17.4044   	
9.43e-05   	415.083   	17.1895   	
9.435e-05   	415.323   	16.9483   	
9.44e-05   	415.562   	17.268   	
9.445e-05   	415.861   	17.2105   	
9.45e-05   	416.026   	17.4346   	
9.455e-05   	416.443   	17.827   	
9.46e-05   	416.294   	17.9875   	
9.465e-05   	416.424   	17.9556   	
9.47e-05   	416.902   	18.2477   	
9.475e-05   	416.883   	18.0473   	
9.48e-05   	417.194   	17.8744   	
9.485e-05   	417.27   	17.7564   	
9.49e-05   	417.738   	17.9212   	
9.495e-05   	417.635   	17.6792   	
9.5e-05   	417.624   	17.6442   	
9.505e-05   	417.562   	17.611   	
9.51e-05   	417.508   	17.1705   	
9.515e-05   	417.273   	17.7062   	
9.52e-05   	417.314   	17.3344   	
9.525e-05   	417.56   	17.5321   	
9.53e-05   	417.797   	17.5375   	
9.535e-05   	418.086   	17.2789   	
9.54e-05   	418.327   	17.4962   	
9.545e-05   	418.251   	17.965   	
9.55e-05   	418.368   	17.9717   	
9.555e-05   	418.427   	18.0852   	
9.56e-05   	418.51   	18.0167   	
9.565e-05   	418.56   	17.7934   	
9.57e-05   	418.618   	17.9539   	
9.575e-05   	418.587   	17.9636   	
9.58e-05   	418.572   	17.8753   	
9.585e-05   	418.624   	18.238   	
9.59e-05   	418.724   	18.0809   	
9.595e-05   	418.83   	18.067   	
9.6e-05   	418.498   	18.074   	
9.605e-05   	418.479   	18.2216   	
9.61e-05   	418.71   	18.3751   	
9.615e-05   	419.199   	18.3458   	
9.62e-05   	419.763   	18.2747   	
9.625e-05   	419.809   	18.0101   	
9.63e-05   	420.027   	17.9404   	
9.635e-05   	420.147   	17.6901   	
9.64e-05   	420.389   	17.8356   	
9.645e-05   	420.607   	17.7829   	
9.65e-05   	420.599   	17.9085   	
9.655e-05   	420.758   	18.2909   	
9.66e-05   	420.925   	18.1107   	
9.665e-05   	421.303   	18.2084   	
9.67e-05   	421.467   	18.3161   	
9.675e-05   	421.784   	18.5432   	
9.68e-05   	422.049   	18.3681   	
9.685e-05   	422.2   	19.0454   	
9.69e-05   	422.166   	19.4307   	
9.695e-05   	422.119   	19.4637   	
9.7e-05   	422.622   	19.3813   	
9.705e-05   	422.498   	19.4499   	
9.71e-05   	422.828   	20.0173   	
9.715e-05   	422.702   	19.6826   	
9.72e-05   	422.767   	19.655   	
9.725e-05   	423.086   	19.545   	
9.73e-05   	423.094   	19.4486   	
9.735e-05   	422.878   	19.4595   	
9.74e-05   	423.114   	19.1133   	
9.745e-05   	423.488   	19.0926   	
9.75e-05   	423.48   	18.6282   	
9.755e-05   	423.531   	18.8897   	
9.76e-05   	423.565   	18.8485   	
9.765e-05   	424.118   	19.0827   	
9.77e-05   	424.521   	19.0572   	
9.775e-05   	424.834   	18.6981   	
9.78e-05   	425.099   	18.8324   	
9.785e-05   	425.301   	18.951   	
9.79e-05   	425.233   	18.5983   	
9.795e-05   	425.479   	18.6417   	
9.8e-05   	425.627   	18.6661   	
9.805e-05   	425.932   	18.4522   	
9.81e-05   	426.341   	18.1753   	
9.815e-05   	426.432   	18.2179   	
9.82e-05   	426.535   	18.0863   	
9.825e-05   	426.801   	17.6549   	
9.83e-05   	427.061   	18.1755   	
9.835e-05   	427.32   	18.2591   	
9.84e-05   	427.734   	18.234   	
9.845e-05   	427.735   	18.2887   	
9.85e-05   	427.973   	18.3569   	
9.855e-05   	427.696   	18.5519   	
9.86e-05   	428.204   	18.3996   	
9.865e-05   	428.18   	18.3662   	
9.87e-05   	428.466   	18.3545   	
9.875e-05   	428.811   	18.5542   	
9.88e-05   	428.989   	18.592   	
9.885e-05   	429.065   	18.7376   	
9.89e-05   	429.098   	18.4548   	
9.895e-05   	429.024   	18.4199   	
9.9e-05   	429.105   	18.0183   	
9.905e-05   	428.825   	18.1756   	
9.91e-05   	428.926   	18.2543   	
9.915e-05   	428.937   	18.0353   	
9.92e-05   	429.197   	18.285   	
9.925e-05   	429.591   	18.1391   	
9.93e-05   	429.703   	18.3254   	
9.935e-05   	429.605   	19.0891   	
9.94e-05   	429.84   	19.1162   	
9.945e-05   	429.993   	18.928   	
9.95e-05   	429.926   	19.1181   	
9.955e-05   	430.128   	18.878   	
9.96e-05   	430.069   	19.0303   	
9.965e-05   	430.198   	19.4782   	
9.97e-05   	430.116   	19.0875   	
9.975e-05   	430.27   	19.2262   	
9.98e-05   	430.291   	19.339   	
9.985e-05   	430.219   	19.2021   	
9.99e-05   	430.054   	19.3086   	
9.995e-05   	429.947   	19.198   	
0.0001   	430.243   	19.4009   	
0.00010005   	430.489   	19.6425   	
0.0001001   	431.249   	19.328   	
0.00010015   	431.41   	19.3414   	
0.0001002   	431.506   	19.4132   	
0.00010025   	431.461   	19.3421   	
0.0001003   	431.901   	19.4595   	
0.00010035   	432.04   	19.4017   	
0.0001004   	432.001   	19.2574   	
0.00010045   	432.19   	19.6751   	
0.0001005   	432.275   	19.5284   	
0.00010055   	432.705   	19.264   	
0.0001006   	432.902   	19.3546   	
0.00010065   	433.266   	19.5216   	
0.0001007   	433.404   	19.4371   	
0.00010075   	433.789   	19.7901   	
0.0001008   	433.784   	20.2699   	
0.00010085   	433.82   	20.3361   	
0.0001009   	433.976   	20.2361   	
0.00010095   	433.902   	20.1558   	
0.000101   	434.268   	20.5829   	
0.00010105   	434.298   	20.3899   	
0.0001011   	434.205   	20.5772   	
0.00010115   	434.476   	20.4242   	
0.0001012   	434.679   	20.6033   	
0.00010125   	434.26   	20.3916   	
0.0001013   	434.612   	20.1961   	
0.00010135   	434.904   	20.0251   	
0.0001014   	434.973   	19.407   	
0.00010145   	435.134   	19.6836   	
0.0001015   	435.018   	19.7334   	
0.00010155   	435.295   	20.0335   	
0.0001016   	435.894   	20.1852   	
0.00010165   	436.084   	19.8282   	
0.0001017   	436.556   	19.6299   	
0.00010175   	436.622   	20.1048   	
0.0001018   	436.773   	19.9192   	
0.00010185   	436.979   	20.0143   	
0.0001019   	437.141   	19.7717   	
0.00010195   	437.396   	19.3245   	
0.000102   	437.721   	19.3758   	
0.00010205   	438.206   	19.5649   	
0.0001021   	438.031   	19.1262   	
0.00010215   	438.48   	18.8054   	
0.0001022   	438.66   	19.2647   	
0.00010225   	438.854   	19.552   	
0.0001023   	439.143   	19.7647   	
0.00010235   	439.396   	19.7435   	
0.0001024   	439.625   	19.5371   	
0.00010245   	439.408   	20.2574   	
0.0001025   	439.942   	20.1138   	
0.00010255   	440.067   	20.1213   	
0.0001026   	440.179   	20.0004   	
0.00010265   	440.775   	20.2941   	
0.0001027   	440.752   	20.2342   	
0.00010275   	440.856   	20.1859   	
0.0001028   	440.745   	20.2861   	
0.00010285   	440.9   	20.418   	
0.0001029   	441.005   	19.9012   	
0.00010295   	440.647   	20.165   	
0.000103   	440.711   	20.3847   	
0.00010305   	440.563   	19.8324   	
0.0001031   	441.01   	20.1466   	
0.00010315   	441.143   	19.8189   	
0.0001032   	441.534   	20.0946   	
0.00010325   	441.476   	20.2585   	
0.0001033   	441.773   	20.6989   	
0.00010335   	441.802   	20.7178   	
0.0001034   	441.702   	21.0192   	
0.00010345   	441.774   	20.928   	
0.0001035   	441.907   	20.9199   	
0.00010355   	441.887   	21.1244   	
0.0001036   	441.594   	21.0091   	
0.00010365   	442.025   	21.2672   	
0.0001037   	441.838   	21.1521   	
0.00010375   	442.069   	21.0467   	
0.0001038   	441.924   	21.2375   	
0.00010385   	441.919   	21.0774   	
0.0001039   	442.055   	21.3461   	
0.00010395   	442.208   	21.6965   	
0.000104   	442.827   	21.6038   	
0.00010405   	443.259   	21.5287   	
0.0001041   	443.157   	21.509   	
0.00010415   	443.269   	21.2807   	
0.0001042   	443.562   	21.0576   	
0.00010425   	443.824   	20.9764   	
0.0001043   	443.83   	20.7215   	
0.00010435   	443.829   	20.6403   	
0.0001044   	444.249   	20.9075   	
0.00010445   	444.255   	20.5753   	
0.0001045   	444.644   	20.5112   	
0.00010455   	444.825   	20.7052   	
0.0001046   	445.061   	20.6675   	
0.00010465   	445.422   	20.9857   	
0.0001047   	445.544   	21.8156   	
0.00010475   	445.613   	21.7021   	
0.0001048   	445.468   	21.6642   	
0.00010485   	445.707   	21.3438   	
0.0001049   	445.869   	22.0329   	
0.00010495   	445.877   	22.12   	
0.000105   	445.861   	21.7835   	
0.00010505   	446.261   	21.8012   	
0.0001051   	446.389   	21.7533   	
0.00010515   	446.309   	21.7506   	
0.0001052   	446.349   	21.6042   	
0.00010525   	446.806   	21.4109   	
0.0001053   	446.704   	20.8126   	
0.00010535   	447.051   	21.214   	
0.0001054   	447.034   	21.2193   	
0.00010545   	447.095   	21.7012   	
0.0001055   	447.632   	21.465   	
0.00010555   	447.978   	21.2556   	
0.0001056   	448.442   	21.2036   	
0.00010565   	448.606   	21.624   	
0.0001057   	448.551   	21.3275   	
0.00010575   	448.861   	21.3314   	
0.0001058   	448.818   	21.1853   	
0.00010585   	449.123   	20.6733   	
0.0001059   	449.343   	20.5989   	
0.00010595   	449.738   	20.6483   	
0.000106   	449.692   	20.4717   	
0.00010605   	449.998   	20.2071   	
0.0001061   	450.346   	20.2571   	
0.00010615   	450.428   	20.6391   	
0.0001062   	450.825   	20.9531   	
0.00010625   	450.902   	20.912   	
0.0001063   	451.294   	20.8783   	
0.00010635   	450.968   	21.3161   	
0.0001064   	451.216   	21.2572   	
0.00010645   	451.579   	21.4409   	
0.0001065   	451.74   	21.2646   	
0.00010655   	452.088   	21.4299   	
0.0001066   	452.19   	21.5436   	
0.00010665   	452.634   	21.579   	
0.0001067   	452.334   	21.6822   	
0.00010675   	452.526   	21.7809   	
0.0001068   	452.481   	21.7373   	
0.00010685   	452.291   	21.5649   	
0.0001069   	452.167   	22.034   	
0.00010695   	452.136   	21.4801   	
0.000107   	452.573   	21.457   	
0.00010705   	452.707   	21.0961   	
0.0001071   	452.938   	21.1732   	
0.00010715   	453.247   	21.2364   	
0.0001072   	453.194   	21.8021   	
0.00010725   	453.319   	22.0338   	
0.0001073   	453.288   	22.0667   	
0.00010735   	453.391   	22.2899   	
0.0001074   	453.481   	22.0109   	
0.00010745   	453.438   	22.118   	
0.0001075   	453.514   	22.1307   	
0.00010755   	453.503   	22.0411   	
0.0001076   	453.482   	22.3997   	
0.00010765   	453.68   	21.9334   	
0.0001077   	453.658   	21.7315   	
0.00010775   	453.513   	21.8078   	
0.0001078   	453.465   	22.1933   	
0.00010785   	453.773   	22.4902   	
0.0001079   	454.234   	22.6316   	
0.00010795   	454.945   	22.3729   	
0.000108   	454.808   	22.3033   	
0.00010805   	454.975   	22.0574   	
0.0001081   	455.111   	21.7631   	
0.00010815   	455.48   	22.0157   	
0.0001082   	455.417   	21.6679   	
0.00010825   	455.509   	21.5773   	
0.0001083   	455.787   	22.0837   	
0.00010835   	455.996   	21.5822   	
0.0001084   	456.276   	21.4059   	
0.00010845   	456.429   	21.8219   	
0.0001085   	456.641   	21.7813   	
0.00010855   	457.078   	21.9068   	
0.0001086   	457.163   	22.7285   	
0.00010865   	457.266   	22.7314   	
0.0001087   	457.048   	22.4547   	
0.00010875   	457.486   	22.3044   	
0.0001088   	457.488   	22.948   	
0.00010885   	457.676   	23.0284   	
0.0001089   	457.557   	22.7581   	
0.00010895   	457.564   	22.8618   	
0.000109   	458.014   	22.9155   	
0.00010905   	458.036   	22.9508   	
0.0001091   	457.953   	23.0708   	
0.00010915   	458.124   	22.8736   	
0.0001092   	458.291   	22.4012   	
0.00010925   	458.447   	22.3229   	
0.0001093   	458.484   	22.7792   	
0.00010935   	458.416   	22.8197   	
0.0001094   	459.1   	22.7068   	
0.00010945   	459.39   	22.5516   	
0.0001095   	459.803   	22.485   	
0.00010955   	460.103   	22.6739   	
0.0001096   	460.124   	22.5934   	
0.00010965   	460.307   	22.5653   	
0.0001097   	460.336   	22.5394   	
0.00010975   	460.663   	22.3451   	
0.0001098   	460.774   	22.1339   	
0.00010985   	461.282   	21.9643   	
0.0001099   	461.249   	22.0041   	
0.00010995   	461.342   	21.9038   	
0.00011   	461.668   	21.6983   	
0.00011005   	461.856   	22.2863   	
0.0001101   	462.203   	22.5961   	
0.00011015   	462.441   	23.0009   	
0.0001102   	462.701   	22.7778   	
0.00011025   	462.726   	22.649   	
0.0001103   	462.723   	22.8326   	
0.00011035   	463.189   	22.579   	
0.0001104   	463.175   	22.5481   	
0.00011045   	463.476   	22.6367   	
0.0001105   	463.54   	22.8274   	
0.00011055   	463.966   	22.8947   	
0.0001106   	463.843   	22.8868   	
0.00011065   	463.935   	22.8657   	
0.0001107   	463.921   	22.7475   	
0.00011075   	463.851   	22.468   	
0.0001108   	463.544   	22.9467   	
0.00011085   	463.698   	22.5087   	
0.0001109   	463.895   	22.5657   	
0.00011095   	464.143   	22.5913   	
0.000111   	464.461   	22.1434   	
0.00011105   	464.591   	22.6226   	
0.0001111   	464.567   	23.0306   	
0.00011115   	464.703   	22.9492   	
0.0001112   	464.803   	23.0975   	
0.00011125   	464.79   	23.0912   	
0.0001113   	464.957   	22.8465   	
0.00011135   	465.007   	22.3868   	
0.0001114   	464.894   	22.6654   	
0.00011145   	465.006   	22.4798   	
0.0001115   	464.946   	22.4439   	
0.00011155   	465.13   	22.2836   	
0.0001116   	465.121   	21.9695   	
0.00011165   	464.919   	22.1023   	
0.0001117   	464.899   	22.124   	
0.00011175   	465.134   	22.5211   	
0.0001118   	465.596   	22.9498   	
0.00011185   	466.19   	22.6436   	
0.0001119   	466.2   	22.431   	
0.00011195   	466.411   	22.3235   	
0.000112   	466.447   	21.7519   	
0.00011205   	466.737   	22.2993   	
0.0001121   	467.029   	21.8786   	
0.00011215   	466.895   	21.4353   	
0.0001122   	467.11   	22.2477   	
0.00011225   	467.162   	22.0444   	
0.0001123   	467.675   	21.6643   	
0.00011235   	467.766   	21.9056   	
0.0001124   	468.033   	21.722   	
0.00011245   	468.395   	21.8128   	
0.0001125   	468.581   	22.609   	
0.00011255   	468.552   	22.6197   	
0.0001126   	468.47   	22.7573   	
0.00011265   	468.991   	22.645   	
0.0001127   	468.811   	23.023   	
0.00011275   	469.197   	23.1819   	
0.0001128   	468.993   	23.3314   	
0.00011285   	469.134   	23.2411   	
0.0001129   	469.434   	23.4507   	
0.00011295   	469.4   	23.479   	
0.000113   	469.158   	23.8643   	
0.00011305   	469.499   	23.553   	
0.0001131   	469.843   	23.2973   	
0.00011315   	469.882   	22.7752   	
0.0001132   	469.909   	23.0717   	
0.00011325   	469.912   	23.0694   	
0.0001133   	470.326   	23.2856   	
0.00011335   	470.877   	23.1425   	
0.0001134   	471.17   	23.2009   	
0.00011345   	471.381   	23.1477   	
0.0001135   	471.566   	23.489   	
0.00011355   	471.527   	23.5193   	
0.0001136   	471.816   	23.6585   	
0.00011365   	471.901   	23.0229   	
0.0001137   	472.259   	23.2546   	
0.00011375   	472.58   	23.0921   	
0.0001138   	472.776   	23.2118   	
0.00011385   	472.798   	22.7772   	
0.0001139   	473.082   	22.7613   	
0.00011395   	473.391   	23.3174   	
0.000114   	473.694   	23.5938   	
0.00011405   	474.066   	24.1052   	
0.0001141   	473.975   	24.0396   	
0.00011415   	474.271   	23.8783   	
0.0001142   	473.985   	24.1113   	
0.00011425   	474.56   	23.6639   	
0.0001143   	474.52   	23.6946   	
0.00011435   	474.771   	23.4309   	
0.0001144   	475.078   	23.5656   	
0.00011445   	475.376   	23.6595   	
0.0001145   	475.362   	23.7713   	
0.00011455   	475.409   	23.8038   	
0.0001146   	475.458   	23.6624   	
0.00011465   	475.46   	23.5777   	
0.0001147   	475.171   	23.9615   	
0.00011475   	475.177   	23.5867   	
0.0001148   	475.175   	23.4163   	
0.00011485   	475.558   	23.3284   	
0.0001149   	475.874   	23.1896   	
0.00011495   	475.989   	23.2914   	
0.000115   	475.825   	23.6334   	
0.00011505   	476.213   	23.8146   	
0.0001151   	476.382   	23.8008   	
0.00011515   	476.113   	23.9386   	
0.0001152   	476.437   	23.645   	
0.00011525   	476.308   	23.775   	
0.0001153   	476.409   	23.9004   	
0.00011535   	476.348   	23.4058   	
0.0001154   	476.528   	23.3815   	
0.00011545   	476.469   	23.4191   	
0.0001155   	476.437   	22.919   	
0.00011555   	476.309   	23.0649   	
0.0001156   	476.238   	22.7861   	
0.00011565   	476.484   	23.073   	
0.0001157   	476.736   	23.6951   	
0.00011575   	477.425   	23.3058   	
0.0001158   	477.699   	23.261   	
0.00011585   	477.73   	22.9713   	
0.0001159   	477.695   	22.8506   	
0.00011595   	478.075   	23.1485   	
0.000116   	478.233   	22.8908   	
0.00011605   	478.331   	22.4189   	
0.0001161   	478.384   	22.2358   	
0.00011615   	478.584   	22.5187   	
0.0001162   	478.874   	22.0553   	
0.00011625   	479.176   	22.0879   	
0.0001163   	479.404   	22.3152   	
0.00011635   	479.63   	22.2361   	
0.0001164   	480.079   	22.335   	
0.00011645   	480.07   	22.5158   	
0.0001165   	480.19   	22.758   	
0.00011655   	480.195   	22.7914   	
0.0001166   	480.342   	22.9094   	
0.00011665   	480.619   	23.2477   	
0.0001167   	480.634   	23.4057   	
0.00011675   	480.567   	23.2796   	
0.0001168   	480.707   	23.1906   	
0.00011685   	481.037   	23.4689   	
0.0001169   	480.666   	23.6995   	
0.00011695   	481.013   	23.5416   	
0.000117   	481.304   	23.3909   	
0.00011705   	481.357   	22.6933   	
0.0001171   	481.52   	22.8847   	
0.00011715   	481.379   	22.8732   	
0.0001172   	481.677   	23.304   	
0.00011725   	482.207   	23.1095   	
0.0001173   	482.35   	23.3032   	
0.00011735   	482.889   	23.1011   	
0.0001174   	482.983   	23.4368   	
0.00011745   	483.055   	23.367   	
0.0001175   	483.359   	23.6454   	
0.00011755   	483.418   	23.4749   	
0.0001176   	483.636   	23.4587   	
0.00011765   	483.841   	23.5   	
0.0001177   	484.451   	23.6372   	
0.00011775   	484.283   	23.2931   	
0.0001178   	484.723   	23.3071   	
0.00011785   	485.034   	23.6031   	
0.0001179   	485.096   	23.9464   	
0.00011795   	485.442   	24.3432   	
0.000118   	485.579   	24.1513   	
0.00011805   	485.816   	23.9704   	
0.0001181   	485.508   	24.1464   	
0.00011815   	485.949   	23.8012   	
0.0001182   	486.25   	23.7011   	
0.00011825   	486.311   	23.4992   	
0.0001183   	486.824   	23.6591   	
0.00011835   	486.701   	23.728   	
0.0001184   	486.963   	23.6297   	
0.00011845   	486.832   	23.926   	
0.0001185   	486.986   	23.504   	
0.00011855   	487.061   	23.2918   	
0.0001186   	486.728   	23.5212   	
0.00011865   	486.816   	23.5107   	
0.0001187   	486.662   	23.1872   	
0.00011875   	487.072   	23.3015   	
0.0001188   	487.178   	23.0555   	
0.00011885   	487.616   	23.1857   	
0.0001189   	487.64   	23.3892   	
0.00011895   	487.769   	23.8076   	
0.000119   	487.846   	23.6772   	
0.00011905   	487.786   	23.8104   	
0.0001191   	487.823   	23.6577   	
0.00011915   	487.932   	23.7689   	
0.0001192   	487.96   	23.7043   	
0.00011925   	487.841   	23.5893   	
0.0001193   	488.141   	23.6215   	
0.00011935   	487.856   	23.5876   	
0.0001194   	488.199   	23.3435   	
0.00011945   	487.998   	22.7857   	
0.0001195   	487.945   	22.7611   	
0.00011955   	488.034   	22.4627   	
0.0001196   	488.206   	23.1977   	
0.00011965   	488.73   	23.1557   	
0.0001197   	489.303   	22.9783   	
0.00011975   	489.241   	22.861   	
0.0001198   	489.358   	22.4232   	
0.00011985   	489.603   	22.2536   	
0.0001199   	489.884   	22.5641   	
0.00011995   	489.766   	21.8273   	
0.00012   	489.828   	21.477   	
0.00012005   	490.224   	21.7826   	
0.0001201   	490.328   	21.4232   	
0.00012015   	490.733   	21.4681   	
0.0001202   	490.852   	21.4364   	
0.00012025   	491.14   	21.5796   	
0.0001203   	491.467   	21.6091   	
0.00012035   	491.616   	22.0298   	
0.0001204   	491.682   	22.1689   	
0.00012045   	491.488   	21.9946   	
0.0001205   	491.712   	22.1207   	
0.00012055   	491.85   	22.5767   	
0.0001206   	491.905   	22.5779   	
0.00012065   	492.047   	22.5011   	
0.0001207   	492.182   	22.3128   	
0.00012075   	492.362   	22.4758   	
0.0001208   	492.236   	22.6678   	
0.00012085   	492.373   	22.5652   	
0.0001209   	492.68   	22.4472   	
0.00012095   	492.678   	22.1204   	
0.000121   	492.949   	21.8982   	
0.00012105   	492.964   	22.367   	
0.0001211   	493.044   	22.5239   	
0.00012115   	493.499   	22.3568   	
0.0001212   	493.944   	22.1465   	
0.00012125   	494.404   	22.0951   	
0.0001213   	494.53   	22.2487   	
0.00012135   	494.467   	22.263   	
0.0001214   	494.809   	22.6717   	
0.00012145   	494.728   	22.5835   	
0.0001215   	495.055   	22.9031   	
0.00012155   	495.294   	22.7783   	
0.0001216   	495.741   	22.7264   	
0.00012165   	495.7   	22.5801   	
0.0001217   	495.883   	22.4363   	
0.00012175   	496.165   	22.6123   	
0.0001218   	496.42   	22.999   	
0.00012185   	496.752   	23.288   	
0.0001219   	496.822   	23.6298   	
0.00012195   	497.253   	23.0949   	
0.000122   	496.937   	23.0879   	
0.00012205   	497.206   	23.0652   	
0.0001221   	497.624   	22.9049   	
0.00012215   	497.677   	22.7059   	
0.0001222   	498.013   	22.8354   	
0.00012225   	498.103   	23.1533   	
0.0001223   	498.594   	23.014   	
0.00012235   	498.364   	23.2094   	
0.0001224   	498.437   	22.788   	
0.00012245   	498.354   	23.0274   	
0.0001225   	498.293   	23.1582   	
0.00012255   	497.988   	23.2061   	
0.0001226   	498.094   	22.722   	
0.00012265   	498.505   	22.9435   	
0.0001227   	498.658   	22.9237   	
0.00012275   	498.904   	23.1945   	
0.0001228   	499.178   	23.0229   	
0.00012285   	499.126   	23.6181   	
0.0001229   	499.238   	23.7904   	
0.00012295   	499.202   	23.6333   	
0.000123   	499.344   	23.6423   	
0.00012305   	499.445   	23.5171   	
0.0001231   	499.342   	23.6851   	
0.00012315   	499.383   	23.832   	
0.0001232   	499.394   	23.7154   	
0.00012325   	499.433   	23.9717   	
0.0001233   	499.591   	23.614   	
0.00012335   	499.604   	22.9172   	
0.0001234   	499.404   	22.9316   	
0.00012345   	499.404   	22.7831   	
0.0001235   	499.647   	22.8221   	
0.00012355   	500.081   	23.2415   	
0.0001236   	500.659   	22.9614   	
0.00012365   	500.555   	22.9759   	
0.0001237   	500.79   	22.8793   	
0.00012375   	500.86   	22.4369   	
0.0001238   	501.22   	22.5408   	
0.00012385   	501.173   	21.9403   	
0.0001239   	501.325   	21.6096   	
0.00012395   	501.577   	22.0067   	
0.000124   	501.785   	21.2879   	
0.00012405   	502.047   	21.3401   	
0.0001241   	502.246   	21.4702   	
0.00012415   	502.363   	21.6691   	
0.0001242   	502.871   	21.3794   	
0.00012425   	502.949   	21.6696   	
0.0001243   	503.018   	21.5351   	
0.00012435   	502.744   	21.3633   	
0.0001244   	503.26   	21.5317   	
0.00012445   	503.352   	22.0118   	
0.0001245   	503.503   	22.1853   	
0.00012455   	503.406   	22.2116   	
0.0001246   	503.433   	21.9546   	
0.00012465   	503.76   	22.0164   	
0.0001247   	503.95   	21.9914   	
0.00012475   	503.736   	22.171   	
0.0001248   	503.954   	22.0092   	
0.00012485   	504.189   	21.8375   	
0.0001249   	504.291   	21.3306   	
0.00012495   	504.316   	21.7145   	
0.000125   	504.257   	21.8316   	
0.00012505   	504.907   	21.7941   	
0.0001251   	505.275   	21.3899   	
0.00012515   	505.581   	21.5489   	
0.0001252   	505.836   	21.451   	
0.00012525   	506.067   	21.5759   	
0.0001253   	506.215   	21.8846   	
0.00012535   	506.118   	21.8521   	
0.0001254   	506.466   	22.2509   	
0.00012545   	506.605   	21.9219   	
0.0001255   	507.056   	21.8822   	
0.00012555   	507.074   	21.8508   	
0.0001256   	507.351   	21.4396   	
0.00012565   	507.485   	21.5361   	
0.0001257   	507.726   	21.8401   	
0.00012575   	508.056   	22.0984   	
0.0001258   	508.387   	22.3776   	
0.00012585   	508.654   	22.0393   	
0.0001259   	508.618   	21.722   	
0.00012595   	508.563   	22.2056   	
0.000126   	508.99   	21.9791   	
0.00012605   	509.071   	21.8478   	
0.0001261   	509.257   	22.0526   	
0.00012615   	509.475   	22.4074   	
0.0001262   	509.836   	22.3784   	
0.00012625   	509.72   	22.5337   	
0.0001263   	509.896   	22.158   	
0.00012635   	509.884   	22.2187   	
0.0001264   	509.784   	22.3999   	
0.00012645   	509.489   	22.3697   	
0.0001265   	509.61   	22.0275   	
0.00012655   	509.691   	21.7612   	
0.0001266   	510.027   	22.1527   	
0.00012665   	510.367   	22.2024   	
0.0001267   	510.512   	22.3185   	
0.00012675   	510.366   	22.67   	
0.0001268   	510.6   	22.9595   	
0.00012685   	510.792   	22.8199   	
0.0001269   	510.679   	22.9199   	
0.00012695   	510.893   	22.775   	
0.000127   	510.859   	22.8239   	
0.00012705   	510.836   	23.2057   	
0.0001271   	510.906   	23.0735   	
0.00012715   	510.859   	23.3049   	
0.0001272   	511.07   	23.2959   	
0.00012725   	510.961   	22.7023   	
0.0001273   	510.83   	22.6257   	
0.00012735   	510.725   	22.4697   	
0.0001274   	510.996   	22.5507   	
0.00012745   	511.432   	23.177   	
0.0001275   	512.017   	22.7037   	
0.00012755   	512.038   	22.902   	
0.0001276   	512.236   	23.0361   	
0.00012765   	512.39   	22.4818   	
0.0001277   	512.572   	22.8415   	
0.00012775   	512.812   	22.3229   	
0.0001278   	512.739   	21.8809   	
0.00012785   	512.965   	21.9105   	
0.0001279   	513.015   	21.7946   	
0.00012795   	513.451   	21.7532   	
0.000128   	513.614   	21.8738   	
0.00012805   	513.946   	21.7023   	
0.0001281   	514.183   	21.5526   	
0.00012815   	514.445   	21.6669   	
0.0001282   	514.426   	21.6282   	
0.00012825   	514.335   	21.7318   	
0.0001283   	514.829   	21.8086   	
0.00012835   	514.609   	22.155   	
0.0001284   	515.096   	22.1395   	
0.00012845   	514.961   	22.6366   	
0.0001285   	514.977   	21.9953   	
0.00012855   	515.178   	22.0381   	
0.0001286   	515.228   	22.1949   	
0.00012865   	514.986   	22.2538   	
0.0001287   	515.314   	22.0012   	
0.00012875   	515.645   	22.323   	
0.0001288   	515.746   	21.6545   	
0.00012885   	515.862   	22.0221   	
0.0001289   	515.759   	22.1318   	
0.00012895   	516.028   	22.2204   	
0.000129   	516.73   	21.641   	
0.00012905   	516.862   	22.1175   	
0.0001291   	517.157   	22.0022   	
0.00012915   	517.32   	21.862   	
0.0001292   	517.355   	22.1915   	
0.00012925   	517.631   	22.4249   	
0.0001293   	517.812   	22.3628   	
0.00012935   	518.068   	22.2355   	
0.0001294   	518.315   	22.4532   	
0.00012945   	518.639   	22.6056   	
0.0001295   	518.672   	22.1978   	
0.00012955   	519.028   	22.2215   	
0.0001296   	519.242   	22.5374   	
0.00012965   	519.593   	22.7038   	
0.0001297   	519.805   	22.8304   	
0.00012975   	519.829   	22.5776   	
0.0001298   	520.219   	22.6168   	
0.00012985   	519.803   	22.7382   	
0.0001299   	520.309   	22.3354   	
0.00012995   	520.394   	22.5107   	
0.00013   	520.709   	22.5259   	
0.00013005   	521.03   	22.8473   	
0.0001301   	521.222   	22.7733   	
0.00013015   	521.216   	23.0283   	
0.0001302   	521.258   	22.8092   	
0.00013025   	521.329   	22.3346   	
0.0001303   	521.335   	22.3418   	
0.00013035   	520.979   	22.2736   	
0.0001304   	521.052   	22.1454   	
0.00013045   	520.995   	21.5475   	
0.0001305   	521.436   	21.8303   	
0.00013055   	521.703   	21.83   	
0.0001306   	521.85   	22.0065   	
0.00013065   	521.754   	22.239   	
0.0001307   	522.197   	22.6374   	
0.00013075   	522.223   	22.3743   	
0.0001308   	521.996   	22.5427   	
0.00013085   	522.237   	22.174   	
0.0001309   	522.217   	22.6162   	
0.00013095   	522.307   	22.8115   	
0.000131   	522.164   	22.7366   	
0.00013105   	522.422   	22.9937   	
0.0001311   	522.294   	22.9129   	
0.00013115   	522.323   	22.5072   	
0.0001312   	522.217   	22.0806   	
0.00013125   	522.227   	22.1145   	
0.0001313   	522.405   	22.0973   	
0.00013135   	522.598   	22.646   	
0.0001314   	523.272   	22.6295   	
0.00013145   	523.619   	22.7304   	
0.0001315   	523.573   	22.5334   	
0.00013155   	523.513   	22.4874   	
0.0001316   	523.895   	22.4543   	
0.00013165   	524.039   	22.5169   	
0.0001317   	524.197   	22.1383   	
0.00013175   	524.24   	21.8374   	
0.0001318   	524.543   	21.8683   	
0.00013185   	524.763   	21.5607   	
0.0001319   	525.073   	21.9224   	
0.00013195   	525.253   	21.8488   	
0.000132   	525.389   	21.9733   	
0.00013205   	525.894   	21.4272   	
0.0001321   	525.874   	21.6383   	
0.00013215   	525.922   	21.7739   	
0.0001322   	525.976   	21.8316   	
0.00013225   	526.162   	21.8645   	
0.0001323   	526.405   	22.1043   	
0.00013235   	526.454   	22.435   	
0.0001324   	526.259   	22.17   	
0.00013245   	526.548   	21.742   	
0.0001325   	526.703   	22.007   	
0.00013255   	526.447   	21.9612   	
0.0001326   	526.725   	21.954   	
0.00013265   	527.101   	22.1611   	
0.0001327   	527.056   	21.8856   	
0.00013275   	527.319   	21.7636   	
0.0001328   	527.203   	22.0413   	
0.00013285   	527.427   	22.255   	
0.0001329   	527.932   	22.39   	
0.00013295   	528.1   	22.33   	
0.000133   	528.701   	22.2968   	
0.00013305   	528.769   	22.1555   	
0.0001331   	528.807   	22.4209   	
0.00013315   	529.087   	22.5389   	
0.0001332   	529.157   	22.5933   	
0.00013325   	529.397   	22.4555   	
0.0001333   	529.613   	22.5412   	
0.00013335   	530.119   	22.7466   	
0.0001334   	530.02   	22.6263   	
0.00013345   	530.299   	22.4564   	
0.0001335   	530.702   	22.7083   	
0.00013355   	530.721   	23.0653   	
0.0001336   	531.202   	23.0036   	
0.00013365   	531.185   	22.877   	
0.0001337   	531.527   	22.8602   	
0.00013375   	531.244   	22.7853   	
0.0001338   	531.62   	22.6181   	
0.00013385   	531.858   	22.7326   	
0.0001339   	531.886   	22.8629   	
0.00013395   	532.526   	23.3327   	
0.000134   	532.372   	23.2646   	
0.00013405   	532.8   	22.8318   	
0.0001341   	532.517   	22.9425   	
0.00013415   	532.823   	22.6265   	
0.0001342   	532.734   	22.3569   	
0.00013425   	532.447   	22.3751   	
0.0001343   	532.556   	22.1808   	
0.00013435   	532.386   	21.6513   	
0.0001344   	532.779   	21.4998   	
0.00013445   	532.827   	21.5859   	
0.0001345   	533.335   	21.5581   	
0.00013455   	533.416   	21.8423   	
0.0001346   	533.485   	22.0318   	
0.00013465   	533.514   	22.1695   	
0.0001347   	533.6   	22.0479   	
0.00013475   	533.601   	21.9659   	
0.0001348   	533.755   	21.9824   	
0.00013485   	533.645   	22.121   	
0.0001349   	533.515   	22.2536   	
0.00013495   	533.922   	22.3127   	
0.000135   	533.639   	22.4545   	
0.00013505   	533.91   	22.3216   	
0.0001351   	533.674   	21.429   	
0.00013515   	533.662   	21.452   	
0.0001352   	533.727   	21.1955   	
0.00013525   	533.933   	21.3246   	
0.0001353   	534.447   	21.5575   	
0.00013535   	535.112   	21.7821   	
0.0001354   	534.97   	21.866   	
0.00013545   	535.094   	21.618   	
0.0001355   	535.29   	21.1098   	
0.00013555   	535.698   	21.4513   	
0.0001356   	535.468   	21.1694   	
0.00013565   	535.529   	20.7331   	
0.0001357   	535.929   	20.3449   	
0.00013575   	536.144   	20.112   	
0.0001358   	536.5   	20.5093   	
0.00013585   	536.631   	20.1826   	
0.0001359   	536.84   	20.4183   	
0.00013595   	537.136   	20.0852   	
0.000136   	537.292   	20.2712   	
0.00013605   	537.464   	20.0299   	
0.0001361   	537.131   	19.9735   	
0.00013615   	537.445   	20.2637   	
0.0001362   	537.652   	20.6612   	
0.00013625   	537.738   	20.7393   	
0.0001363   	537.735   	20.66   	
0.00013635   	537.801   	20.2073   	
0.0001364   	538.156   	20.504   	
0.00013645   	537.981   	20.6816   	
0.0001365   	538.07   	20.6716   	
0.00013655   	538.383   	20.6507   	
0.0001366   	538.454   	20.7165   	
0.00013665   	538.666   	20.3193   	
0.0001367   	538.728   	20.6037   	
0.00013675   	538.727   	20.8062   	
0.0001368   	539.224   	20.9218   	
0.00013685   	539.701   	20.7787   	
0.0001369   	539.991   	20.8343   	
0.00013695   	540.297   	20.6427   	
0.000137   	540.184   	20.7713   	
0.00013705   	540.501   	20.934   	
0.0001371   	540.476   	20.7814   	
0.00013715   	540.867   	20.7807   	
0.0001372   	541.034   	20.6319   	
0.00013725   	541.378   	20.6083   	
0.0001373   	541.44   	20.5677   	
0.00013735   	541.636   	20.2657   	
0.0001374   	541.892   	20.3264   	
0.00013745   	542.104   	20.6258   	
0.0001375   	542.493   	20.8193   	
0.00013755   	542.614   	20.8924   	
0.0001376   	543.034   	20.5803   	
0.00013765   	542.81   	20.4196   	
0.0001377   	542.939   	20.5715   	
0.00013775   	543.362   	20.4894   	
0.0001378   	543.393   	20.3704   	
0.00013785   	543.819   	20.9013   	
0.0001379   	543.767   	21.1019   	
0.00013795   	544.3   	20.8865   	
0.000138   	544.053   	20.9837   	
0.00013805   	544.145   	20.5561   	
0.0001381   	544.147   	20.5221   	
0.00013815   	544.113   	20.6405   	
0.0001382   	543.792   	20.5163   	
0.00013825   	543.807   	20.2714   	
0.0001383   	544.201   	19.8011   	
0.00013835   	544.327   	19.9149   	
0.0001384   	544.634   	20.0802   	
0.00013845   	544.951   	20.0586   	
0.0001385   	544.842   	20.0843   	
0.00013855   	544.872   	20.3656   	
0.0001386   	544.993   	20.107   	
0.00013865   	545.094   	20.0708   	
0.0001387   	545.095   	19.9027   	
0.00013875   	545.153   	20.0407   	
0.0001388   	545.171   	20.2655   	
0.00013885   	545.111   	20.2716   	
0.0001389   	545.22   	20.6558   	
0.00013895   	545.306   	20.4794   	
0.000139   	545.462   	19.7577   	
0.00013905   	545.082   	19.6385   	
0.0001391   	545.099   	19.5708   	
0.00013915   	545.3   	19.2639   	
0.0001392   	545.806   	20.0118   	
0.00013925   	546.372   	19.8289   	
0.0001393   	546.359   	19.8085   	
0.00013935   	546.491   	19.6361   	
0.0001394   	546.636   	19.5058   	
0.00013945   	546.993   	19.6685   	
0.0001395   	547.094   	19.4794   	
0.00013955   	546.948   	18.8415   	
0.0001396   	547.349   	18.9146   	
0.00013965   	547.443   	18.4574   	
0.0001397   	547.819   	18.8727   	
0.00013975   	547.949   	18.9739   	
0.0001398   	548.164   	18.9947   	
0.00013985   	548.56   	18.7497   	
0.0001399   	548.68   	18.745   	
0.00013995   	548.671   	18.7454   	
0.00014   	548.485   	18.747   	
0.00014005   	549.01   	18.7935   	
0.0001401   	549.01   	19.305   	
0.00014015   	549.226   	19.4527   	
0.0001402   	549.249   	19.6159   	
0.00014025   	549.207   	19.0521   	
0.0001403   	549.535   	19.5491   	
0.00014035   	549.656   	19.3842   	
0.0001404   	549.386   	19.4392   	
0.00014045   	549.674   	19.2737   	
0.0001405   	549.972   	19.5056   	
0.00014055   	549.998   	18.7593   	
0.0001406   	550.014   	18.9084   	
0.00014065   	550.055   	19.0919   	
0.0001407   	550.615   	19.1037   	
0.00014075   	550.972   	18.686   	
0.0001408   	551.322   	18.9133   	
