0   	174.063   	276.5   	
5e-08   	174.007   	272.966   	
1e-07   	174.304   	276.985   	
1.5e-07   	174.613   	282.668   	
2e-07   	174.673   	280.597   	
2.5e-07   	174.541   	282.816   	
3e-07   	174.789   	290.396   	
3.5e-07   	174.893   	288.202   	
4e-07   	174.75   	285.111   	
4.5e-07   	174.98   	284.996   	
5e-07   	174.836   	304.483   	
5.5e-07   	174.984   	325.62   	
6e-07   	174.826   	303.368   	
6.5e-07   	174.996   	320.863   	
7e-07   	174.98   	324.733   	
7.5e-07   	174.856   	316.137   	
8e-07   	174.65   	307.069   	
8.5e-07   	174.518   	287.877   	
9e-07   	174.742   	291.377   	
9.5e-07   	174.944   	304.83   	
1e-06   	175.653   	303.02   	
1.05e-06   	175.801   	296.481   	
1.1e-06   	175.847   	302.602   	
1.15e-06   	175.749   	290.344   	
1.2e-06   	176.134   	286.118   	
1.25e-06   	176.238   	281.057   	
1.3e-06   	176.198   	286.626   	
1.35e-06   	176.325   	282.103   	
1.4e-06   	176.294   	278.395   	
1.45e-06   	176.598   	263.064   	
1.5e-06   	176.755   	258.458   	
1.55e-06   	177.076   	254.218   	
1.6e-06   	177.139   	250.002   	
1.65e-06   	177.357   	253.562   	
1.7e-06   	177.239   	257.74   	
1.75e-06   	177.315   	253.749   	
1.8e-06   	177.33   	238.406   	
1.85e-06   	177.307   	237.103   	
1.9e-06   	177.62   	225.058   	
1.95e-06   	177.651   	224.733   	
2e-06   	177.503   	231.677   	
2.05e-06   	177.614   	228.276   	
2.1e-06   	177.85   	224.462   	
2.15e-06   	177.457   	227.202   	
2.2e-06   	177.737   	226.735   	
2.25e-06   	177.962   	220.228   	
2.3e-06   	178.065   	201.645   	
2.35e-06   	178.252   	200.041   	
2.4e-06   	178.047   	192.081   	
2.45e-06   	178.342   	197.631   	
2.5e-06   	178.832   	200.185   	
2.55e-06   	178.83   	202.68   	
2.6e-06   	179.267   	198.167   	
2.65e-06   	179.329   	188.697   	
2.7e-06   	179.378   	182.013   	
2.75e-06   	179.559   	194.717   	
2.8e-06   	179.592   	200.244   	
2.85e-06   	179.826   	196.16   	
2.9e-06   	180.046   	189.085   	
2.95e-06   	180.55   	189.095   	
3e-06   	180.364   	180.819   	
3.05e-06   	180.811   	187.385   	
3.1e-06   	180.924   	192.811   	
3.15e-06   	181.087   	176.339   	
3.2e-06   	181.323   	173.026   	
3.25e-06   	181.426   	174.831   	
3.3e-06   	181.608   	184.33   	
3.35e-06   	181.33   	178.492   	
3.4e-06   	181.794   	188.097   	
3.45e-06   	181.91   	185.627   	
3.5e-06   	181.932   	182.824   	
3.55e-06   	182.52   	184.836   	
3.6e-06   	182.374   	196.215   	
3.65e-06   	182.512   	199.013   	
3.7e-06   	182.412   	197.778   	
3.75e-06   	182.496   	197.493   	
3.8e-06   	182.616   	190.872   	
3.85e-06   	182.226   	196.756   	
3.9e-06   	182.242   	198.246   	
3.95e-06   	181.968   	187.119   	
4e-06   	182.371   	191.302   	
4.05e-06   	182.323   	197.603   	
4.1e-06   	182.697   	205.628   	
4.15e-06   	182.662   	213.094   	
4.2e-06   	182.892   	219.305   	
4.25e-06   	182.846   	220.179   	
4.3e-06   	182.747   	212.553   	
4.35e-06   	182.82   	213.103   	
4.4e-06   	182.845   	225.608   	
4.45e-06   	182.815   	240.969   	
4.5e-06   	182.424   	237.935   	
4.55e-06   	182.79   	243.437   	
4.6e-06   	182.561   	246.864   	
4.65e-06   	182.846   	239.968   	
4.7e-06   	182.7   	232.807   	
4.75e-06   	182.66   	224.536   	
4.8e-06   	182.767   	216.825   	
4.85e-06   	182.85   	228.759   	
4.9e-06   	183.477   	237.867   	
4.95e-06   	183.884   	230.544   	
5e-06   	183.731   	230.223   	
5.05e-06   	183.741   	236.081   	
5.1e-06   	184.044   	230.187   	
5.15e-06   	184.26   	226.41   	
5.2e-06   	184.212   	227.303   	
5.25e-06   	184.132   	223.79   	
5.3e-06   	184.508   	224.282   	
5.35e-06   	184.539   	214.649   	
5.4e-06   	184.855   	218.028   	
5.45e-06   	184.984   	206.908   	
5.5e-06   	185.132   	212.514   	
5.55e-06   	185.351   	204.765   	
5.6e-06   	185.401   	209.737   	
5.65e-06   	185.364   	210.9   	
5.7e-06   	185.167   	204.255   	
5.75e-06   	185.377   	208.341   	
5.8e-06   	185.523   	202.935   	
5.85e-06   	185.488   	205.619   	
5.9e-06   	185.513   	208.111   	
5.95e-06   	185.781   	199.395   	
6e-06   	185.888   	197.158   	
6.05e-06   	185.756   	206.033   	
6.1e-06   	185.866   	211.422   	
6.15e-06   	186.245   	213.152   	
6.2e-06   	186.106   	215.867   	
6.25e-06   	186.429   	203.548   	
6.3e-06   	186.41   	214.119   	
6.35e-06   	186.501   	218.251   	
6.4e-06   	187.008   	230.745   	
6.45e-06   	187.328   	231.316   	
6.5e-06   	187.764   	236.365   	
6.55e-06   	187.8   	223.958   	
6.6e-06   	187.696   	233.195   	
6.65e-06   	187.92   	250.924   	
6.7e-06   	187.788   	256.23   	
6.75e-06   	187.942   	265.533   	
6.8e-06   	188.071   	268.64   	
6.85e-06   	188.467   	275.848   	
6.9e-06   	188.299   	274.374   	
6.95e-06   	188.518   	275.378   	
7e-06   	188.806   	281.173   	
7.05e-06   	188.814   	282.375   	
7.1e-06   	189.152   	274.153   	
7.15e-06   	189.103   	277.587   	
7.2e-06   	189.383   	288.55   	
7.25e-06   	189.015   	276.033   	
7.3e-06   	189.296   	289.916   	
7.35e-06   	189.641   	297.902   	
7.4e-06   	189.711   	299.777   	
7.45e-06   	189.962   	319.695   	
7.5e-06   	189.959   	331.903   	
7.55e-06   	190.308   	325.791   	
7.6e-06   	189.955   	323.889   	
7.65e-06   	190.143   	314.467   	
7.7e-06   	190.031   	308.258   	
7.75e-06   	189.777   	320.135   	
7.8e-06   	189.571   	313.475   	
7.85e-06   	189.54   	295.086   	
7.9e-06   	189.978   	288.106   	
7.95e-06   	189.945   	292.025   	
8e-06   	190.089   	292.02   	
8.05e-06   	190.251   	304.461   	
8.1e-06   	190.136   	306.882   	
8.15e-06   	190.28   	323.57   	
8.2e-06   	189.906   	315.282   	
8.25e-06   	189.988   	317.501   	
8.3e-06   	190.015   	325.354   	
8.35e-06   	189.915   	334.434   	
8.4e-06   	189.943   	339.097   	
8.45e-06   	189.951   	345.586   	
8.5e-06   	189.89   	354.011   	
8.55e-06   	190.038   	348.287   	
8.6e-06   	189.81   	326.564   	
8.65e-06   	189.636   	313.871   	
8.7e-06   	189.597   	304.452   	
8.75e-06   	189.799   	299.367   	
8.8e-06   	190.189   	323.849   	
8.85e-06   	190.766   	312.805   	
8.9e-06   	190.553   	321.949   	
8.95e-06   	190.713   	330.659   	
9e-06   	190.786   	319.499   	
9.05e-06   	191.164   	314.937   	
9.1e-06   	191.076   	317.043   	
9.15e-06   	191.105   	312.834   	
9.2e-06   	191.283   	298.151   	
9.25e-06   	191.392   	287.481   	
9.3e-06   	191.594   	296.713   	
9.35e-06   	191.703   	297.016   	
9.4e-06   	191.798   	302.147   	
9.45e-06   	192.199   	287.955   	
9.5e-06   	192.17   	288.105   	
9.55e-06   	192.14   	286.722   	
9.6e-06   	191.849   	291.04   	
9.65e-06   	192.291   	302.774   	
9.7e-06   	192.35   	311.043   	
9.75e-06   	192.489   	306.275   	
9.8e-06   	192.236   	321.702   	
9.85e-06   	192.182   	310.435   	
9.9e-06   	192.347   	314.453   	
9.95e-06   	192.344   	324.437   	
1e-05   	192.183   	333.921   	
1.005e-05   	192.377   	327.26   	
1.01e-05   	192.487   	343.426   	
1.015e-05   	192.528   	316.438   	
1.02e-05   	192.464   	325.294   	
1.025e-05   	192.372   	340.667   	
1.03e-05   	192.952   	353.483   	
1.035e-05   	193.14   	348.989   	
1.04e-05   	193.496   	358.477   	
1.045e-05   	193.622   	341.112   	
1.05e-05   	193.559   	353.052   	
1.055e-05   	193.727   	371.986   	
1.06e-05   	193.701   	368.032   	
1.065e-05   	193.964   	386.489   	
1.07e-05   	194.004   	381.063   	
1.075e-05   	194.448   	381.694   	
1.08e-05   	194.413   	382.114   	
1.085e-05   	194.51   	385.38   	
1.09e-05   	194.652   	389.877   	
1.095e-05   	194.827   	388.231   	
1.1e-05   	195.038   	396.562   	
1.105e-05   	195.184   	392.888   	
1.11e-05   	195.327   	396.465   	
1.115e-05   	195.239   	393.686   	
1.12e-05   	195.216   	403.287   	
1.125e-05   	195.684   	408.829   	
1.13e-05   	195.745   	411.972   	
1.135e-05   	195.873   	430.445   	
1.14e-05   	195.887   	440.815   	
1.145e-05   	196.206   	433.328   	
1.15e-05   	195.992   	446.254   	
1.155e-05   	195.976   	436.724   	
1.16e-05   	195.944   	428.294   	
1.165e-05   	195.822   	448.271   	
1.17e-05   	195.421   	441.306   	
1.175e-05   	195.449   	443.748   	
1.18e-05   	195.488   	421.84   	
1.185e-05   	195.716   	426.661   	
1.19e-05   	195.919   	425.365   	
1.195e-05   	195.944   	440.098   	
1.2e-05   	195.78   	444.108   	
1.205e-05   	195.975   	448.804   	
1.21e-05   	196.006   	445.378   	
1.215e-05   	195.875   	449.609   	
1.22e-05   	195.986   	448.698   	
1.225e-05   	195.888   	458.066   	
1.23e-05   	195.769   	472.028   	
1.235e-05   	195.777   	466.989   	
1.24e-05   	195.716   	485.77   	
1.245e-05   	195.941   	479.475   	
1.25e-05   	195.831   	459.414   	
1.255e-05   	195.502   	446.895   	
1.26e-05   	195.439   	439.654   	
1.265e-05   	195.679   	433.655   	
1.27e-05   	196.195   	451.97   	
1.275e-05   	196.617   	445.812   	
1.28e-05   	196.563   	458.894   	
1.285e-05   	196.659   	459.784   	
1.29e-05   	196.759   	451.165   	
1.295e-05   	196.98   	452.384   	
1.3e-05   	197.23   	458.282   	
1.305e-05   	197.008   	441.511   	
1.31e-05   	197.257   	436.006   	
1.315e-05   	197.276   	435.119   	
1.32e-05   	197.741   	437.913   	
1.325e-05   	197.77   	441.901   	
1.33e-05   	197.954   	437.417   	
1.335e-05   	198.189   	434.163   	
1.34e-05   	198.221   	430.48   	
1.345e-05   	198.131   	432.838   	
1.35e-05   	198.005   	447.053   	
1.355e-05   	198.449   	439.977   	
1.36e-05   	198.264   	467.265   	
1.365e-05   	198.642   	458.596   	
1.37e-05   	198.429   	479.35   	
1.375e-05   	198.512   	455.635   	
1.38e-05   	198.712   	460.212   	
1.385e-05   	198.678   	452.943   	
1.39e-05   	198.423   	457.325   	
1.395e-05   	198.721   	460.324   	
1.4e-05   	199.011   	476.386   	
1.405e-05   	199.053   	440.647   	
1.41e-05   	199.01   	441.317   	
1.415e-05   	198.923   	457.503   	
1.42e-05   	199.169   	467.542   	
1.425e-05   	199.781   	458.501   	
1.43e-05   	200.085   	475.038   	
1.435e-05   	200.219   	469.475   	
1.44e-05   	200.225   	457.582   	
1.445e-05   	200.21   	493.217   	
1.45e-05   	200.457   	492.925   	
1.455e-05   	200.438   	494.417   	
1.46e-05   	200.679   	481.662   	
1.465e-05   	200.913   	491.618   	
1.47e-05   	201.088   	500.217   	
1.475e-05   	201.034   	499.419   	
1.48e-05   	201.062   	499.514   	
1.485e-05   	201.339   	503.857   	
1.49e-05   	201.624   	515.966   	
1.495e-05   	201.959   	514.227   	
1.5e-05   	201.749   	509.766   	
1.505e-05   	201.936   	520.956   	
1.51e-05   	201.575   	526.899   	
1.515e-05   	202.085   	525.871   	
1.52e-05   	201.888   	530.123   	
1.525e-05   	202.041   	554.585   	
1.53e-05   	202.328   	570.563   	
1.535e-05   	202.487   	554.99   	
1.54e-05   	202.448   	564.012   	
1.545e-05   	202.349   	556.698   	
1.55e-05   	202.325   	549.831   	
1.555e-05   	202.174   	579.452   	
1.56e-05   	201.899   	566.46   	
1.565e-05   	201.935   	559.125   	
1.57e-05   	201.975   	545.429   	
1.575e-05   	202.331   	534.734   	
1.58e-05   	202.499   	537.888   	
1.585e-05   	202.586   	543.783   	
1.59e-05   	202.332   	554.314   	
1.595e-05   	202.689   	562.929   	
1.6e-05   	202.837   	563.94   	
1.605e-05   	202.479   	567.931   	
1.61e-05   	202.795   	571.71   	
1.615e-05   	202.677   	593.991   	
1.62e-05   	202.712   	597.036   	
1.625e-05   	202.613   	597.139   	
1.63e-05   	202.811   	615.624   	
1.635e-05   	202.708   	631.879   	
1.64e-05   	202.644   	607.482   	
1.645e-05   	202.529   	589.938   	
1.65e-05   	202.521   	603.894   	
1.655e-05   	202.761   	598.759   	
1.66e-05   	202.958   	608.586   	
1.665e-05   	203.652   	611.872   	
1.67e-05   	203.973   	630.44   	
1.675e-05   	203.945   	619.479   	
1.68e-05   	203.881   	614.011   	
1.685e-05   	204.228   	611.966   	
1.69e-05   	204.328   	623.063   	
1.695e-05   	204.387   	604.786   	
1.7e-05   	204.373   	583.974   	
1.705e-05   	204.537   	595.136   	
1.71e-05   	204.754   	599.017   	
1.715e-05   	204.989   	602.493   	
1.72e-05   	205.285   	600.347   	
1.725e-05   	205.402   	605.536   	
1.73e-05   	205.807   	597.001   	
1.735e-05   	205.771   	600.354   	
1.74e-05   	205.784   	614.338   	
1.745e-05   	205.768   	618.236   	
1.75e-05   	205.89   	641.402   	
1.755e-05   	206.093   	645.092   	
1.76e-05   	205.97   	669.941   	
1.765e-05   	205.801   	652.297   	
1.77e-05   	205.986   	646.044   	
1.775e-05   	206.295   	641.823   	
1.78e-05   	205.873   	643.171   	
1.785e-05   	206.292   	653.648   	
1.79e-05   	206.621   	650.748   	
1.795e-05   	206.552   	635.554   	
1.8e-05   	206.792   	616.746   	
1.805e-05   	206.689   	634.67   	
1.81e-05   	206.896   	638.157   	
1.815e-05   	207.441   	644.861   	
1.82e-05   	207.562   	648.635   	
1.825e-05   	208.099   	647.42   	
1.83e-05   	208.106   	629.506   	
1.835e-05   	208.088   	654.408   	
1.84e-05   	208.45   	671.106   	
1.845e-05   	208.474   	675.126   	
1.85e-05   	208.699   	674.756   	
1.855e-05   	208.82   	676.955   	
1.86e-05   	209.294   	687.158   	
1.865e-05   	209.058   	698.743   	
1.87e-05   	209.229   	688.126   	
1.875e-05   	209.368   	699.333   	
1.88e-05   	209.393   	721.199   	
1.885e-05   	209.742   	712.93   	
1.89e-05   	209.809   	725.17   	
1.895e-05   	209.929   	718.45   	
1.9e-05   	209.57   	728.536   	
1.905e-05   	210.025   	744.972   	
1.91e-05   	210.365   	747.908   	
1.915e-05   	210.316   	765.967   	
1.92e-05   	210.9   	793.358   	
1.925e-05   	210.801   	784.927   	
1.93e-05   	211.113   	777.961   	
1.935e-05   	210.854   	781.735   	
1.94e-05   	210.985   	775.772   	
1.945e-05   	210.998   	801.26   	
1.95e-05   	210.682   	804.626   	
1.955e-05   	210.766   	786.903   	
1.96e-05   	210.65   	779.897   	
1.965e-05   	211.015   	764.532   	
1.97e-05   	211.179   	764.797   	
1.975e-05   	211.514   	768.622   	
1.98e-05   	211.463   	790.288   	
1.985e-05   	211.626   	801.983   	
1.99e-05   	211.634   	800.947   	
1.995e-05   	211.586   	801.175   	
2e-05   	211.568   	803.904   	
2.005e-05   	211.55   	820.003   	
2.01e-05   	211.516   	817.779   	
2.015e-05   	211.385   	824.906   	
2.02e-05   	211.734   	834.544   	
2.025e-05   	211.396   	854.427   	
2.03e-05   	211.748   	859.503   	
2.035e-05   	211.463   	839.75   	
2.04e-05   	211.472   	870.868   	
2.045e-05   	211.525   	864.067   	
2.05e-05   	211.687   	868.186   	
2.055e-05   	212.174   	887.004   	
2.06e-05   	212.698   	905.184   	
2.065e-05   	212.636   	921.175   	
2.07e-05   	212.689   	913.619   	
2.075e-05   	212.805   	894.156   	
2.08e-05   	213.048   	894.243   	
2.085e-05   	212.886   	882.525   	
2.09e-05   	212.961   	874.432   	
2.095e-05   	213.359   	866.142   	
2.1e-05   	213.536   	865.376   	
2.105e-05   	213.905   	897.549   	
2.11e-05   	214.071   	889.75   	
2.115e-05   	214.332   	883.74   	
2.12e-05   	214.596   	870.885   	
2.125e-05   	214.736   	886.116   	
2.13e-05   	214.83   	872.333   	
2.135e-05   	214.588   	883.862   	
2.14e-05   	214.816   	918.63   	
2.145e-05   	214.972   	921.245   	
2.15e-05   	215.036   	931.104   	
2.155e-05   	215.123   	930.366   	
2.16e-05   	215.215   	916.338   	
2.165e-05   	215.479   	920.336   	
2.17e-05   	215.34   	933.987   	
2.175e-05   	215.475   	938.269   	
2.18e-05   	215.73   	933.535   	
2.185e-05   	215.76   	930.885   	
2.19e-05   	216.014   	895.842   	
2.195e-05   	216.003   	927.03   	
2.2e-05   	216.047   	921.388   	
2.205e-05   	216.548   	948.702   	
2.21e-05   	217.001   	933.358   	
2.215e-05   	217.402   	943.847   	
2.22e-05   	217.58   	906.725   	
2.225e-05   	217.46   	921.913   	
2.23e-05   	217.771   	962.5   	
2.235e-05   	217.661   	971.222   	
2.24e-05   	217.96   	975.163   	
2.245e-05   	218.096   	981.655   	
2.25e-05   	218.536   	982.482   	
2.255e-05   	218.472   	988.529   	
2.26e-05   	218.677   	966.683   	
2.265e-05   	218.903   	977.386   	
2.27e-05   	219.139   	1003.89   	
2.275e-05   	219.442   	1014.37   	
2.28e-05   	219.484   	1017.12   	
2.285e-05   	219.881   	1010.38   	
2.29e-05   	219.488   	1020.41   	
2.295e-05   	219.677   	1038.83   	
2.3e-05   	220.07   	1051.03   	
2.305e-05   	220.041   	1041.38   	
2.31e-05   	220.469   	1057.24   	
2.315e-05   	220.495   	1072.89   	
2.32e-05   	221.043   	1085.84   	
2.325e-05   	220.799   	1081.55   	
2.33e-05   	220.906   	1078.67   	
2.335e-05   	220.799   	1091.58   	
2.34e-05   	220.775   	1111.37   	
2.345e-05   	220.484   	1086.29   	
2.35e-05   	220.547   	1062.59   	
2.355e-05   	220.946   	1033.89   	
2.36e-05   	221.112   	1047.37   	
2.365e-05   	221.386   	1041.85   	
2.37e-05   	221.646   	1043.33   	
2.375e-05   	221.452   	1040.61   	
2.38e-05   	221.612   	1059.88   	
2.385e-05   	221.498   	1045.09   	
2.39e-05   	221.644   	1074.27   	
2.395e-05   	221.653   	1065.06   	
2.4e-05   	221.56   	1076.17   	
2.405e-05   	221.557   	1066.2   	
2.41e-05   	221.583   	1077.84   	
2.415e-05   	221.64   	1082.33   	
2.42e-05   	221.695   	1085.3   	
2.425e-05   	221.782   	1068.17   	
2.43e-05   	221.547   	1068.46   	
2.435e-05   	221.526   	1094.61   	
2.44e-05   	221.772   	1070.85   	
2.445e-05   	222.257   	1099.39   	
2.45e-05   	222.841   	1096.19   	
2.455e-05   	222.801   	1106.65   	
2.46e-05   	222.942   	1088.58   	
2.465e-05   	223.087   	1067.79   	
2.47e-05   	223.496   	1063.82   	
2.475e-05   	223.38   	1043.86   	
2.48e-05   	223.432   	1019.34   	
2.485e-05   	223.715   	1030.2   	
2.49e-05   	223.904   	1019.29   	
2.495e-05   	224.237   	1043.02   	
2.5e-05   	224.462   	1045.27   	
2.505e-05   	224.598   	1053.23   	
2.51e-05   	225.028   	1034.01   	
2.515e-05   	225.188   	1058.74   	
2.52e-05   	225.188   	1046.29   	
2.525e-05   	224.843   	1059.52   	
2.53e-05   	225.361   	1089.79   	
2.535e-05   	225.357   	1095.76   	
2.54e-05   	225.577   	1094.69   	
2.545e-05   	225.446   	1095.98   	
2.55e-05   	225.494   	1068.16   	
2.555e-05   	225.803   	1091.03   	
2.56e-05   	225.933   	1084.09   	
2.565e-05   	225.697   	1105.1   	
2.57e-05   	225.932   	1107.53   	
2.575e-05   	226.145   	1107.83   	
2.58e-05   	226.229   	1072.88   	
2.585e-05   	226.223   	1077.67   	
2.59e-05   	226.197   	1095.64   	
2.595e-05   	226.817   	1110.2   	
2.6e-05   	227.189   	1081.15   	
2.605e-05   	227.5   	1081.39   	
2.61e-05   	227.655   	1068.2   	
2.615e-05   	227.855   	1081.86   	
2.62e-05   	227.995   	1119.94   	
2.625e-05   	227.995   	1115.29   	
2.63e-05   	228.278   	1136.86   	
2.635e-05   	228.385   	1126.97   	
2.64e-05   	228.784   	1132.09   	
2.645e-05   	228.792   	1135.86   	
2.65e-05   	229.028   	1128.64   	
2.655e-05   	229.024   	1128.68   	
2.66e-05   	229.248   	1150.4   	
2.665e-05   	229.509   	1176.52   	
2.67e-05   	229.806   	1178.33   	
2.675e-05   	229.963   	1163.32   	
2.68e-05   	230.053   	1168.69   	
2.685e-05   	229.925   	1205.26   	
2.69e-05   	230.313   	1193.94   	
2.695e-05   	230.328   	1193.45   	
2.7e-05   	230.566   	1210.5   	
2.705e-05   	230.743   	1226.51   	
2.71e-05   	231.099   	1221.53   	
2.715e-05   	230.967   	1250.91   	
2.72e-05   	231.032   	1213.66   	
2.725e-05   	231.035   	1217.82   	
2.73e-05   	230.931   	1252.58   	
2.735e-05   	230.619   	1224.4   	
2.74e-05   	230.74   	1209.01   	
2.745e-05   	230.779   	1170.55   	
2.75e-05   	231.089   	1170.75   	
2.755e-05   	231.404   	1165.97   	
2.76e-05   	231.466   	1171.62   	
2.765e-05   	231.189   	1161.41   	
2.77e-05   	231.426   	1176.77   	
2.775e-05   	231.545   	1170.56   	
2.78e-05   	231.362   	1190.59   	
2.785e-05   	231.632   	1179.92   	
2.79e-05   	231.516   	1160.07   	
2.795e-05   	231.53   	1154.69   	
2.8e-05   	231.577   	1165.9   	
2.805e-05   	231.604   	1159.74   	
2.81e-05   	231.76   	1184.61   	
2.815e-05   	231.593   	1144.88   	
2.82e-05   	231.451   	1143.9   	
2.825e-05   	231.403   	1160.92   	
2.83e-05   	231.725   	1153.15   	
2.835e-05   	232.093   	1179.51   	
2.84e-05   	232.708   	1171.05   	
2.845e-05   	232.737   	1195.87   	
2.85e-05   	232.965   	1172.17   	
2.855e-05   	232.959   	1150.95   	
2.86e-05   	233.196   	1153.3   	
2.865e-05   	233.384   	1147.23   	
2.87e-05   	233.322   	1132.04   	
2.875e-05   	233.542   	1119.05   	
2.88e-05   	233.594   	1140.96   	
2.885e-05   	234.032   	1129.48   	
2.89e-05   	234.24   	1130.37   	
2.895e-05   	234.53   	1133.62   	
2.9e-05   	234.659   	1134.42   	
2.905e-05   	234.996   	1136.73   	
2.91e-05   	234.956   	1112.23   	
2.915e-05   	234.837   	1126.83   	
2.92e-05   	235.23   	1151.07   	
2.925e-05   	235.058   	1174.27   	
2.93e-05   	235.376   	1178.23   	
2.935e-05   	235.156   	1202.64   	
2.94e-05   	235.14   	1174.85   	
2.945e-05   	235.302   	1193.22   	
2.95e-05   	235.319   	1176.69   	
2.955e-05   	235.059   	1214.33   	
2.96e-05   	235.336   	1203.32   	
2.965e-05   	235.587   	1204.36   	
2.97e-05   	235.486   	1189.08   	
2.975e-05   	235.563   	1189.95   	
2.98e-05   	235.457   	1210.68   	
2.985e-05   	235.821   	1233.2   	
2.99e-05   	236.425   	1212.89   	
2.995e-05   	236.543   	1216.54   	
3e-05   	236.717   	1225.81   	
3.005e-05   	236.807   	1197.3   	
3.01e-05   	236.803   	1245.81   	
3.015e-05   	236.998   	1246.09   	
3.02e-05   	237.17   	1253.42   	
3.025e-05   	237.466   	1249.12   	
3.03e-05   	237.624   	1248.73   	
3.035e-05   	237.956   	1239.26   	
3.04e-05   	237.832   	1250.26   	
3.045e-05   	238.264   	1253.41   	
3.05e-05   	238.42   	1272.4   	
3.055e-05   	238.656   	1273.84   	
3.06e-05   	238.864   	1279.43   	
3.065e-05   	238.91   	1274.46   	
3.07e-05   	239.168   	1279.5   	
3.075e-05   	238.711   	1295.65   	
3.08e-05   	239.264   	1280.16   	
3.085e-05   	239.346   	1290.5   	
3.09e-05   	239.606   	1299.17   	
3.095e-05   	239.969   	1330.45   	
3.1e-05   	240.128   	1313.51   	
3.105e-05   	240.127   	1326.73   	
3.11e-05   	240.212   	1298.48   	
3.115e-05   	240.203   	1278.98   	
3.12e-05   	240.158   	1315.97   	
3.125e-05   	239.862   	1293.58   	
3.13e-05   	239.897   	1271.09   	
3.135e-05   	239.767   	1240.05   	
3.14e-05   	240.182   	1222.65   	
3.145e-05   	240.415   	1236.49   	
3.15e-05   	240.486   	1222.3   	
3.155e-05   	240.309   	1198.34   	
3.16e-05   	240.723   	1208.34   	
3.165e-05   	240.748   	1191.45   	
3.17e-05   	240.487   	1199.2   	
3.175e-05   	240.616   	1210.9   	
3.18e-05   	240.559   	1211.04   	
3.185e-05   	240.619   	1196.89   	
3.19e-05   	240.397   	1210.72   	
3.195e-05   	240.595   	1193.34   	
3.2e-05   	240.507   	1227.26   	
3.205e-05   	240.526   	1221.01   	
3.21e-05   	240.442   	1193.17   	
3.215e-05   	240.312   	1212.03   	
3.22e-05   	240.58   	1204.64   	
3.225e-05   	240.723   	1199.46   	
3.23e-05   	241.37   	1176.73   	
3.235e-05   	241.726   	1213.98   	
3.24e-05   	241.717   	1189.42   	
3.245e-05   	241.636   	1172   	
3.25e-05   	241.929   	1177.22   	
3.255e-05   	241.991   	1171.05   	
3.26e-05   	242.179   	1161.27   	
3.265e-05   	242.195   	1149.5   	
3.27e-05   	242.489   	1143.22   	
3.275e-05   	242.661   	1152.72   	
3.28e-05   	243.015   	1147.35   	
3.285e-05   	243.244   	1139.44   	
3.29e-05   	243.31   	1141.89   	
3.295e-05   	243.851   	1140.49   	
3.3e-05   	243.788   	1147.59   	
3.305e-05   	243.891   	1144.15   	
3.31e-05   	243.947   	1157.79   	
3.315e-05   	244.058   	1166.66   	
3.32e-05   	244.3   	1185.58   	
3.325e-05   	244.265   	1195.58   	
3.33e-05   	243.956   	1165.21   	
3.335e-05   	244.224   	1181.63   	
3.34e-05   	244.3   	1178.43   	
3.345e-05   	244.114   	1181.41   	
3.35e-05   	244.427   	1188.42   	
3.355e-05   	244.793   	1192.65   	
3.36e-05   	244.755   	1157.32   	
3.365e-05   	244.989   	1150.62   	
3.37e-05   	244.925   	1183.74   	
3.375e-05   	245.075   	1169.6   	
3.38e-05   	245.608   	1204.13   	
3.385e-05   	245.727   	1184.21   	
3.39e-05   	246.241   	1158.88   	
3.395e-05   	246.337   	1118.87   	
3.4e-05   	246.38   	1146.32   	
3.405e-05   	246.647   	1160.3   	
3.41e-05   	246.673   	1144.15   	
3.415e-05   	246.941   	1126.14   	
3.42e-05   	247.163   	1144.34   	
3.425e-05   	247.701   	1120.47   	
3.43e-05   	247.61   	1127.12   	
3.435e-05   	247.841   	1115.43   	
3.44e-05   	248.293   	1139.55   	
3.445e-05   	248.273   	1134.43   	
3.45e-05   	248.696   	1116.73   	
3.455e-05   	248.773   	1128.17   	
3.46e-05   	249.087   	1129.65   	
3.465e-05   	248.792   	1124.54   	
3.47e-05   	249.13   	1113.79   	
3.475e-05   	249.371   	1133.67   	
3.48e-05   	249.461   	1131.99   	
3.485e-05   	250.046   	1165.96   	
3.49e-05   	249.929   	1169.11   	
3.495e-05   	250.286   	1167.92   	
3.5e-05   	250.002   	1141.74   	
3.505e-05   	250.346   	1131.82   	
3.51e-05   	250.276   	1151.76   	
3.515e-05   	249.916   	1136.65   	
3.52e-05   	250.028   	1095.92   	
3.525e-05   	249.949   	1071.28   	
3.53e-05   	250.342   	1058.75   	
3.535e-05   	250.407   	1067.92   	
3.54e-05   	250.872   	1048.6   	
3.545e-05   	250.996   	1026.84   	
3.55e-05   	251.018   	1012.92   	
3.555e-05   	250.997   	1007.43   	
3.56e-05   	251.147   	985.535   	
3.565e-05   	251.165   	1004.48   	
3.57e-05   	251.315   	979.053   	
3.575e-05   	251.221   	957.805   	
3.58e-05   	251.124   	953.864   	
3.585e-05   	251.499   	946.942   	
3.59e-05   	251.258   	961.284   	
3.595e-05   	251.489   	951.653   	
3.6e-05   	251.33   	930.347   	
3.605e-05   	251.302   	941.692   	
3.61e-05   	251.343   	947.792   	
3.615e-05   	251.579   	953.702   	
3.62e-05   	252.079   	932.179   	
3.625e-05   	252.696   	943.696   	
3.63e-05   	252.577   	945.919   	
3.635e-05   	252.754   	927.453   	
3.64e-05   	252.954   	909.608   	
3.645e-05   	253.379   	887.843   	
3.65e-05   	253.171   	877.712   	
3.655e-05   	253.205   	880.234   	
3.66e-05   	253.573   	877.002   	
3.665e-05   	253.863   	875.693   	
3.67e-05   	254.199   	879.543   	
3.675e-05   	254.329   	872.368   	
3.68e-05   	254.545   	856.07   	
3.685e-05   	254.837   	852.092   	
3.69e-05   	254.922   	868.476   	
3.695e-05   	255.091   	862.983   	
3.7e-05   	254.822   	886.635   	
3.705e-05   	255.176   	898.942   	
3.71e-05   	255.355   	910.067   	
3.715e-05   	255.368   	906.974   	
3.72e-05   	255.417   	885.216   	
3.725e-05   	255.499   	877.692   	
3.73e-05   	255.82   	879.303   	
3.735e-05   	255.654   	865.89   	
3.74e-05   	255.697   	888.771   	
3.745e-05   	255.981   	882.99   	
3.75e-05   	256.046   	875.57   	
3.755e-05   	256.288   	853.851   	
3.76e-05   	256.303   	888.259   	
3.765e-05   	256.321   	878.369   	
3.77e-05   	256.873   	886.442   	
3.775e-05   	257.338   	864.975   	
3.78e-05   	257.642   	845.153   	
3.785e-05   	257.922   	816.3   	
3.79e-05   	257.766   	827.358   	
3.795e-05   	258.022   	848.503   	
3.8e-05   	258.012   	847.226   	
3.805e-05   	258.37   	830.852   	
3.81e-05   	258.487   	830.827   	
3.815e-05   	258.843   	818.416   	
3.82e-05   	258.869   	834.891   	
3.825e-05   	259.101   	823.202   	
3.83e-05   	259.334   	832.506   	
3.835e-05   	259.513   	828.438   	
3.84e-05   	259.863   	822.798   	
3.845e-05   	260.019   	832.812   	
3.85e-05   	260.402   	832.16   	
3.855e-05   	260.132   	837.486   	
3.86e-05   	260.251   	845.759   	
3.865e-05   	260.64   	851.726   	
3.87e-05   	260.632   	852.282   	
3.875e-05   	260.982   	865.056   	
3.88e-05   	260.978   	882.231   	
3.885e-05   	261.502   	866.871   	
3.89e-05   	261.281   	851.928   	
3.895e-05   	261.302   	848.09   	
3.9e-05   	261.323   	842.999   	
3.905e-05   	261.234   	845.709   	
3.91e-05   	260.875   	805.978   	
3.915e-05   	260.842   	801.811   	
3.92e-05   	261.146   	784.894   	
3.925e-05   	261.329   	785.351   	
3.93e-05   	261.54   	772.326   	
3.935e-05   	261.84   	771.252   	
3.94e-05   	261.719   	752.022   	
3.945e-05   	261.756   	758.035   	
3.95e-05   	261.854   	732.108   	
3.955e-05   	261.943   	759.785   	
3.96e-05   	261.887   	756.861   	
3.965e-05   	262.001   	740.998   	
3.97e-05   	261.923   	731.55   	
3.975e-05   	261.877   	729.477   	
3.98e-05   	261.947   	730.184   	
3.985e-05   	261.994   	723.129   	
3.99e-05   	262.062   	706.661   	
3.995e-05   	261.643   	720.019   	
4e-05   	261.682   	727.09   	
4.005e-05   	261.872   	727.73   	
4.01e-05   	262.346   	727.647   	
4.015e-05   	262.844   	716.105   	
4.02e-05   	262.88   	718.925   	
4.025e-05   	263.015   	720.488   	
4.03e-05   	263.072   	720.789   	
4.035e-05   	263.37   	706.893   	
4.04e-05   	263.518   	704.43   	
4.045e-05   	263.311   	681.543   	
4.05e-05   	263.656   	688.524   	
4.055e-05   	263.683   	691.973   	
4.06e-05   	264.073   	688.43   	
4.065e-05   	264.216   	686.812   	
4.07e-05   	264.389   	680.028   	
4.075e-05   	264.698   	666.098   	
4.08e-05   	264.865   	665.886   	
4.085e-05   	264.798   	659.751   	
4.09e-05   	264.619   	680.075   	
4.095e-05   	265.06   	690.432   	
4.1e-05   	265.022   	711.215   	
4.105e-05   	265.189   	708.933   	
4.11e-05   	265.123   	718.688   	
4.115e-05   	265.117   	708.054   	
4.12e-05   	265.409   	709.219   	
4.125e-05   	265.473   	696.436   	
4.13e-05   	265.177   	714.376   	
4.135e-05   	265.433   	720.924   	
4.14e-05   	265.697   	717.174   	
4.145e-05   	265.734   	706.911   	
4.15e-05   	265.665   	724.632   	
4.155e-05   	265.666   	720.506   	
4.16e-05   	266.116   	725.878   	
4.165e-05   	266.479   	693.295   	
4.17e-05   	266.743   	690.18   	
4.175e-05   	267.016   	677.019   	
4.18e-05   	267.183   	658.216   	
4.185e-05   	267.187   	678.307   	
4.19e-05   	267.159   	687.499   	
4.195e-05   	267.415   	672.93   	
4.2e-05   	267.577   	661.363   	
4.205e-05   	268.015   	676.1   	
4.21e-05   	268.018   	680.346   	
4.215e-05   	268.147   	685.928   	
4.22e-05   	268.29   	681.642   	
4.225e-05   	268.464   	673.878   	
4.23e-05   	268.749   	667.329   	
4.235e-05   	269.112   	673.841   	
4.24e-05   	269.068   	654.518   	
4.245e-05   	269.234   	660.861   	
4.25e-05   	268.959   	661.902   	
4.255e-05   	269.365   	685.548   	
4.26e-05   	269.328   	697.931   	
4.265e-05   	269.581   	694.731   	
4.27e-05   	269.802   	710.15   	
4.275e-05   	269.981   	698.461   	
4.28e-05   	269.934   	686.991   	
4.285e-05   	269.851   	678.795   	
4.29e-05   	269.922   	664.253   	
4.295e-05   	269.808   	675.108   	
4.3e-05   	269.508   	643.773   	
4.305e-05   	269.502   	641.641   	
4.31e-05   	269.561   	632.455   	
4.315e-05   	269.724   	633.294   	
4.32e-05   	270.111   	624.449   	
4.325e-05   	270.17   	620.121   	
4.33e-05   	270.025   	596.2   	
4.335e-05   	270.107   	596.914   	
4.34e-05   	270.288   	588.208   	
4.345e-05   	270.119   	596.772   	
4.35e-05   	270.316   	606.719   	
4.355e-05   	270.159   	592.942   	
4.36e-05   	270.255   	577.293   	
4.365e-05   	270.146   	574.271   	
4.37e-05   	270.184   	568.183   	
4.375e-05   	270.318   	569.114   	
4.38e-05   	270.076   	544.688   	
4.385e-05   	269.96   	540.302   	
4.39e-05   	269.732   	561.814   	
4.395e-05   	270.032   	565.765   	
4.4e-05   	270.247   	562.157   	
4.405e-05   	270.891   	547.918   	
4.41e-05   	270.913   	539.748   	
4.415e-05   	271.035   	545.427   	
4.42e-05   	270.999   	543.061   	
4.425e-05   	271.354   	543.959   	
4.43e-05   	271.496   	539.252   	
4.435e-05   	271.361   	515.531   	
4.44e-05   	271.485   	515.619   	
4.445e-05   	271.486   	521.966   	
4.45e-05   	271.975   	518.626   	
4.455e-05   	272.094   	510.512   	
4.46e-05   	272.356   	505.982   	
4.465e-05   	272.409   	507.719   	
4.47e-05   	272.699   	494.031   	
4.475e-05   	272.693   	494.509   	
4.48e-05   	272.588   	512.159   	
4.485e-05   	272.937   	525.933   	
4.49e-05   	272.617   	543.078   	
4.495e-05   	273.027   	549.163   	
4.5e-05   	272.913   	575.156   	
4.505e-05   	272.905   	553.774   	
4.51e-05   	273.002   	556.266   	
4.515e-05   	273.094   	538.699   	
4.52e-05   	272.683   	554.142   	
4.525e-05   	273.014   	558.16   	
4.53e-05   	273.15   	552.557   	
4.535e-05   	273.27   	549.118   	
4.54e-05   	273.374   	551.012   	
4.545e-05   	273.182   	553.192   	
4.55e-05   	273.429   	540.862   	
4.555e-05   	273.989   	526.764   	
4.56e-05   	274.067   	541.268   	
4.565e-05   	274.488   	534.947   	
4.57e-05   	274.422   	503.401   	
4.575e-05   	274.482   	523.679   	
4.58e-05   	274.685   	527.306   	
4.585e-05   	274.738   	519.631   	
4.59e-05   	274.973   	510.739   	
4.595e-05   	275.089   	517.101   	
4.6e-05   	275.506   	523.434   	
4.605e-05   	275.335   	540.006   	
4.61e-05   	275.721   	537.931   	
4.615e-05   	275.884   	527.07   	
4.62e-05   	276.014   	519.232   	
4.625e-05   	276.18   	515.721   	
4.63e-05   	276.192   	505.628   	
4.635e-05   	276.454   	496.836   	
4.64e-05   	275.993   	492.378   	
4.645e-05   	276.484   	500.531   	
4.65e-05   	276.53   	514.122   	
4.655e-05   	276.617   	520.159   	
4.66e-05   	277.09   	520.994   	
4.665e-05   	277.053   	509.666   	
4.67e-05   	277.063   	498.593   	
4.675e-05   	276.875   	484.218   	
4.68e-05   	276.898   	483.992   	
4.685e-05   	277.023   	502.404   	
4.69e-05   	276.572   	491.665   	
4.695e-05   	276.547   	480.252   	
4.7e-05   	276.281   	475.344   	
4.705e-05   	276.701   	459.53   	
4.71e-05   	276.833   	466.528   	
4.715e-05   	277.013   	456.848   	
4.72e-05   	276.972   	450.661   	
4.725e-05   	277.24   	458.025   	
4.73e-05   	277.159   	442.71   	
4.735e-05   	277.036   	440.82   	
4.74e-05   	277.099   	448.29   	
4.745e-05   	277.127   	440.749   	
4.75e-05   	276.978   	416.017   	
4.755e-05   	276.67   	426.324   	
4.76e-05   	277.007   	408.111   	
4.765e-05   	276.819   	413.22   	
4.77e-05   	276.892   	388.591   	
4.775e-05   	276.723   	375.201   	
4.78e-05   	276.577   	395.988   	
4.785e-05   	276.68   	391.139   	
4.79e-05   	276.811   	395.028   	
4.795e-05   	277.444   	363.056   	
4.8e-05   	277.795   	363.956   	
4.805e-05   	277.597   	368.604   	
4.81e-05   	277.539   	371.318   	
4.815e-05   	277.826   	374.367   	
4.82e-05   	277.967   	364.654   	
4.825e-05   	278.004   	344.495   	
4.83e-05   	277.972   	341.097   	
4.835e-05   	278.223   	346.691   	
4.84e-05   	278.28   	342.045   	
4.845e-05   	278.61   	340.402   	
4.85e-05   	278.756   	339.161   	
4.855e-05   	278.805   	332.063   	
4.86e-05   	279.172   	328.357   	
4.865e-05   	279.157   	329.992   	
4.87e-05   	279.209   	338.061   	
4.875e-05   	279.069   	350.603   	
4.88e-05   	279.199   	369.524   	
4.885e-05   	279.289   	374.781   	
4.89e-05   	279.214   	392.178   	
4.895e-05   	279.092   	373.286   	
4.9e-05   	279.408   	364.866   	
4.905e-05   	279.384   	363.212   	
4.91e-05   	279.248   	357.83   	
4.915e-05   	279.31   	373.958   	
4.92e-05   	279.697   	375.581   	
4.925e-05   	279.529   	364.96   	
4.93e-05   	279.681   	358.72   	
4.935e-05   	279.581   	368.211   	
4.94e-05   	279.635   	346.532   	
4.945e-05   	280.129   	338.516   	
4.95e-05   	280.361   	354.433   	
4.955e-05   	280.781   	352.662   	
4.96e-05   	280.811   	337.491   	
4.965e-05   	280.738   	349.327   	
4.97e-05   	280.959   	352.863   	
4.975e-05   	280.9   	352.022   	
4.98e-05   	281.044   	348.213   	
4.985e-05   	281.243   	357.649   	
4.99e-05   	281.501   	356.952   	
4.995e-05   	281.459   	370.373   	
5e-05   	281.665   	370.901   	
5.005e-05   	282.001   	354.136   	
5.01e-05   	281.863   	352.768   	
5.015e-05   	282.303   	345.616   	
5.02e-05   	282.251   	352.485   	
5.025e-05   	282.547   	342.372   	
5.03e-05   	282.168   	332.852   	
5.035e-05   	282.442   	337.183   	
5.04e-05   	282.623   	349.499   	
5.045e-05   	282.64   	347.662   	
5.05e-05   	283.025   	344.013   	
5.055e-05   	282.912   	350.136   	
5.06e-05   	283.251   	339.69   	
5.065e-05   	282.829   	336.109   	
5.07e-05   	282.984   	337.44   	
5.075e-05   	282.81   	342.515   	
5.08e-05   	282.57   	336.77   	
5.085e-05   	282.421   	327.865   	
5.09e-05   	282.403   	323.75   	
5.095e-05   	282.701   	309.433   	
5.1e-05   	282.729   	306.961   	
5.105e-05   	282.864   	310.725   	
5.11e-05   	283.084   	316.517   	
5.115e-05   	282.869   	310.872   	
5.12e-05   	282.976   	303.797   	
5.125e-05   	282.853   	308.307   	
5.13e-05   	282.894   	308.337   	
5.135e-05   	282.938   	314.921   	
5.14e-05   	282.741   	300.894   	
5.145e-05   	282.678   	302.833   	
5.15e-05   	282.836   	295.894   	
5.155e-05   	282.627   	291.181   	
5.16e-05   	282.705   	286.721   	
5.165e-05   	282.54   	263.793   	
5.17e-05   	282.38   	278.336   	
5.175e-05   	282.333   	276.36   	
5.18e-05   	282.456   	288.595   	
5.185e-05   	282.847   	277.492   	
5.19e-05   	283.567   	268.826   	
5.195e-05   	283.222   	274.999   	
5.2e-05   	283.301   	285.791   	
5.205e-05   	283.475   	281.766   	
5.21e-05   	283.716   	281.816   	
5.215e-05   	283.479   	260.491   	
5.22e-05   	283.517   	260.633   	
5.225e-05   	283.762   	270.914   	
5.23e-05   	283.918   	275.338   	
5.235e-05   	284.108   	270.421   	
5.24e-05   	284.244   	269.757   	
5.245e-05   	284.324   	262.906   	
5.25e-05   	284.607   	267.893   	
5.255e-05   	284.623   	269.816   	
5.26e-05   	284.698   	280.857   	
5.265e-05   	284.359   	296.464   	
5.27e-05   	284.668   	307.834   	
5.275e-05   	284.716   	322.369   	
5.28e-05   	284.728   	335.554   	
5.285e-05   	284.571   	334.213   	
5.29e-05   	284.515   	326.781   	
5.295e-05   	284.827   	325.465   	
5.3e-05   	284.711   	319.137   	
5.305e-05   	284.649   	325.985   	
5.31e-05   	284.809   	318.749   	
5.315e-05   	284.82   	318.012   	
5.32e-05   	284.861   	305.539   	
5.325e-05   	284.842   	316.828   	
5.33e-05   	284.74   	297.673   	
5.335e-05   	285.302   	304.926   	
5.34e-05   	285.613   	300.441   	
5.345e-05   	285.824   	304.232   	
5.35e-05   	286.058   	299.554   	
5.355e-05   	285.852   	297.343   	
5.36e-05   	286.032   	308.125   	
5.365e-05   	286.013   	302.383   	
5.37e-05   	286.281   	298.009   	
5.375e-05   	286.284   	299.078   	
5.38e-05   	286.617   	300.304   	
5.385e-05   	286.445   	309.956   	
5.39e-05   	286.593   	303.851   	
5.395e-05   	286.825   	306.892   	
5.4e-05   	286.958   	300.987   	
5.405e-05   	287.163   	303.861   	
5.41e-05   	287.205   	308.546   	
5.415e-05   	287.549   	297.971   	
5.42e-05   	287.302   	284.709   	
5.425e-05   	287.309   	287.103   	
5.43e-05   	287.653   	301.279   	
5.435e-05   	287.58   	307.475   	
5.44e-05   	287.847   	295.617   	
5.445e-05   	287.787   	316.959   	
5.45e-05   	288.166   	303.802   	
5.455e-05   	287.958   	307.637   	
5.46e-05   	287.87   	310.481   	
5.465e-05   	287.71   	323.544   	
5.47e-05   	287.529   	307.086   	
5.475e-05   	287.207   	299.226   	
5.48e-05   	287.138   	290.187   	
5.485e-05   	287.277   	277.752   	
5.49e-05   	287.39   	280.339   	
5.495e-05   	287.677   	284.1   	
5.5e-05   	287.793   	294.156   	
5.505e-05   	287.664   	292.591   	
5.51e-05   	287.63   	288.788   	
5.515e-05   	287.648   	294.324   	
5.52e-05   	287.648   	297.731   	
5.525e-05   	287.558   	305.521   	
5.53e-05   	287.519   	293.653   	
5.535e-05   	287.38   	290.899   	
5.54e-05   	287.286   	288.158   	
5.545e-05   	287.25   	279.5   	
5.55e-05   	287.251   	280.435   	
5.555e-05   	287.235   	257.215   	
5.56e-05   	286.866   	264.354   	
5.565e-05   	286.79   	266.218   	
5.57e-05   	286.879   	261.969   	
5.575e-05   	287.259   	266.714   	
5.58e-05   	287.757   	260.29   	
5.585e-05   	287.752   	259.925   	
5.59e-05   	287.795   	272.665   	
5.595e-05   	287.816   	265.643   	
5.6e-05   	287.942   	261.635   	
5.605e-05   	288.11   	250.913   	
5.61e-05   	287.93   	238.511   	
5.615e-05   	288.013   	240.648   	
5.62e-05   	288.085   	240.746   	
5.625e-05   	288.362   	233.225   	
5.63e-05   	288.427   	231.306   	
5.635e-05   	288.649   	230.32   	
5.64e-05   	288.806   	235.004   	
5.645e-05   	288.855   	228.197   	
5.65e-05   	288.678   	235.227   	
5.655e-05   	288.59   	254.184   	
5.66e-05   	288.995   	256.953   	
5.665e-05   	288.716   	270.994   	
5.67e-05   	288.957   	275.001   	
5.675e-05   	288.708   	289.636   	
5.68e-05   	288.751   	268.82   	
5.685e-05   	288.925   	273.039   	
5.69e-05   	288.86   	271.121   	
5.695e-05   	288.51   	271.715   	
5.7e-05   	288.676   	276.871   	
5.705e-05   	288.911   	276.13   	
5.71e-05   	288.782   	271.133   	
5.715e-05   	288.756   	274.028   	
5.72e-05   	288.694   	259.949   	
5.725e-05   	289.067   	256.534   	
5.73e-05   	289.422   	244.303   	
5.735e-05   	289.646   	251.719   	
5.74e-05   	289.796   	263.034   	
5.745e-05   	289.908   	251.712   	
5.75e-05   	289.735   	260.975   	
5.755e-05   	289.881   	259.355   	
5.76e-05   	289.94   	257.723   	
5.765e-05   	290.135   	257.782   	
5.77e-05   	290.413   	259.785   	
5.775e-05   	290.43   	271.276   	
5.78e-05   	290.453   	272.461   	
5.785e-05   	290.561   	270.547   	
5.79e-05   	290.694   	255.475   	
5.795e-05   	290.926   	264.397   	
5.8e-05   	291.222   	268.406   	
5.805e-05   	291.069   	256.833   	
5.81e-05   	291.2   	254.127   	
5.815e-05   	290.862   	260.874   	
5.82e-05   	291.275   	264.283   	
5.825e-05   	291.092   	280.82   	
5.83e-05   	291.266   	272.704   	
5.835e-05   	291.488   	280.724   	
5.84e-05   	291.584   	279.422   	
5.845e-05   	291.51   	271.698   	
5.85e-05   	291.475   	268.816   	
5.855e-05   	291.277   	274.005   	
5.86e-05   	291.25   	269.604   	
5.865e-05   	290.873   	263.296   	
5.87e-05   	290.823   	254.576   	
5.875e-05   	290.723   	249.151   	
5.88e-05   	290.946   	242.136   	
5.885e-05   	291.187   	255.979   	
5.89e-05   	291.164   	264.18   	
5.895e-05   	290.99   	257.676   	
5.9e-05   	291.135   	261.153   	
5.905e-05   	291.17   	260.671   	
5.91e-05   	290.943   	265.388   	
5.915e-05   	291.066   	264.07   	
5.92e-05   	290.884   	257.899   	
5.925e-05   	290.919   	256.841   	
5.93e-05   	290.698   	253.581   	
5.935e-05   	290.784   	252.862   	
5.94e-05   	290.712   	246.043   	
5.945e-05   	290.478   	235.394   	
5.95e-05   	290.207   	232.917   	
5.955e-05   	290.02   	234.481   	
5.96e-05   	290.218   	230.065   	
5.965e-05   	290.32   	233.722   	
5.97e-05   	290.962   	226.579   	
5.975e-05   	291.071   	216.55   	
5.98e-05   	291.072   	219.518   	
5.985e-05   	290.908   	223.024   	
5.99e-05   	291.216   	227.278   	
5.995e-05   	291.236   	232.741   	
6e-05   	291.155   	214.793   	
6.005e-05   	291.23   	215.126   	
6.01e-05   	291.138   	221.391   	
6.015e-05   	291.472   	216.367   	
6.02e-05   	291.557   	209.369   	
6.025e-05   	291.839   	209.496   	
6.03e-05   	291.837   	213.929   	
6.035e-05   	292.125   	206.085   	
6.04e-05   	292.003   	214.054   	
6.045e-05   	291.947   	229.039   	
6.05e-05   	291.922   	236.538   	
6.055e-05   	291.776   	248.961   	
6.06e-05   	292.052   	252.692   	
6.065e-05   	291.989   	277.33   	
6.07e-05   	291.752   	253.03   	
6.075e-05   	291.849   	245.61   	
6.08e-05   	291.977   	253.736   	
6.085e-05   	291.458   	259.968   	
6.09e-05   	291.672   	265.066   	
6.095e-05   	291.842   	258.57   	
6.1e-05   	291.879   	267.396   	
6.105e-05   	291.927   	268.125   	
6.11e-05   	291.656   	255.919   	
6.115e-05   	291.85   	242.535   	
6.12e-05   	292.342   	239.589   	
6.125e-05   	292.302   	244.67   	
6.13e-05   	292.636   	250.151   	
6.135e-05   	292.609   	243.27   	
6.14e-05   	292.593   	258.874   	
6.145e-05   	292.7   	257.757   	
6.15e-05   	292.694   	263.596   	
6.155e-05   	292.877   	262.587   	
6.16e-05   	293.051   	264.521   	
6.165e-05   	293.398   	265.908   	
6.17e-05   	293.149   	272.8   	
6.175e-05   	293.514   	268.499   	
6.18e-05   	293.573   	258.306   	
6.185e-05   	293.602   	256.288   	
6.19e-05   	293.792   	258.536   	
6.195e-05   	293.828   	254.58   	
6.2e-05   	293.896   	253.614   	
6.205e-05   	293.543   	248.753   	
6.21e-05   	293.912   	254.028   	
6.215e-05   	293.951   	275.214   	
6.22e-05   	293.94   	275.97   	
6.225e-05   	294.448   	269.508   	
6.23e-05   	294.224   	268.221   	
6.235e-05   	294.263   	248.48   	
6.24e-05   	294.055   	244.348   	
6.245e-05   	294.054   	242.183   	
6.25e-05   	294.022   	252.664   	
6.255e-05   	293.563   	250.461   	
6.26e-05   	293.461   	254.82   	
6.265e-05   	293.21   	249.481   	
6.27e-05   	293.58   	240.243   	
6.275e-05   	293.542   	237.97   	
6.28e-05   	293.836   	248.792   	
6.285e-05   	293.685   	246.255   	
6.29e-05   	293.828   	252.83   	
6.295e-05   	293.75   	243.082   	
6.3e-05   	293.568   	250.624   	
6.305e-05   	293.566   	245.062   	
6.31e-05   	293.5   	244.775   	
6.315e-05   	293.38   	244.319   	
6.32e-05   	292.975   	244.128   	
6.325e-05   	293.268   	237.712   	
6.33e-05   	292.924   	235.603   	
6.335e-05   	293.101   	226.479   	
6.34e-05   	292.838   	214.674   	
6.345e-05   	292.708   	217.404   	
6.35e-05   	292.711   	209.991   	
6.355e-05   	292.681   	217.61   	
6.36e-05   	293.216   	211.494   	
6.365e-05   	293.556   	204.921   	
6.37e-05   	293.292   	213.655   	
6.375e-05   	293.268   	218.66   	
6.38e-05   	293.489   	225.024   	
6.385e-05   	293.607   	236.971   	
6.39e-05   	293.486   	216.548   	
6.395e-05   	293.381   	209.735   	
6.4e-05   	293.676   	211.823   	
6.405e-05   	293.608   	217.276   	
6.41e-05   	293.878   	208.99   	
6.415e-05   	293.914   	211.076   	
6.42e-05   	294.109   	220.611   	
6.425e-05   	294.324   	215.97   	
6.43e-05   	294.278   	216.577   	
6.435e-05   	294.237   	220.193   	
6.44e-05   	293.986   	232.649   	
6.445e-05   	294.065   	249.659   	
6.45e-05   	294.138   	252.211   	
6.455e-05   	294.011   	266.251   	
6.46e-05   	293.911   	252.616   	
6.465e-05   	294.111   	239.463   	
6.47e-05   	294.08   	236.174   	
6.475e-05   	293.879   	239.793   	
6.48e-05   	293.861   	247.473   	
6.485e-05   	294.112   	243.363   	
6.49e-05   	293.861   	251.836   	
6.495e-05   	294.058   	249.9   	
6.5e-05   	293.931   	246.078   	
6.505e-05   	293.88   	237.345   	
6.51e-05   	294.305   	229.277   	
6.515e-05   	294.588   	230.499   	
6.52e-05   	294.897   	232.057   	
6.525e-05   	294.928   	230.094   	
6.53e-05   	294.822   	238.572   	
6.535e-05   	294.995   	250.537   	
6.54e-05   	294.794   	253.225   	
6.545e-05   	294.94   	253.569   	
6.55e-05   	295.041   	254.262   	
6.555e-05   	295.353   	255.971   	
6.56e-05   	295.136   	258.767   	
6.565e-05   	295.257   	258.559   	
6.57e-05   	295.519   	254.002   	
6.575e-05   	295.574   	242.213   	
6.58e-05   	295.856   	245.924   	
6.585e-05   	295.779   	250.167   	
6.59e-05   	296.028   	243.404   	
6.595e-05   	295.585   	241.35   	
6.6e-05   	295.734   	249.79   	
6.605e-05   	295.96   	260.107   	
6.61e-05   	295.962   	263.233   	
6.615e-05   	296.184   	261.745   	
6.62e-05   	296.069   	258.745   	
6.625e-05   	296.43   	236.152   	
6.63e-05   	295.972   	234.159   	
6.635e-05   	296.066   	236.103   	
6.64e-05   	295.936   	237.031   	
6.645e-05   	295.585   	234.14   	
6.65e-05   	295.269   	234.615   	
6.655e-05   	295.182   	236.297   	
6.66e-05   	295.55   	225.016   	
6.665e-05   	295.508   	220.205   	
6.67e-05   	295.568   	230.502   	
6.675e-05   	295.757   	233.828   	
6.68e-05   	295.578   	228.018   	
6.685e-05   	295.584   	226.502   	
6.69e-05   	295.401   	225.071   	
6.695e-05   	295.415   	221.93   	
6.7e-05   	295.369   	221.278   	
6.705e-05   	295.158   	219.24   	
6.71e-05   	295.13   	229.849   	
6.715e-05   	295.021   	223.81   	
6.72e-05   	294.905   	227.373   	
6.725e-05   	294.902   	226.069   	
6.73e-05   	294.689   	212.712   	
6.735e-05   	294.486   	212.347   	
6.74e-05   	294.287   	205.536   	
6.745e-05   	294.47   	208.323   	
6.75e-05   	294.757   	208.458   	
6.755e-05   	295.313   	207.43   	
6.76e-05   	295.057   	200.946   	
6.765e-05   	295.083   	214.94   	
6.77e-05   	295.076   	204.749   	
6.775e-05   	295.349   	217.216   	
6.78e-05   	295.167   	211.336   	
6.785e-05   	295.127   	203.157   	
6.79e-05   	295.282   	203.398   	
6.795e-05   	295.364   	209.418   	
6.8e-05   	295.501   	199.193   	
6.805e-05   	295.536   	205.045   	
6.81e-05   	295.599   	205.642   	
6.815e-05   	295.971   	195.528   	
6.82e-05   	295.941   	187.028   	
6.825e-05   	295.874   	193.081   	
6.83e-05   	295.512   	199.228   	
6.835e-05   	295.816   	206.579   	
6.84e-05   	295.751   	215.863   	
6.845e-05   	295.748   	225.752   	
6.85e-05   	295.492   	231.971   	
6.855e-05   	295.436   	218.312   	
6.86e-05   	295.651   	211.113   	
6.865e-05   	295.635   	218.375   	
6.87e-05   	295.381   	221.538   	
6.875e-05   	295.473   	219.585   	
6.88e-05   	295.513   	220.56   	
6.885e-05   	295.538   	223.814   	
6.89e-05   	295.424   	236.472   	
6.895e-05   	295.229   	222.644   	
6.9e-05   	295.779   	219.901   	
6.905e-05   	295.911   	219.069   	
6.91e-05   	296.197   	218.888   	
6.915e-05   	296.353   	215.187   	
6.92e-05   	296.271   	223.595   	
6.925e-05   	296.297   	242.544   	
6.93e-05   	296.203   	238.435   	
6.935e-05   	296.429   	242.469   	
6.94e-05   	296.448   	243.315   	
6.945e-05   	296.788   	246.025   	
6.95e-05   	296.659   	253.816   	
6.955e-05   	296.671   	250.731   	
6.96e-05   	296.77   	254.471   	
6.965e-05   	296.808   	236.776   	
6.97e-05   	297.091   	241.75   	
6.975e-05   	297.185   	254.74   	
6.98e-05   	297.329   	249.141   	
6.985e-05   	297.172   	239.298   	
6.99e-05   	297.054   	234.787   	
6.995e-05   	297.411   	243.607   	
7e-05   	297.313   	248.403   	
7.005e-05   	297.405   	257.304   	
7.01e-05   	297.318   	255.269   	
7.015e-05   	297.644   	239.434   	
7.02e-05   	297.409   	239.207   	
7.025e-05   	297.31   	230.174   	
7.03e-05   	297.2   	233.828   	
7.035e-05   	296.988   	230.062   	
7.04e-05   	296.539   	232.386   	
7.045e-05   	296.483   	230.673   	
7.05e-05   	296.562   	226.692   	
7.055e-05   	296.721   	224.994   	
7.06e-05   	296.902   	227.157   	
7.065e-05   	296.909   	232.508   	
7.07e-05   	296.704   	230.77   	
7.075e-05   	296.77   	223.112   	
7.08e-05   	296.729   	227.241   	
7.085e-05   	296.548   	219.045   	
7.09e-05   	296.582   	221.928   	
7.095e-05   	296.491   	224.862   	
7.1e-05   	296.27   	237.213   	
7.105e-05   	296.173   	234.737   	
7.11e-05   	296.022   	234.515   	
7.115e-05   	296.128   	228.801   	
7.12e-05   	295.954   	226.231   	
7.125e-05   	295.604   	225.951   	
7.13e-05   	295.425   	224.866   	
7.135e-05   	295.536   	233.184   	
7.14e-05   	295.923   	225.876   	
7.145e-05   	296.343   	222.174   	
7.15e-05   	296.199   	215.107   	
7.155e-05   	296.296   	218.496   	
7.16e-05   	296.24   	220.792   	
7.165e-05   	296.36   	223.067   	
7.17e-05   	296.484   	230.236   	
7.175e-05   	296.283   	223.085   	
7.18e-05   	296.41   	223.656   	
7.185e-05   	296.325   	220.871   	
7.19e-05   	296.71   	221.866   	
7.195e-05   	296.623   	217.777   	
7.2e-05   	296.834   	223.409   	
7.205e-05   	297.022   	223.266   	
7.21e-05   	297.08   	215.787   	
7.215e-05   	296.924   	223.698   	
7.22e-05   	296.727   	222.946   	
7.225e-05   	297.066   	222.472   	
7.23e-05   	296.765   	241.27   	
7.235e-05   	297.046   	240.523   	
7.24e-05   	296.72   	261.584   	
7.245e-05   	296.704   	236.308   	
7.25e-05   	296.822   	229.33   	
7.255e-05   	296.755   	231.548   	
7.26e-05   	296.37   	241.463   	
7.265e-05   	296.539   	244.863   	
7.27e-05   	296.682   	235.288   	
7.275e-05   	296.651   	240.789   	
7.28e-05   	296.566   	249.283   	
7.285e-05   	296.381   	239.652   	
7.29e-05   	296.606   	227.419   	
7.295e-05   	297.12   	226.346   	
7.3e-05   	297.245   	232.237   	
7.305e-05   	297.359   	231.954   	
7.31e-05   	297.414   	234.416   	
7.315e-05   	297.264   	255.964   	
7.32e-05   	297.401   	248.015   	
7.325e-05   	297.286   	247.891   	
7.33e-05   	297.558   	245.444   	
7.335e-05   	297.759   	257.603   	
7.34e-05   	297.838   	264.742   	
7.345e-05   	297.73   	269.265   	
7.35e-05   	297.864   	278.209   	
7.355e-05   	298.06   	256.084   	
7.36e-05   	298.23   	264.894   	
7.365e-05   	298.489   	262.809   	
7.37e-05   	298.235   	253.729   	
7.375e-05   	298.482   	262.105   	
7.38e-05   	298.015   	254.619   	
7.385e-05   	298.411   	257.146   	
7.39e-05   	298.221   	259.606   	
7.395e-05   	298.365   	270.179   	
7.4e-05   	298.564   	257.258   	
7.405e-05   	298.647   	258.123   	
7.41e-05   	298.502   	244.616   	
7.415e-05   	298.393   	245.518   	
7.42e-05   	298.366   	239.268   	
7.425e-05   	298.167   	241.963   	
7.43e-05   	297.761   	238.217   	
7.435e-05   	297.64   	240.769   	
7.44e-05   	297.563   	244.997   	
7.445e-05   	297.762   	231.179   	
7.45e-05   	297.883   	230.845   	
7.455e-05   	297.897   	237.852   	
7.46e-05   	297.626   	238.959   	
7.465e-05   	297.863   	234.042   	
7.47e-05   	297.898   	237.736   	
7.475e-05   	297.511   	230.632   	
7.48e-05   	297.694   	228.295   	
7.485e-05   	297.471   	237.707   	
7.49e-05   	297.432   	250.544   	
7.495e-05   	297.218   	251.837   	
7.5e-05   	297.274   	249.761   	
7.505e-05   	297.031   	239.811   	
7.51e-05   	296.874   	232.146   	
7.515e-05   	296.635   	232.669   	
7.52e-05   	296.477   	225.715   	
7.525e-05   	296.554   	217.46   	
7.53e-05   	296.629   	224.41   	
7.535e-05   	297.209   	218.098   	
7.54e-05   	297.393   	205.379   	
7.545e-05   	297.234   	206.222   	
7.55e-05   	297.082   	219.464   	
7.555e-05   	297.343   	214.485   	
7.56e-05   	297.374   	227.152   	
7.565e-05   	297.313   	223.14   	
7.57e-05   	297.242   	229.355   	
7.575e-05   	297.347   	218.996   	
7.58e-05   	297.489   	229.161   	
7.585e-05   	297.572   	224.159   	
7.59e-05   	297.751   	223.984   	
7.595e-05   	297.786   	226.327   	
7.6e-05   	298.085   	219.542   	
7.605e-05   	297.94   	221.502   	
7.61e-05   	297.916   	226.029   	
7.615e-05   	297.778   	227.724   	
7.62e-05   	297.837   	233.526   	
7.625e-05   	297.917   	241.962   	
7.63e-05   	297.776   	271.498   	
7.635e-05   	297.54   	253.018   	
7.64e-05   	297.573   	249.675   	
7.645e-05   	297.765   	252.313   	
7.65e-05   	297.192   	257.854   	
7.655e-05   	297.522   	262.394   	
7.66e-05   	297.648   	253.667   	
7.665e-05   	297.475   	267.856   	
7.67e-05   	297.571   	268.025   	
7.675e-05   	297.33   	259.649   	
7.68e-05   	297.437   	248.448   	
7.685e-05   	297.818   	238.7   	
7.69e-05   	297.792   	251.971   	
7.695e-05   	298.198   	247.564   	
7.7e-05   	298.182   	243.907   	
7.705e-05   	298.05   	257.883   	
7.71e-05   	298.298   	257.772   	
7.715e-05   	298.209   	267.916   	
7.72e-05   	298.303   	268.941   	
7.725e-05   	298.42   	271.315   	
7.73e-05   	298.838   	269.663   	
7.735e-05   	298.57   	268.538   	
7.74e-05   	298.803   	285.014   	
7.745e-05   	298.93   	277.684   	
7.75e-05   	298.873   	272.139   	
7.755e-05   	299.14   	263.605   	
7.76e-05   	299.085   	261.263   	
7.765e-05   	299.176   	261.943   	
7.77e-05   	298.742   	241.473   	
7.775e-05   	299.065   	245.168   	
7.78e-05   	299.239   	256.44   	
7.785e-05   	299.132   	266.351   	
7.79e-05   	299.533   	254.347   	
7.795e-05   	299.294   	263.161   	
7.8e-05   	299.437   	248.989   	
7.805e-05   	299.073   	251.288   	
7.81e-05   	299.118   	243.617   	
7.815e-05   	299.03   	233.721   	
7.82e-05   	298.565   	229.795   	
7.825e-05   	298.476   	237.875   	
7.83e-05   	298.231   	239.426   	
7.835e-05   	298.481   	221.653   	
7.84e-05   	298.453   	217.175   	
7.845e-05   	298.744   	223.651   	
7.85e-05   	298.65   	223.575   	
7.855e-05   	298.704   	229.08   	
7.86e-05   	298.569   	227.903   	
7.865e-05   	298.413   	217.798   	
7.87e-05   	298.304   	212.355   	
7.875e-05   	298.269   	222.736   	
7.88e-05   	298.132   	233.874   	
7.885e-05   	297.828   	234.453   	
7.89e-05   	298.073   	232.29   	
7.895e-05   	297.658   	234.796   	
7.9e-05   	297.805   	230.262   	
7.905e-05   	297.472   	232.988   	
7.91e-05   	297.35   	222.644   	
7.915e-05   	297.269   	209.034   	
7.92e-05   	297.317   	210.874   	
7.925e-05   	297.65   	214.671   	
7.93e-05   	298.095   	209.661   	
7.935e-05   	297.912   	204.473   	
7.94e-05   	297.89   	212.024   	
7.945e-05   	297.974   	210.888   	
7.95e-05   	298.147   	219.039   	
7.955e-05   	297.907   	219.165   	
7.96e-05   	297.8   	214.077   	
7.965e-05   	298.09   	209.939   	
7.97e-05   	298.091   	222.216   	
7.975e-05   	298.348   	219.343   	
7.98e-05   	298.343   	219.753   	
7.985e-05   	298.435   	225.314   	
7.99e-05   	298.593   	222.922   	
7.995e-05   	298.64   	222.323   	
8e-05   	298.564   	223.089   	
8.005e-05   	298.176   	226.79   	
8.01e-05   	298.278   	220.442   	
8.015e-05   	298.307   	227.183   	
8.02e-05   	298.22   	246.389   	
8.025e-05   	298.197   	237.102   	
8.03e-05   	298.208   	236.284   	
8.035e-05   	298.273   	235.677   	
8.04e-05   	298.027   	239.422   	
8.045e-05   	297.955   	245.392   	
8.05e-05   	298.12   	233.157   	
8.055e-05   	298.012   	241.912   	
8.06e-05   	298.122   	242.824   	
8.065e-05   	297.979   	241.984   	
8.07e-05   	297.923   	244.153   	
8.075e-05   	298.276   	219.132   	
8.08e-05   	298.535   	228.068   	
8.085e-05   	298.86   	234.816   	
8.09e-05   	298.895   	225.584   	
8.095e-05   	298.668   	234.259   	
8.1e-05   	298.865   	236.757   	
8.105e-05   	298.621   	232.854   	
8.11e-05   	298.866   	236.617   	
8.115e-05   	298.92   	236.451   	
8.12e-05   	299.18   	240.793   	
8.125e-05   	299.036   	240.417   	
8.13e-05   	299.128   	250.01   	
8.135e-05   	299.23   	244.289   	
8.14e-05   	299.347   	225.539   	
8.145e-05   	299.54   	226.645   	
8.15e-05   	299.534   	232.018   	
8.155e-05   	299.812   	223.451   	
8.16e-05   	299.344   	208.413   	
8.165e-05   	299.433   	212.518   	
8.17e-05   	299.664   	211.548   	
8.175e-05   	299.526   	219.788   	
8.18e-05   	299.81   	222.992   	
8.185e-05   	299.673   	222.179   	
8.19e-05   	300.07   	216.775   	
8.195e-05   	299.695   	224.739   	
8.2e-05   	299.627   	230.01   	
8.205e-05   	299.415   	217.012   	
8.21e-05   	299.208   	219.945   	
8.215e-05   	298.814   	221.901   	
8.22e-05   	298.709   	226.082   	
8.225e-05   	298.93   	219.205   	
8.23e-05   	298.992   	208.098   	
8.235e-05   	299.142   	213.623   	
8.24e-05   	299.246   	214.386   	
8.245e-05   	298.993   	218.799   	
8.25e-05   	298.965   	213.383   	
8.255e-05   	298.852   	218.06   	
8.26e-05   	298.875   	204.844   	
8.265e-05   	298.806   	221.581   	
8.27e-05   	298.575   	225.378   	
8.275e-05   	298.471   	234.029   	
8.28e-05   	298.352   	235.445   	
8.285e-05   	298.272   	235.233   	
8.29e-05   	298.218   	237.746   	
8.295e-05   	298.158   	238.743   	
8.3e-05   	297.819   	241.283   	
8.305e-05   	297.638   	221.416   	
8.31e-05   	297.741   	223.228   	
8.315e-05   	298.091   	224.387   	
8.32e-05   	298.552   	226.164   	
8.325e-05   	298.346   	224.131   	
8.33e-05   	298.363   	233.767   	
8.335e-05   	298.34   	229.807   	
8.34e-05   	298.597   	229.683   	
8.345e-05   	298.369   	238.798   	
8.35e-05   	298.345   	233.367   	
8.355e-05   	298.527   	237.238   	
8.36e-05   	298.57   	237.918   	
8.365e-05   	298.711   	228.347   	
8.37e-05   	298.805   	222.104   	
8.375e-05   	298.823   	223.231   	
8.38e-05   	299.12   	235.545   	
8.385e-05   	299.125   	235.997   	
8.39e-05   	299.041   	235.566   	
8.395e-05   	298.614   	235.087   	
8.4e-05   	298.994   	229.964   	
8.405e-05   	298.898   	229.511   	
8.41e-05   	298.931   	238.583   	
8.415e-05   	298.684   	243.893   	
8.42e-05   	298.603   	232.36   	
8.425e-05   	298.757   	236.227   	
8.43e-05   	298.8   	245.917   	
8.435e-05   	298.445   	240.896   	
8.44e-05   	298.493   	242.484   	
8.445e-05   	298.628   	241.619   	
8.45e-05   	298.617   	238.799   	
8.455e-05   	298.454   	240.383   	
8.46e-05   	298.282   	234.048   	
8.465e-05   	298.756   	219.548   	
8.47e-05   	298.998   	233.892   	
8.475e-05   	299.123   	242.463   	
8.48e-05   	299.236   	229.568   	
8.485e-05   	299.359   	222.676   	
8.49e-05   	299.357   	227.47   	
8.495e-05   	299.167   	214.403   	
8.5e-05   	299.349   	215.874   	
8.505e-05   	299.369   	219.633   	
8.51e-05   	299.681   	220.279   	
8.515e-05   	299.597   	225.257   	
8.52e-05   	299.647   	229.981   	
8.525e-05   	299.638   	229.786   	
8.53e-05   	299.761   	209.323   	
8.535e-05   	299.923   	213.785   	
8.54e-05   	300.12   	216.328   	
8.545e-05   	300.193   	210.487   	
8.55e-05   	300.092   	201.974   	
8.555e-05   	299.831   	202.085   	
8.56e-05   	300.138   	201.959   	
8.565e-05   	300.046   	213.952   	
8.57e-05   	300.094   	225.402   	
8.575e-05   	300.204   	219.235   	
8.58e-05   	300.382   	227.041   	
8.585e-05   	300.095   	225.731   	
8.59e-05   	300.113   	231.118   	
8.595e-05   	299.999   	225.197   	
8.6e-05   	299.739   	221.308   	
8.605e-05   	299.269   	227.137   	
8.61e-05   	299.31   	224.916   	
8.615e-05   	299.239   	232.356   	
8.62e-05   	299.412   	219.506   	
8.625e-05   	299.637   	226.84   	
8.63e-05   	299.627   	216.544   	
8.635e-05   	299.374   	219.989   	
8.64e-05   	299.425   	209.472   	
8.645e-05   	299.496   	211.906   	
8.65e-05   	299.234   	200.568   	
8.655e-05   	299.322   	203.336   	
8.66e-05   	299.113   	213.311   	
8.665e-05   	298.941   	225.344   	
8.67e-05   	298.88   	218.529   	
8.675e-05   	298.737   	219.111   	
8.68e-05   	298.762   	208.236   	
8.685e-05   	298.488   	220.57   	
8.69e-05   	298.264   	225.488   	
8.695e-05   	298.059   	211.971   	
8.7e-05   	298.196   	206.452   	
8.705e-05   	298.409   	206.831   	
8.71e-05   	298.911   	214.876   	
8.715e-05   	298.794   	209.011   	
8.72e-05   	298.889   	215.401   	
8.725e-05   	298.813   	219.134   	
8.73e-05   	298.912   	213.255   	
8.735e-05   	299   	218.531   	
8.74e-05   	298.807   	214.988   	
8.745e-05   	298.891   	230.92   	
8.75e-05   	298.813   	227.335   	
8.755e-05   	299.122   	225.655   	
8.76e-05   	299.151   	221.82   	
8.765e-05   	299.315   	231.681   	
8.77e-05   	299.366   	237.026   	
8.775e-05   	299.565   	243.84   	
8.78e-05   	299.4   	253.775   	
8.785e-05   	299.162   	250.878   	
8.79e-05   	299.506   	246.196   	
8.795e-05   	299.216   	241.727   	
8.8e-05   	299.513   	244.196   	
8.805e-05   	299.22   	259.275   	
8.81e-05   	299.112   	249.075   	
8.815e-05   	299.172   	252.631   	
8.82e-05   	299.086   	265.248   	
8.825e-05   	298.697   	259.233   	
8.83e-05   	298.858   	264.387   	
8.835e-05   	299.032   	252.058   	
8.84e-05   	299.023   	258.063   	
8.845e-05   	298.985   	259.092   	
8.85e-05   	298.755   	253.888   	
8.855e-05   	298.937   	245.751   	
8.86e-05   	299.436   	254.253   	
8.865e-05   	299.479   	256.74   	
8.87e-05   	299.635   	248.354   	
8.875e-05   	299.678   	241.018   	
8.88e-05   	299.531   	234.772   	
8.885e-05   	299.681   	230.4   	
8.89e-05   	299.722   	224.272   	
8.895e-05   	299.846   	231.571   	
8.9e-05   	299.942   	232.28   	
8.905e-05   	300.128   	232.772   	
8.91e-05   	299.991   	234.924   	
8.915e-05   	300.264   	236.65   	
8.92e-05   	300.294   	218.761   	
8.925e-05   	300.472   	215.848   	
8.93e-05   	300.6   	220.073   	
8.935e-05   	300.478   	211.883   	
8.94e-05   	300.654   	211.866   	
8.945e-05   	300.077   	204.311   	
8.95e-05   	300.508   	202.439   	
8.955e-05   	300.411   	206.135   	
8.96e-05   	300.554   	220.442   	
8.965e-05   	300.745   	224.952   	
8.97e-05   	300.78   	235.135   	
8.975e-05   	300.654   	232.171   	
8.98e-05   	300.56   	233.397   	
8.985e-05   	300.473   	230.454   	
8.99e-05   	300.342   	223.906   	
8.995e-05   	299.903   	225.598   	
9e-05   	299.798   	224.768   	
9.005e-05   	299.567   	230.638   	
9.01e-05   	299.873   	226.6   	
9.015e-05   	299.968   	216.525   	
9.02e-05   	299.945   	222.322   	
9.025e-05   	299.691   	217.871   	
9.03e-05   	300.055   	209.374   	
9.035e-05   	299.954   	208.838   	
9.04e-05   	299.576   	200.419   	
9.045e-05   	299.641   	195.216   	
9.05e-05   	299.531   	207.059   	
9.055e-05   	299.52   	212.738   	
9.06e-05   	299.123   	216.465   	
9.065e-05   	299.22   	213.876   	
9.07e-05   	298.994   	209.432   	
9.075e-05   	298.867   	214.549   	
9.08e-05   	298.665   	223.534   	
9.085e-05   	298.465   	204.682   	
9.09e-05   	298.567   	206.959   	
9.095e-05   	298.616   	213.508   	
9.1e-05   	299.14   	225.158   	
9.105e-05   	299.344   	217.101   	
9.11e-05   	299.208   	212.376   	
9.115e-05   	298.981   	217.24   	
9.12e-05   	299.206   	212.381   	
9.125e-05   	299.199   	217.337   	
9.13e-05   	299.236   	216.95   	
9.135e-05   	299.104   	228.049   	
9.14e-05   	299.293   	222.755   	
9.145e-05   	299.346   	222.852   	
9.15e-05   	299.56   	219.603   	
9.155e-05   	299.632   	222.243   	
9.16e-05   	299.56   	229.481   	
9.165e-05   	299.959   	237.501   	
9.17e-05   	299.805   	240.532   	
9.175e-05   	299.706   	227.442   	
9.18e-05   	299.601   	221.253   	
9.185e-05   	299.604   	217.28   	
9.19e-05   	299.71   	209.696   	
9.195e-05   	299.594   	220.388   	
9.2e-05   	299.299   	219.931   	
9.205e-05   	299.431   	215.609   	
9.21e-05   	299.408   	230.432   	
9.215e-05   	299.08   	232.097   	
9.22e-05   	299.207   	234.6   	
9.225e-05   	299.407   	224.689   	
9.23e-05   	299.258   	240.463   	
9.235e-05   	299.383   	239.194   	
9.24e-05   	299.11   	237.382   	
9.245e-05   	299.163   	238.729   	
9.25e-05   	299.571   	239.587   	
9.255e-05   	299.578   	232.661   	
9.26e-05   	299.982   	228.736   	
9.265e-05   	299.914   	225.27   	
9.27e-05   	299.856   	217.494   	
9.275e-05   	299.989   	215.967   	
9.28e-05   	299.902   	218.332   	
9.285e-05   	299.985   	227.111   	
9.29e-05   	300.095   	222.826   	
9.295e-05   	300.477   	220.251   	
9.3e-05   	300.181   	221.341   	
9.305e-05   	300.316   	222.336   	
9.31e-05   	300.598   	204.675   	
9.315e-05   	300.428   	200.56   	
9.32e-05   	300.733   	209.192   	
9.325e-05   	300.653   	207.865   	
9.33e-05   	300.871   	210.494   	
9.335e-05   	300.405   	196.6   	
9.34e-05   	300.623   	199.889   	
9.345e-05   	300.72   	198.44   	
9.35e-05   	300.612   	208.658   	
9.355e-05   	301.1   	204.946   	
9.36e-05   	300.776   	213.587   	
9.365e-05   	301.03   	219.632   	
9.37e-05   	300.6   	222.808   	
9.375e-05   	300.811   	217.239   	
9.38e-05   	300.552   	210.131   	
9.385e-05   	300.073   	215.722   	
9.39e-05   	300.043   	214.051   	
9.395e-05   	299.783   	230.001   	
9.4e-05   	300.043   	225.452   	
9.405e-05   	299.949   	214.819   	
9.41e-05   	300.3   	219.229   	
9.415e-05   	300.284   	212.973   	
9.42e-05   	300.121   	203.504   	
9.425e-05   	299.984   	208.625   	
9.43e-05   	300.005   	210.075   	
9.435e-05   	299.856   	207.878   	
9.44e-05   	299.831   	217.407   	
9.445e-05   	299.617   	225.199   	
9.45e-05   	299.367   	228.789   	
9.455e-05   	299.575   	222.868   	
9.46e-05   	299.171   	215.515   	
9.465e-05   	299.28   	219.221   	
9.47e-05   	298.995   	228.202   	
9.475e-05   	298.816   	223.072   	
9.48e-05   	298.707   	222.906   	
9.485e-05   	298.75   	224.02   	
9.49e-05   	299.147   	229.883   	
9.495e-05   	299.641   	232.463   	
9.5e-05   	299.359   	228.3   	
9.505e-05   	299.394   	235.542   	
9.51e-05   	299.462   	242.68   	
9.515e-05   	299.721   	242.744   	
9.52e-05   	299.385   	237.94   	
9.525e-05   	299.282   	243.395   	
9.53e-05   	299.551   	247.478   	
9.535e-05   	299.661   	243.929   	
9.54e-05   	299.854   	232.209   	
9.545e-05   	299.862   	235.063   	
9.55e-05   	299.949   	243.129   	
9.555e-05   	300.116   	257.836   	
9.56e-05   	300.096   	245.797   	
9.565e-05   	300.1   	244.926   	
9.57e-05   	299.687   	242.737   	
9.575e-05   	299.855   	231.812   	
9.58e-05   	299.914   	230.054   	
9.585e-05   	299.808   	230.92   	
9.59e-05   	299.697   	229.766   	
9.595e-05   	299.631   	228.502   	
9.6e-05   	299.768   	227.146   	
9.605e-05   	299.528   	235.487   	
9.61e-05   	299.403   	231.476   	
9.615e-05   	299.583   	222.063   	
9.62e-05   	299.488   	230.861   	
9.625e-05   	299.583   	234.99   	
9.63e-05   	299.536   	232.678   	
9.635e-05   	299.35   	230.177   	
9.64e-05   	299.787   	221.114   	
9.645e-05   	300.09   	228.725   	
9.65e-05   	300.268   	231.621   	
9.655e-05   	300.428   	231.895   	
9.66e-05   	300.148   	225.859   	
9.665e-05   	300.313   	218.244   	
9.67e-05   	300.128   	219.45   	
9.675e-05   	300.369   	224.912   	
9.68e-05   	300.38   	231.455   	
9.685e-05   	300.586   	229.809   	
9.69e-05   	300.502   	223.379   	
9.695e-05   	300.589   	234.828   	
9.7e-05   	300.683   	228.728   	
9.705e-05   	300.738   	223.361   	
9.71e-05   	301   	221.02   	
9.715e-05   	300.978   	222.828   	
9.72e-05   	301.243   	226.967   	
9.725e-05   	300.884   	214.606   	
9.73e-05   	300.897   	216.357   	
9.735e-05   	301.117   	206.923   	
9.74e-05   	300.986   	209.182   	
9.745e-05   	301.246   	209.848   	
9.75e-05   	301.113   	216.845   	
9.755e-05   	301.482   	228.703   	
9.76e-05   	301.104   	228.591   	
9.765e-05   	301.052   	232.044   	
9.77e-05   	300.944   	230.583   	
9.775e-05   	300.734   	224.033   	
9.78e-05   	300.216   	229.656   	
9.785e-05   	300.103   	237.547   	
9.79e-05   	300.324   	236.011   	
9.795e-05   	300.359   	232.471   	
9.8e-05   	300.471   	230.437   	
9.805e-05   	300.658   	222.8   	
9.81e-05   	300.425   	223.725   	
9.815e-05   	300.33   	218.635   	
9.82e-05   	300.315   	214.936   	
9.825e-05   	300.299   	216.01   	
9.83e-05   	300.122   	226.511   	
9.835e-05   	300.119   	222.076   	
9.84e-05   	299.907   	223.827   	
9.845e-05   	299.745   	224.076   	
9.85e-05   	299.692   	210.526   	
9.855e-05   	299.616   	212.661   	
9.86e-05   	299.585   	220.967   	
9.865e-05   	299.085   	222.515   	
9.87e-05   	299.022   	218.745   	
9.875e-05   	299.081   	216.593   	
9.88e-05   	299.405   	214.476   	
9.885e-05   	299.834   	227.743   	
9.89e-05   	299.741   	230.277   	
9.895e-05   	299.764   	235.048   	
9.9e-05   	299.687   	240.521   	
9.905e-05   	299.923   	243.11   	
9.91e-05   	299.924   	245.722   	
9.915e-05   	299.63   	252.181   	
9.92e-05   	299.837   	258.239   	
9.925e-05   	299.782   	251.741   	
9.93e-05   	300.104   	245.084   	
9.935e-05   	300.075   	242.863   	
9.94e-05   	300.143   	244.83   	
9.945e-05   	300.397   	255.324   	
9.95e-05   	300.417   	242.479   	
9.955e-05   	300.268   	239.253   	
9.96e-05   	299.952   	229.56   	
9.965e-05   	300.313   	218.813   	
9.97e-05   	300.138   	210.422   	
9.975e-05   	300.191   	207.986   	
9.98e-05   	300.033   	211.503   	
9.985e-05   	299.92   	209.159   	
9.99e-05   	300.114   	200.713   	
9.995e-05   	300.033   	215.175   	
0.0001   	299.651   	211.124   	
0.00010005   	299.792   	207.14   	
0.0001001   	299.935   	208.7   	
0.00010015   	299.848   	213.448   	
0.0001002   	299.688   	219.963   	
0.00010025   	299.562   	221.558   	
0.0001003   	299.927   	215.528   	
0.00010035   	300.193   	230.328   	
0.0001004   	300.355   	225.194   	
0.00010045   	300.515   	221.945   	
0.0001005   	300.591   	221.876   	
0.00010055   	300.473   	208.591   	
0.0001006   	300.342   	211.328   	
0.00010065   	300.519   	210.125   	
0.0001007   	300.564   	220.487   	
0.00010075   	300.9   	215.259   	
0.0001008   	300.797   	212.305   	
0.00010085   	300.89   	210.87   	
0.0001009   	300.874   	217.092   	
0.00010095   	300.929   	211.427   	
0.000101   	301.154   	206.319   	
0.00010105   	301.428   	209.466   	
0.0001011   	301.299   	205.02   	
0.00010115   	301.296   	205.556   	
0.0001012   	300.952   	204.393   	
0.00010125   	301.249   	197.035   	
0.0001013   	301.122   	191.506   	
0.00010135   	301.262   	195.461   	
0.0001014   	301.342   	194.118   	
0.00010145   	301.479   	203.873   	
0.0001015   	301.305   	206.102   	
0.00010155   	301.137   	215.534   	
0.0001016   	301.102   	220.05   	
0.00010165   	300.909   	208.594   	
0.0001017   	300.49   	219.273   	
0.00010175   	300.41   	227.923   	
0.0001018   	300.37   	229.087   	
0.00010185   	300.439   	234.647   	
0.0001019   	300.714   	224.848   	
0.00010195   	300.688   	217.135   	
0.000102   	300.433   	216.023   	
0.00010205   	300.467   	211.198   	
0.0001021   	300.511   	214.985   	
0.00010215   	300.27   	204.345   	
0.0001022   	300.382   	210.465   	
0.00010225   	300.132   	209.924   	
0.0001023   	300.158   	206.157   	
0.00010235   	299.903   	208.486   	
0.0001024   	299.88   	210.843   	
0.00010245   	299.896   	207.639   	
0.0001025   	299.587   	219.499   	
0.00010255   	299.324   	221.037   	
0.0001026   	298.98   	217.143   	
0.00010265   	299.289   	220.45   	
0.0001027   	299.371   	211.782   	
0.00010275   	299.908   	226.806   	
0.0001028   	299.855   	226.804   	
0.00010285   	299.876   	234.319   	
0.0001029   	299.801   	236.947   	
0.00010295   	299.969   	239.612   	
0.000103   	300.068   	246.292   	
0.00010305   	299.855   	249.161   	
0.0001031   	299.907   	252.654   	
0.00010315   	299.788   	237.002   	
0.0001032   	300.213   	239.033   	
0.00010325   	300.233   	228.367   	
0.0001033   	300.454   	229.823   	
0.00010335   	300.4   	230.358   	
0.0001034   	300.583   	231.265   	
0.00010345   	300.491   	234.306   	
0.0001035   	300.33   	217.715   	
0.00010355   	300.528   	214.674   	
0.0001036   	300.164   	203.225   	
0.00010365   	300.476   	199.839   	
0.0001037   	300.283   	197.115   	
0.00010375   	300.187   	201.84   	
0.0001038   	300.147   	201.948   	
0.00010385   	300.18   	211.419   	
0.0001039   	299.652   	205.873   	
0.00010395   	299.906   	197.38   	
0.000104   	299.948   	209.758   	
0.00010405   	299.992   	223.174   	
0.0001041   	300.014   	227.719   	
0.00010415   	299.709   	221.035   	
0.0001042   	299.905   	216.426   	
0.00010425   	300.344   	226.673   	
0.0001043   	300.361   	225.524   	
0.00010435   	300.639   	232.676   	
0.0001044   	300.567   	235.048   	
0.00010445   	300.54   	220.565   	
0.0001045   	300.667   	215.388   	
0.00010455   	300.623   	215.601   	
0.0001046   	300.775   	224.995   	
0.00010465   	300.831   	228.601   	
0.0001047   	301.143   	223.512   	
0.00010475   	300.883   	216.298   	
0.0001048   	301.196   	226.509   	
0.00010485   	301.262   	223.216   	
0.0001049   	301.32   	215.6   	
0.00010495   	301.401   	220.938   	
0.000105   	301.353   	215.319   	
0.00010505   	301.553   	215.491   	
0.0001051   	301.007   	218.468   	
0.00010515   	301.411   	209.771   	
0.0001052   	301.369   	199.883   	
0.00010525   	301.398   	194.717   	
0.0001053   	301.787   	189.99   	
0.00010535   	301.645   	199.657   	
0.0001054   	301.571   	200.626   	
0.00010545   	301.346   	212.587   	
0.0001055   	301.258   	219.975   	
0.00010555   	301.263   	206.976   	
0.0001056   	300.769   	216.642   	
0.00010565   	300.695   	225.2   	
0.0001057   	300.338   	232.598   	
0.00010575   	300.692   	242.372   	
0.0001058   	300.736   	231.751   	
0.00010585   	300.862   	225.375   	
0.0001059   	300.697   	228.956   	
0.00010595   	300.914   	219.835   	
0.000106   	300.743   	228.362   	
0.00010605   	300.54   	230.453   	
0.0001061   	300.545   	223.16   	
0.00010615   	300.485   	229.598   	
0.0001062   	300.261   	231.282   	
0.00010625   	299.909   	228.639   	
0.0001063   	300.157   	233.531   	
0.00010635   	299.85   	225.681   	
0.0001064   	299.886   	229.688   	
0.00010645   	299.667   	241.071   	
0.0001065   	299.423   	226.301   	
0.00010655   	299.428   	234.128   	
0.0001066   	299.497   	236.237   	
0.00010665   	300.063   	249.425   	
0.0001067   	300.325   	246.433   	
0.00010675   	300.046   	247.004   	
0.0001068   	299.921   	251.977   	
0.00010685   	300.136   	248.803   	
0.0001069   	300.222   	255.999   	
0.00010695   	300.162   	258.678   	
0.000107   	300.077   	270.752   	
0.00010705   	300.257   	258.544   	
0.0001071   	300.276   	256.342   	
0.00010715   	300.492   	259.489   	
0.0001072   	300.585   	264.061   	
0.00010725   	300.557   	270.087   	
0.0001073   	300.841   	270.343   	
0.00010735   	300.751   	270.36   	
0.0001074   	300.725   	246.55   	
0.00010745   	300.54   	237.369   	
0.0001075   	300.585   	228.137   	
0.00010755   	300.613   	214.974   	
0.0001076   	300.472   	210.911   	
0.00010765   	300.272   	215.768   	
0.0001077   	300.478   	229.983   	
0.00010775   	300.343   	233.104   	
0.0001078   	300.16   	237.266   	
0.00010785   	300.176   	233.74   	
0.0001079   	300.485   	228.987   	
0.00010795   	300.226   	240.423   	
0.000108   	300.303   	244.04   	
0.00010805   	300.126   	237.517   	
0.0001081   	300.133   	238.46   	
0.00010815   	300.515   	235.888   	
0.0001082   	300.685   	239.623   	
0.00010825   	301.072   	256.417   	
0.0001083   	301.021   	269.824   	
0.00010835   	300.865   	258.827   	
0.0001084   	301.041   	245.419   	
0.00010845   	300.899   	249.449   	
0.0001085   	300.986   	247.644   	
0.00010855   	301.113   	243.147   	
0.0001086   	301.322   	245.998   	
0.00010865   	301.223   	236.894   	
0.0001087   	301.354   	240.141   	
0.00010875   	301.607   	237.769   	
0.0001088   	301.395   	241.334   	
0.00010885   	301.803   	246.441   	
0.0001089   	301.65   	238.261   	
0.00010895   	301.878   	229.977   	
0.000109   	301.485   	230.326   	
0.00010905   	301.666   	222.765   	
0.0001091   	301.757   	218.2   	
0.00010915   	301.705   	202.345   	
0.0001092   	302.063   	192.09   	
0.00010925   	301.848   	197.697   	
0.0001093   	302.161   	202.719   	
0.00010935   	301.666   	211.571   	
0.0001094   	301.727   	217.56   	
0.00010945   	301.509   	214.194   	
0.0001095   	301.165   	219.543   	
0.00010955   	300.986   	235.238   	
0.0001096   	300.896   	249.759   	
0.00010965   	301.109   	265.457   	
0.0001097   	301.077   	255.099   	
0.00010975   	301.143   	250.192   	
0.0001098   	301.304   	249.058   	
0.00010985   	301.08   	248.714   	
0.0001099   	301.082   	253.733   	
0.00010995   	300.896   	256.479   	
0.00011   	300.892   	252.513   	
0.00011005   	300.898   	251.418   	
0.0001101   	300.633   	251.322   	
0.00011015   	300.501   	249.696   	
0.0001102   	300.59   	245.616   	
0.00011025   	300.298   	236.828   	
0.0001103   	300.351   	243.738   	
0.00011035   	300.114   	258.277   	
0.0001104   	299.858   	247.315   	
0.00011045   	299.777   	241.315   	
0.0001105   	299.861   	251.088   	
0.00011055   	300.182   	255.666   	
0.0001106   	300.824   	258.815   	
0.00011065   	300.465   	250.828   	
0.0001107   	300.463   	265.013   	
0.00011075   	300.552   	262.432   	
0.0001108   	300.765   	267.289   	
0.00011085   	300.446   	274.044   	
0.0001109   	300.439   	285.687   	
0.00011095   	300.627   	275.283   	
0.000111   	300.751   	277.432   	
0.00011105   	300.921   	275.313   	
0.0001111   	301.012   	279.32   	
0.00011115   	301.01   	284.724   	
0.0001112   	301.23   	285.848   	
0.00011125   	301.212   	277.393   	
0.0001113   	301.236   	268.283   	
0.00011135   	300.797   	251.725   	
0.0001114   	301.051   	245.167   	
0.00011145   	301.064   	233.214   	
0.0001115   	301.027   	227.475   	
0.00011155   	300.76   	230.336   	
0.0001116   	300.682   	237.848   	
0.00011165   	300.934   	230.044   	
0.0001117   	300.765   	235.117   	
0.00011175   	300.652   	233.78   	
0.0001118   	300.706   	235.829   	
0.00011185   	300.74   	246.95   	
0.0001119   	300.67   	261.488   	
0.00011195   	300.585   	252.562   	
0.000112   	300.463   	254.341   	
0.00011205   	300.99   	247.677   	
0.0001121   	301.219   	259.634   	
0.00011215   	301.389   	269.426   	
0.0001122   	301.557   	285.22   	
0.00011225   	301.284   	276.273   	
0.0001123   	301.463   	262.737   	
0.00011235   	301.383   	254.885   	
0.0001124   	301.602   	247.226   	
0.00011245   	301.551   	254.505   	
0.0001125   	301.867   	256.087   	
0.00011255   	301.609   	237.677   	
0.0001126   	301.728   	244.591   	
0.00011265   	301.873   	249.281   	
0.0001127   	301.965   	254.602   	
0.00011275   	302.121   	250.608   	
0.0001128   	302.129   	241.846   	
0.00011285   	302.382   	233.987   	
0.0001129   	302.086   	241.484   	
0.00011295   	302.079   	242.049   	
0.000113   	302.356   	235.542   	
0.00011305   	302.294   	222.57   	
0.0001131   	302.461   	209.773   	
0.00011315   	302.366   	205.91   	
0.0001132   	302.681   	216.989   	
0.00011325   	302.408   	225.095   	
0.0001133   	302.28   	231.276   	
0.00011335   	302.05   	236.949   	
0.0001134   	301.831   	248.184   	
0.00011345   	301.482   	260.27   	
0.0001135   	301.368   	267.828   	
0.00011355   	301.44   	277.606   	
0.0001136   	301.538   	285.639   	
0.00011365   	301.791   	289.784   	
0.0001137   	301.819   	286.492   	
0.00011375   	301.677   	287.933   	
0.0001138   	301.613   	293.101   	
0.00011385   	301.57   	304.476   	
0.0001139   	301.54   	287.33   	
0.00011395   	301.422   	291.955   	
0.000114   	301.358   	289.789   	
0.00011405   	301.193   	292.032   	
0.0001141   	301.037   	282.435   	
0.00011415   	300.974   	278.447   	
0.0001142   	300.878   	280.125   	
0.00011425   	300.901   	285.671   	
0.0001143   	300.444   	273.863   	
0.00011435   	300.31   	270.431   	
0.0001144   	300.381   	280.03   	
0.00011445   	300.736   	274.869   	
0.0001145   	301.223   	283.213   	
0.00011455   	301.107   	273.581   	
0.0001146   	301.151   	278.02   	
0.00011465   	301.155   	279   	
0.0001147   	301.26   	292.84   	
0.00011475   	301.362   	283.375   	
0.0001148   	301.166   	295.609   	
0.00011485   	301.239   	289.625   	
0.0001149   	301.226   	280.791   	
0.00011495   	301.467   	282.607   	
0.000115   	301.526   	270.725   	
0.00011505   	301.694   	275.739   	
0.0001151   	301.834   	278.046   	
0.00011515   	301.838   	280.085   	
0.0001152   	301.653   	281.965   	
0.00011525   	301.505   	258.854   	
0.0001153   	301.88   	246.539   	
0.00011535   	301.535   	233.121   	
0.0001154   	301.745   	230.949   	
0.00011545   	301.494   	226.523   	
0.0001155   	301.431   	239.883   	
0.00011555   	301.593   	236.807   	
0.0001156   	301.486   	243.979   	
0.00011565   	301.131   	245.02   	
0.0001157   	301.237   	239.415   	
0.00011575   	301.406   	248.471   	
0.0001158   	301.276   	258.431   	
0.00011585   	301.202   	259.435   	
0.0001159   	301.095   	255.206   	
0.00011595   	301.455   	259.438   	
0.000116   	301.767   	264.465   	
0.00011605   	301.974   	259.613   	
0.0001161   	302.071   	262.46   	
0.00011615   	302.145   	266.049   	
0.0001162   	301.945   	265.141   	
0.00011625   	302.054   	253.014   	
0.0001163   	302.062   	253.141   	
0.00011635   	302.212   	258.523   	
0.0001164   	302.504   	268.56   	
0.00011645   	302.451   	262.282   	
0.0001165   	302.438   	255.116   	
0.00011655   	302.525   	267.514   	
0.0001166   	302.627   	273.062   	
0.00011665   	302.824   	265.57   	
0.0001167   	303.05   	267.955   	
0.00011675   	302.869   	268.108   	
0.0001168   	302.983   	268.433   	
0.00011685   	302.603   	278.794   	
0.0001169   	302.976   	267.706   	
0.00011695   	302.791   	250.889   	
0.000117   	302.931   	241.576   	
0.00011705   	303.126   	233.749   	
0.0001171   	303.195   	238.713   	
0.00011715   	303.103   	245.689   	
0.0001172   	302.983   	259.474   	
0.00011725   	302.804   	269.759   	
0.0001173   	302.714   	258.779   	
0.00011735   	302.288   	273.824   	
0.0001174   	302.241   	272.266   	
0.00011745   	302.101   	278.258   	
0.0001175   	302.277   	304.955   	
0.00011755   	302.501   	309.154   	
0.0001176   	302.497   	307.65   	
0.00011765   	302.294   	304.571   	
0.0001177   	302.38   	312.294   	
0.00011775   	302.401   	316.185   	
0.0001178   	302.149   	306.861   	
0.00011785   	302.295   	300.197   	
0.0001179   	302.064   	293.357   	
0.00011795   	302.07   	303.836   	
0.000118   	301.836   	297.622   	
0.00011805   	301.899   	292.749   	
0.0001181   	301.78   	283.965   	
0.00011815   	301.529   	288.121   	
0.0001182   	301.25   	276.798   	
0.00011825   	301.022   	271.105   	
0.0001183   	301.232   	273.692   	
0.00011835   	301.283   	277.186   	
0.0001184   	301.924   	285.794   	
0.00011845   	302.019   	275.392   	
0.0001185   	301.966   	278.416   	
0.00011855   	301.759   	273.991   	
0.0001186   	302.072   	287.706   	
0.00011865   	302.075   	290.058   	
0.0001187   	301.965   	294.762   	
0.00011875   	301.997   	292.038   	
0.0001188   	301.921   	284.92   	
0.00011885   	302.237   	274.299   	
0.0001189   	302.289   	277.763   	
0.00011895   	302.518   	276.41   	
0.000119   	302.5   	274.119   	
0.00011905   	302.794   	274.792   	
0.0001191   	302.625   	276.473   	
0.00011915   	302.537   	267.207   	
0.0001192   	302.538   	255.844   	
0.00011925   	302.352   	252.209   	
0.0001193   	302.588   	258.283   	
0.00011935   	302.467   	241.804   	
0.0001194   	302.228   	262.029   	
0.00011945   	302.345   	262.158   	
0.0001195   	302.417   	264.388   	
0.00011955   	301.884   	263.924   	
0.0001196   	302.062   	262.56   	
0.00011965   	302.236   	274.948   	
0.0001197   	302.227   	270.833   	
0.00011975   	302.238   	272.384   	
0.0001198   	301.95   	269.548   	
0.00011985   	302.153   	274.833   	
0.0001199   	302.577   	269.406   	
0.00011995   	302.534   	258.999   	
0.00012   	302.864   	267.563   	
0.00012005   	302.776   	281.526   	
0.0001201   	302.794   	277.857   	
0.00012015   	302.836   	275.774   	
0.0001202   	302.84   	263.894   	
0.00012025   	302.982   	259.704   	
0.0001203   	303.113   	270.035   	
0.00012035   	303.456   	277.484   	
0.0001204   	303.147   	267.197   	
0.00012045   	303.493   	275.58   	
0.0001205   	303.527   	288.104   	
0.00012055   	303.545   	286.399   	
0.0001206   	303.706   	289.08   	
0.00012065   	303.732   	282.76   	
0.0001207   	303.784   	284.41   	
0.00012075   	303.378   	295.24   	
0.0001208   	303.783   	293.822   	
0.00012085   	303.797   	284.442   	
0.0001209   	303.751   	267.255   	
0.00012095   	304.227   	262.581   	
0.000121   	304.015   	264.261   	
0.00012105   	304.015   	270.146   	
0.0001211   	303.776   	290.174   	
0.00012115   	303.732   	292.573   	
0.0001212   	303.69   	292.944   	
0.00012125   	303.244   	302.482   	
0.0001213   	303.139   	298.905   	
0.00012135   	302.851   	298.701   	
0.0001214   	303.192   	321.742   	
0.00012145   	303.193   	330.42   	
0.0001215   	303.464   	335.458   	
0.00012155   	303.287   	330.627   	
0.0001216   	303.454   	331.125   	
0.00012165   	303.362   	338.614   	
0.0001217   	303.179   	340.36   	
0.00012175   	303.077   	331.08   	
0.0001218   	303.089   	332.262   	
0.00012185   	302.955   	347.27   	
0.0001219   	302.521   	332.883   	
0.00012195   	302.815   	331.843   	
0.000122   	302.484   	318.002   	
0.00012205   	302.654   	324.759   	
0.0001221   	302.359   	328.376   	
0.00012215   	302.241   	315.726   	
0.0001222   	302.251   	325.93   	
0.00012225   	302.205   	316.56   	
0.0001223   	302.732   	322.504   	
0.00012235   	303.029   	320.784   	
0.0001224   	302.782   	323.175   	
0.00012245   	302.785   	312.579   	
0.0001225   	302.98   	327.262   	
0.00012255   	303.087   	329.507   	
0.0001226   	302.978   	341.127   	
0.00012265   	302.864   	320.918   	
0.0001227   	303.147   	320.582   	
0.00012275   	303.029   	318.137   	
0.0001228   	303.315   	315.491   	
0.00012285   	303.353   	316.275   	
0.0001229   	303.499   	312.35   	
0.00012295   	303.693   	309.63   	
0.000123   	303.674   	315.849   	
0.00012305   	303.642   	319.97   	
0.0001231   	303.361   	300.209   	
0.00012315   	303.446   	296.955   	
0.0001232   	303.521   	307.957   	
0.00012325   	303.375   	301.175   	
0.0001233   	303.214   	303.827   	
0.00012335   	303.448   	312.247   	
0.0001234   	303.443   	314.716   	
0.00012345   	303.192   	312.119   	
0.0001235   	303.116   	305.365   	
0.00012355   	303.396   	305.67   	
0.0001236   	303.188   	298.179   	
0.00012365   	303.386   	311.27   	
0.0001237   	303.21   	296.805   	
0.00012375   	303.166   	307.799   	
0.0001238   	303.573   	304.026   	
0.00012385   	303.82   	293.877   	
0.0001239   	304.118   	288.693   	
0.00012395   	304.145   	314.631   	
0.000124   	304.033   	301.714   	
0.00012405   	304.193   	298.735   	
0.0001241   	303.964   	289.074   	
0.00012415   	304.116   	278.953   	
0.0001242   	304.244   	281.342   	
0.00012425   	304.51   	282.888   	
0.0001243   	304.308   	272.259   	
0.00012435   	304.43   	273.025   	
0.0001244   	304.661   	283.684   	
0.00012445   	304.639   	294.035   	
0.0001245   	304.898   	289.864   	
0.00012455   	304.819   	287.489   	
0.0001246   	305.062   	294.779   	
0.00012465   	304.616   	302.962   	
0.0001247   	304.731   	298.261   	
0.00012475   	304.953   	283.728   	
0.0001248   	304.981   	271.734   	
0.00012485   	305.165   	268.484   	
0.0001249   	305.069   	268.62   	
0.00012495   	305.403   	278.61   	
0.000125   	304.937   	294.455   	
0.00012505   	305.033   	284.643   	
0.0001251   	304.878   	280.235   	
0.00012515   	304.505   	281.143   	
0.0001252   	304.24   	281.321   	
0.00012525   	304.102   	277.479   	
0.0001253   	304.418   	301.132   	
0.00012535   	304.385   	306.497   	
0.0001254   	304.466   	300.809   	
0.00012545   	304.662   	297.677   	
0.0001255   	304.459   	304.015   	
0.00012555   	304.448   	312.731   	
0.0001256   	304.277   	320.443   	
0.00012565   	304.291   	311.555   	
0.0001257   	304.239   	315.797   	
0.00012575   	304.059   	325.888   	
0.0001258   	304.001   	322.376   	
0.00012585   	303.878   	331.246   	
0.0001259   	303.744   	326.215   	
0.00012595   	303.795   	316.509   	
0.000126   	303.603   	314.955   	
0.00012605   	303.354   	301.194   	
0.0001261   	303.167   	309.437   	
0.00012615   	303.35   	314.96   	
0.0001262   	303.626   	317.109   	
0.00012625   	304.211   	320.688   	
0.0001263   	303.911   	318.888   	
0.00012635   	303.946   	311.569   	
0.0001264   	303.911   	322.115   	
0.00012645   	304.194   	331.811   	
0.0001265   	304.002   	333.49   	
0.00012655   	303.972   	334.463   	
0.0001266   	304.145   	338.634   	
0.00012665   	304.204   	324.678   	
0.0001267   	304.354   	319.95   	
0.00012675   	304.397   	325.294   	
0.0001268   	304.464   	329.115   	
0.00012685   	304.828   	334.058   	
0.0001269   	304.756   	336.136   	
0.00012695   	304.725   	345.525   	
0.000127   	304.383   	332.646   	
0.00012705   	304.686   	336.221   	
0.0001271   	304.572   	330.224   	
0.00012715   	304.614   	326.73   	
0.0001272   	304.369   	324.652   	
0.00012725   	304.263   	336.98   	
0.0001273   	304.516   	326.29   	
0.00012735   	304.484   	318.108   	
0.0001274   	304.224   	314.54   	
0.00012745   	304.3   	316.027   	
0.0001275   	304.329   	303.182   	
0.00012755   	304.365   	307.589   	
0.0001276   	304.252   	297.179   	
0.00012765   	304.08   	302.972   	
0.0001277   	304.585   	307.117   	
0.00012775   	304.725   	301.352   	
0.0001278   	305.055   	297.581   	
0.00012785   	305.188   	321.471   	
0.0001279   	305.083   	320.28   	
0.00012795   	305.116   	321.907   	
0.000128   	305.053   	311.888   	
0.00012805   	305.245   	304.667   	
0.0001281   	305.244   	314.328   	
0.00012815   	305.577   	307.762   	
0.0001282   	305.433   	312.892   	
0.00012825   	305.439   	310.293   	
0.0001283   	305.528   	310.185   	
0.00012835   	305.574   	327.848   	
0.0001284   	305.848   	304.004   	
0.00012845   	305.945   	311.336   	
0.0001285   	306.075   	323.227   	
0.00012855   	305.933   	328.386   	
0.0001286   	305.812   	331.093   	
0.00012865   	306.143   	319.414   	
0.0001287   	306.022   	315.52   	
0.00012875   	306.159   	308.081   	
0.0001288   	306.071   	314.667   	
0.00012885   	306.385   	324.175   	
0.0001289   	306.129   	324.598   	
0.00012895   	306.055   	327.681   	
0.000129   	305.939   	320.429   	
0.00012905   	305.724   	325.134   	
0.0001291   	305.277   	330.352   	
0.00012915   	305.264   	317.111   	
0.0001292   	305.36   	326.46   	
0.00012925   	305.515   	340.057   	
0.0001293   	305.698   	342.918   	
0.00012935   	305.688   	349.772   	
0.0001294   	305.522   	358.895   	
0.00012945   	305.591   	360.431   	
0.0001295   	305.527   	366.731   	
0.00012955   	305.37   	357.715   	
0.0001296   	305.426   	350.635   	
0.00012965   	305.346   	356.294   	
0.0001297   	305.104   	362.789   	
0.00012975   	305.036   	359.263   	
0.0001298   	304.902   	359.763   	
0.00012985   	304.971   	348.466   	
0.0001299   	304.816   	349.3   	
0.00012995   	304.48   	338.047   	
0.00013   	304.319   	343.476   	
0.00013005   	304.433   	348.892   	
0.0001301   	304.819   	356.436   	
0.00013015   	305.234   	355.053   	
0.0001302   	305.141   	350.475   	
0.00013025   	305.22   	354.083   	
0.0001303   	305.146   	354.189   	
0.00013035   	305.282   	360.924   	
0.0001304   	305.436   	352.502   	
0.00013045   	305.239   	375.373   	
0.0001305   	305.335   	388.165   	
0.00013055   	305.239   	377.745   	
0.0001306   	305.629   	375.062   	
0.00013065   	305.594   	377.53   	
0.0001307   	305.752   	380.36   	
0.00013075   	305.96   	387.18   	
0.0001308   	306.027   	390.787   	
0.00013085   	305.864   	394.702   	
0.0001309   	305.686   	386.153   	
0.00013095   	306.018   	386.721   	
0.000131   	305.737   	382.944   	
0.00013105   	306.011   	375.288   	
0.0001311   	305.683   	366.846   	
0.00013115   	305.662   	376.109   	
0.0001312   	305.795   	374.947   	
0.00013125   	305.709   	364.557   	
0.0001313   	305.291   	363.423   	
0.00013135   	305.516   	355.455   	
0.0001314   	305.698   	357.184   	
0.00013145   	305.626   	345.924   	
0.0001315   	305.563   	346.32   	
0.00013155   	305.368   	333.843   	
0.0001316   	305.683   	346.701   	
0.00013165   	306.098   	349.184   	
0.0001317   	306.288   	339.813   	
0.00013175   	306.381   	342.48   	
0.0001318   	306.426   	358.915   	
0.00013185   	306.292   	345.822   	
0.0001319   	306.421   	350.563   	
0.00013195   	306.364   	336.688   	
0.000132   	306.604   	344.218   	
0.00013205   	306.796   	342.359   	
0.0001321   	306.872   	349.842   	
0.00013215   	306.752   	335.275   	
0.0001322   	306.903   	334.783   	
0.00013225   	307.076   	357.469   	
0.0001323   	307.252   	348.779   	
0.00013235   	307.518   	348.68   	
0.0001324   	307.272   	360.851   	
0.00013245   	307.475   	365.883   	
0.0001325   	307.017   	376.434   	
0.00013255   	307.454   	368.091   	
0.0001326   	307.271   	361.036   	
0.00013265   	307.405   	359.126   	
0.0001327   	307.625   	355.327   	
0.00013275   	307.747   	357.179   	
0.0001328   	307.574   	364.648   	
0.00013285   	307.523   	375.29   	
0.0001329   	307.44   	368.749   	
0.00013295   	307.263   	361.85   	
0.000133   	306.858   	371.817   	
0.00013305   	306.766   	361.679   	
0.0001331   	306.618   	353.381   	
0.00013315   	306.923   	371.413   	
0.0001332   	307.03   	378.85   	
0.00013325   	307.082   	379.361   	
0.0001333   	306.782   	396.513   	
0.00013335   	307.029   	401.685   	
0.0001334   	307.112   	401.879   	
0.00013345   	306.728   	395.728   	
0.0001335   	306.912   	393.205   	
0.00013355   	306.695   	393.914   	
0.0001336   	306.648   	403.947   	
0.00013365   	306.503   	382.924   	
0.0001337   	306.523   	389.261   	
0.00013375   	306.344   	389.118   	
0.0001338   	306.194   	381.605   	
0.00013385   	305.955   	385.964   	
0.0001339   	305.755   	379.719   	
0.00013395   	305.88   	387.987   	
0.000134   	305.966   	407.195   	
0.00013405   	306.574   	403.112   	
0.0001341   	306.743   	405.211   	
0.00013415   	306.629   	411.379   	
0.0001342   	306.49   	406.477   	
0.00013425   	306.773   	412.893   	
0.0001343   	306.783   	410.087   	
0.00013435   	306.78   	431.069   	
0.0001344   	306.683   	424.173   	
0.00013445   	306.795   	438.816   	
0.0001345   	306.972   	426.642   	
0.00013455   	307.096   	440.276   	
0.0001346   	307.265   	453.671   	
0.00013465   	307.334   	460.291   	
0.0001347   	307.621   	452.226   	
0.00013475   	307.457   	464.989   	
0.0001348   	307.451   	468.25   	
0.00013485   	307.353   	472.606   	
0.0001349   	307.381   	466.135   	
0.00013495   	307.541   	458.456   	
0.000135   	307.409   	438.557   	
0.00013505   	307.194   	455.917   	
0.0001351   	307.249   	450.479   	
0.00013515   	307.419   	450.98   	
0.0001352   	306.924   	451.455   	
0.00013525   	307.218   	437.539   	
0.0001353   	307.363   	443.469   	
0.00013535   	307.201   	416.811   	
0.0001354   	307.291   	425.737   	
0.00013545   	307.084   	403.681   	
0.0001355   	307.207   	415.665   	
0.00013555   	307.576   	430.588   	
0.0001356   	307.608   	427.562   	
0.00013565   	308.015   	422.325   	
0.0001357   	307.981   	444.431   	
0.00013575   	307.915   	427.304   	
0.0001358   	308.156   	434.048   	
0.00013585   	308.064   	417.483   	
0.0001359   	308.165   	404.663   	
0.00013595   	308.288   	404.308   	
0.000136   	308.726   	409.361   	
0.00013605   	308.468   	400.137   	
0.0001361   	308.678   	391.648   	
0.00013615   	308.844   	407.392   	
0.0001362   	308.808   	412.006   	
0.00013625   	309.057   	405.66   	
0.0001363   	309.012   	404.237   	
0.00013635   	309.125   	408.748   	
0.0001364   	308.734   	433.108   	
0.00013645   	309.023   	416.424   	
0.0001365   	309.205   	416.985   	
0.00013655   	309.118   	405.998   	
0.0001366   	309.527   	411.601   	
0.00013665   	309.321   	407.241   	
0.0001367   	309.413   	405.948   	
0.00013675   	309.121   	421.306   	
0.0001368   	309.173   	420.213   	
0.00013685   	309.093   	410.488   	
0.0001369   	308.641   	403.187   	
0.00013695   	308.566   	408.058   	
0.000137   	308.364   	388.035   	
0.00013705   	308.623   	405.473   	
0.0001371   	308.583   	421.351   	
0.00013715   	308.901   	426.973   	
0.0001372   	308.809   	427.928   	
0.00013725   	308.883   	440.562   	
0.0001373   	308.76   	447.88   	
0.00013735   	308.626   	443.948   	
0.0001374   	308.539   	440.356   	
0.00013745   	308.542   	441.721   	
0.0001375   	308.436   	456.072   	
0.00013755   	308.147   	443.034   	
0.0001376   	308.409   	447.644   	
0.00013765   	307.973   	445.244   	
0.0001377   	308.168   	438.331   	
0.00013775   	307.872   	440.363   	
0.0001378   	307.712   	439.037   	
0.00013785   	307.712   	441.592   	
0.0001379   	307.725   	457.537   	
0.00013795   	308.115   	457.546   	
0.000138   	308.575   	453.808   	
0.00013805   	308.396   	460.583   	
0.0001381   	308.422   	442.34   	
0.00013815   	308.529   	450   	
0.0001382   	308.743   	457.166   	
0.00013825   	308.476   	453.629   	
0.0001383   	308.378   	452.513   	
0.00013835   	308.692   	478.848   	
0.0001384   	308.709   	476.511   	
0.00013845   	308.994   	476.229   	
0.0001385   	308.991   	490.204   	
0.00013855   	309.126   	496.157   	
0.0001386   	309.332   	490.48   	
0.00013865   	309.377   	514.686   	
0.0001387   	309.308   	517.402   	
0.00013875   	308.956   	514.942   	
0.0001388   	309.127   	507.887   	
0.00013885   	309.122   	524.283   	
0.0001389   	309.061   	509.904   	
0.00013895   	309.076   	529.234   	
0.000139   	309.121   	534.316   	
0.00013905   	309.181   	534.276   	
0.0001391   	308.934   	530.095   	
0.00013915   	308.902   	508.63   	
0.0001392   	309.102   	516.426   	
0.00013925   	309.008   	498.619   	
0.0001393   	309.164   	504.359   	
0.00013935   	309.038   	486.17   	
0.0001394   	309.041   	498.543   	
0.00013945   	309.354   	516.208   	
0.0001395   	309.685   	517.464   	
0.00013955   	310.006   	507.576   	
0.0001396   	310.075   	524.612   	
0.00013965   	309.838   	520.58   	
0.0001397   	310.06   	511.809   	
0.00013975   	309.86   	496.017   	
0.0001398   	310.112   	493.42   	
0.00013985   	310.201   	478.314   	
0.0001399   	310.504   	473.827   	
0.00013995   	310.386   	473.082   	
0.00014   	310.453   	465.91   	
0.00014005   	310.562   	470.813   	
0.0001401   	310.729   	485.824   	
0.00014015   	310.92   	481.377   	
0.0001402   	310.903   	489.291   	
0.00014025   	311.203   	492.702   	
0.0001403   	310.783   	515.707   	
0.00014035   	310.916   	510.475   	
0.0001404   	311.168   	509.075   	
0.00014045   	311.081   	500.234   	
0.0001405   	311.329   	500.424   	
